,0,1,2,3,4,5,6,7,8,9,10,11,12
0,1291.3911968,8.0433120728,0.8562461137999999,0.8605276942,0.8637390733,2.5017626286000003,47.170436859,0.4812406653228507,0.0,147.7964325,40.769947052,0.0,65000.0
1,1291.5431968,8.0436487198,0.8455023765999999,0.8499919772,0.857455194,2.5016627312,46.910667419,0.4812406545140233,0.0,148.06510925,40.611083984000004,0.0,65000.0
2,1291.6951968,8.0440473557,0.8360693455,0.8399642706,0.8511356115,2.5015630722,47.348251343,0.4812406533275347,0.0,147.76832581,40.518947601,0.0,65000.0
3,1291.8471968000001,8.0444097519,0.8278623818999999,0.8312016129,0.8447886705,2.5014631748,47.696475983,0.4812406800538028,0.0,147.59385681,40.533920288000004,0.0,65000.0
4,1291.9991968,8.0447454453,0.8198819159999999,0.8233234881999999,0.8381419182,2.5013635159,48.232124328999994,0.48124064637235003,0.0,148.01895142,40.554470062,0.0,65000.0
5,1292.1511968,8.045108795199999,0.8119048476,0.8154413104000001,0.8299899696999999,2.5012638569,48.96036148100001,0.48124072543016344,0.0,148.46089172,40.711902618,0.0,65000.0
6,1292.3031968,8.0454435349,0.8039244413,0.8075613976,0.8203146458,2.5011639595,48.876152039,0.48124077200930065,0.0,149.27406311,40.82151413,0.0,65000.0
7,1292.4551968,8.0458421707,0.7967039347,0.7996832728000001,0.8110336660999999,2.5011000633,47.959934235,0.48124089637154016,0.0,150.87431335,40.775936127,0.0,65000.0
8,1292.6071968,8.0462064743,0.7934917212,0.7942813634999999,0.8049335479999999,2.5011000633,46.82087326,0.4812410478757407,0.0,153.22993469,40.690898895,0.0,65000.0
9,1292.7591968,8.0465402603,0.8020225167,0.7975635529,0.8037243485,2.5011000633,45.901260376,0.48124114321835815,0.0,155.16706848,40.616615295,0.0,65000.0
10,1292.9111968,8.0469045639,0.8132392168000001,0.8086403012000001,0.8038881420999999,2.5011348724,45.349395752,0.48124122132808683,0.0,155.81755066,40.58776474,0.0,65000.0
11,1293.0631968,8.0472383499,0.8242121935,0.8196321726000001,0.8090547919,2.5011999606999997,44.810203552,0.4812411850638988,0.0,154.97071838,40.569812775,0.0,65000.0
12,1293.2151968,8.0476369858,0.8344371319,0.8300368786,0.8218730688,2.5011999606999997,44.201522827,0.4812410785961779,0.0,152.87449646,40.573925018000004,0.0,65000.0
13,1293.3671968,8.0478315353,0.8444125056,0.8404445051999999,0.8354960084,2.5011999606999997,44.538036346000005,0.48124088726181896,0.0,149.78701782,40.582927704,0.0,65000.0
14,1293.5191968000001,8.0472946167,0.8558608294,0.8512526751,0.8460932374,2.5012338161,45.765640258999994,0.4812407574140829,0.0,147.36872864,40.641857146999996,0.0,65000.0
15,1293.6711968,8.0459632874,0.8567922115000001,0.8576611876000001,0.8500682116,2.5013334751,47.021419525,0.48124070814060044,0.0,146.60905457,40.656112671,0.0,65000.0
16,1293.8231968,8.044367790199999,0.8435374498,0.8503093123000001,0.8462074398999999,2.5014331341,48.19979858399999,0.481240748761701,0.0,147.36434937,40.555767059000004,0.0,65000.0
17,1293.9751968,8.042804718,0.8251182437000001,0.8331953883,0.8330113292,2.5015330315,49.103187561000006,0.4812408177166791,0.0,148.6723938,40.324192047,0.0,65000.0
18,1294.1271968,8.0412750244,0.8119944334,0.8170639873000001,0.8243949412999999,2.5016326904,49.384307861,0.48124086123935567,0.0,149.33036804,40.249088287,0.0,65000.0
19,1294.2791968000001,8.0396795273,0.803922832,0.8071886301000001,0.8266910315,2.5017325878,49.682476044,0.4812408639223633,0.0,149.71226501,40.418449402,0.0,65000.0
20,1294.4311968,8.0381155014,0.8135595322,0.8075045346999999,0.8328458667,2.5018322468000003,49.60356521600001,0.4812409210107245,0.0,150.25880432,40.407138824,0.0,65000.0
21,1294.5831968,8.0365867615,0.8273598552,0.821936965,0.8409976362999999,2.5019321442,49.103191376000005,0.4812409256685895,0.0,150.21234131,40.281520844,0.0,65000.0
22,1294.7351968,8.0349912643,0.818798542,0.8253275752,0.8433528543000001,2.5020318031,48.168041228999996,0.48124091571465816,0.0,149.45281982,40.33228302,0.0,65000.0
23,1294.8871968,8.0334272385,0.7989869714,0.8072084187999999,0.8300084472,2.5021314621,46.779949188,0.4812409009240604,0.0,148.99584961,40.507835388000004,0.0,65000.0
24,1295.0391968000001,8.03236866,0.7837384939,0.7888990045000001,0.8091983198999999,2.5021998882,45.74893951399999,0.4812409500654746,0.0,149.22889709,40.573261261,0.0,65000.0
25,1295.1911968,8.0323934555,0.7792903781,0.7799759506999999,0.7952100634999999,2.5021688938,45.055553436000004,0.48124084780862864,0.0,150.26332092,40.580547333,0.0,65030.0
26,1295.3431968,8.032723426799999,0.7917279005,0.7850157021999999,0.7996486425,2.5020999908,44.592041016,0.4812409122224539,0.0,151.41201782,40.576343535999996,0.0,65030.0
27,1295.4951968,8.0330915451,0.8068599701000001,0.8012396097,0.8107841015,2.5020694733,43.822376251,0.48124091628046406,0.0,151.73866272,40.640907288,0.0,65030.0
28,1295.6471968,8.0334215164,0.8117017745999999,0.8110814691,0.8176562786,2.5019698143,43.079193115,0.48124093012538527,0.0,151.06721497,40.878833771,0.0,65030.0
29,1295.7991968000001,8.0338201523,0.8043112754999999,0.8082633018000001,0.8200293779000001,2.5018699169,43.413982391000005,0.4812409330503172,0.0,150.68481445,40.988967896,0.0,65030.0
30,1295.9511968,8.0341892242,0.7905528545,0.7965391874,0.8207272887,2.5017702579,43.686588287,0.4812411305135235,0.0,151.14639282,40.942977905,0.0,65000.0
31,1296.1031968,8.0345172882,0.7866936922,0.7869943976,0.8177813292,2.501670599,44.129394531,0.4812411596385855,0.0,151.3835144,40.787204742,0.0,65000.0
32,1296.2551968,8.0349168777,0.798058629,0.7921951412999999,0.8177853823000001,2.5016000271000003,44.639358521000005,0.4812411014294453,0.0,150.65396118,40.706882477,0.0,65000.0
33,1296.4071968,8.035286903400001,0.811260283,0.8065398932,0.8262078166,2.5015711784,44.817012786999996,0.4812409965132537,0.0,148.5872345,40.699066162,0.0,65000.0
34,1296.5591968,8.0356140137,0.8184292315999999,0.8162609339,0.8317884206999999,2.5014712811,44.472286223999994,0.4812408417973236,0.0,146.38859558,40.701370239,0.0,65000.0
35,1296.7111968,8.0360136032,0.8193163872,0.8192865252,0.8348796368000001,2.5013716221,43.81609726,0.4812408470923111,0.0,145.54284668,40.701999664,0.0,65000.0
36,1296.8631968,8.0363845825,0.8210424184999999,0.8199282289000001,0.8379719853,2.5013000965,43.287460327,0.48124087873800564,0.0,146.08988953,40.701320648,0.0,65000.0
37,1297.0151968,8.036711692799999,0.8267479539,0.8240820168999999,0.8410910368000001,2.5013279915,43.390884398999994,0.4812409413916406,0.0,146.96014404,40.713890076,0.0,65000.0
38,1297.1671968,8.0371103287,0.8310264348999999,0.8297210932,0.8442555070000001,2.5013999939,44.492534637,0.4812409514858423,0.0,147.34443665,40.794303894,0.0,65000.0
39,1297.3191968,8.0374822617,0.8279622197,0.8305701017,0.8467184901,2.5013999939,45.376720428,0.48124093472353013,0.0,147.06918335,40.778858185,0.0,65000.0
40,1297.4711968000001,8.037808418300001,0.8219789863,0.8241018653,0.8471645713,2.5013999939,45.902282715,0.4812409459532335,0.0,146.99761963,40.698375702,0.0,65000.0
41,1297.6231968,8.038234710700001,0.8166617155,0.8185653687000001,0.8466389775,2.5013999939,46.077384949,0.4812410062012904,0.0,148.39498901,40.603569031,0.0,65000.0
42,1297.7751968,8.0394229889,0.8116756678,0.8139518498999999,0.8459344506,2.5013999939,46.252441406,0.4812411550548871,0.0,150.46005249,40.601249695,0.0,65000.0
43,1297.9271968,8.0428056717,0.8066883087000001,0.8089478016,0.842595458,2.5013999939,46.549858093000005,0.48124125863467504,0.0,151.97653198,40.756092072,0.0,65000.0
44,1298.0791968,8.047019004800001,0.7990640402,0.8024399876999999,0.8319949508,2.5013999939,46.516456604,0.48124128075556577,0.0,152.07507324,40.962207794,0.0,65000.0
45,1298.2311968000001,8.0513343811,0.7907438278,0.7941346765,0.8193262218999999,2.5013999939,46.677433013999995,0.48124121482270626,0.0,150.79676819,41.089160919,0.0,65000.0
46,1298.3831968,8.0556955338,0.7899627090000001,0.7886647581999999,0.8109452128,2.5013999939,47.30791473399999,0.48124115737080464,0.0,149.89378357,40.95085907,0.0,65000.0
47,1298.5351968,8.06001091,0.7994722128,0.7941568494,0.8170295954000001,2.5013999939,48.059093475,0.4812411740624206,0.0,149.97137451,40.855484009,0.0,65000.0
48,1298.6871968,8.06437397,0.8111382723,0.8065457344,0.8289703727,2.5013999939,48.007785797,0.48124118294005147,0.0,150.32853699,40.685874939,0.0,65000.0
49,1298.8391968,8.0686626434,0.8201711773999999,0.8167278767,0.8405939937000001,2.5014247894,47.139389038000004,0.48124115623949293,0.0,149.68441772,40.570789337,0.0,65000.0
50,1298.9911968000001,8.0729751587,0.8255765438,0.823723793,0.8500214815,2.5014998913,46.562026978,0.48124106269343053,0.0,148.20046997,40.58405304,0.0,65000.0
51,1299.1431968,8.0773153305,0.8282827139,0.8277320862,0.8548157811,2.5014998913,46.323246002,0.48124103268611046,0.0,147.08374023,40.595794678000004,0.0,65000.0
52,1299.2951968,8.0808105469,0.8309164643000001,0.8299018740999999,0.8589798212,2.5014998913,46.12253952,0.4812409918617027,0.0,146.25115967,40.665550232,0.0,65000.0
53,1299.4471968,8.0818004608,0.8307278751999999,0.831168592,0.8607269526000001,2.5014998913,46.417720795,0.4812409663756059,0.0,145.90925598,40.79441452,0.0,65000.0
54,1299.5991968,8.081776619,0.8242983818,0.8278743029000001,0.8540742993000001,2.5014998913,46.572540283,0.481241022386865,0.0,146.88175964,40.848167419,0.0,65000.0
55,1299.7511968000001,8.0816774368,0.8140617609,0.8181932569,0.844578445,2.5014998913,45.715778351000004,0.48124114774576754,0.0,148.36143494,40.856937408,0.0,65000.0
56,1299.9031968,8.081577301,0.8030898570999999,0.8076583743000001,0.8349331617,2.5014998913,44.671546936000006,0.4812412624776974,0.0,149.67147827,40.85785675,0.0,65000.0
57,1300.0551968,8.081477165199999,0.7921201587000001,0.7965224384999999,0.8247902989,2.5014998913,43.75260162399999,0.4812411547267295,0.0,151.27742004,40.745296478,0.0,65030.0
58,1300.2071968,8.0813779831,0.7842627168,0.7865592837000001,0.813739717,2.5014774799,43.410469055,0.48124121725740016,0.0,151.98670959,40.566883087,0.0,65030.0
59,1300.3591968,8.0812778473,0.7956428528,0.7873689531999999,0.8067234159000001,2.5013999939,43.813259125,0.4812411420488208,0.0,150.91807556,40.555431366,0.0,65030.0
60,1300.5111968,8.081199646,0.8138810992000001,0.8075626493000001,0.8184322715000001,2.5013999939,44.42477417,0.4812410881124572,0.0,149.48808289,40.614704132,0.0,65030.0
61,1300.6631968,8.0811786652,0.8212296367,0.8202033043000001,0.8473271132,2.5013999939,45.59721756,0.48124100636841494,0.0,148.41773987,40.65397644,0.0,65030.0
62,1300.8151968,8.081079483,0.8238367437999999,0.8228473663,0.8761782645999999,2.5013999939,47.031841278,0.48124112829099197,0.0,147.64028931,40.694103241,0.0,65000.0
63,1300.9671968,8.080958366399999,0.8262199759000001,0.8249203562999999,0.9037705659999999,2.5013999939,48.500606536999996,0.48124114533949747,0.0,148.03756714,40.652050018000004,0.0,65000.0
64,1301.1191968,8.0807380676,0.8440031409000001,0.8326073884999999,0.9247537255,2.5013999939,49.222629547,0.48124119630831874,0.0,148.65110779,40.57674408,0.0,65000.0
65,1301.2711968,8.0804386139,0.8961184620999999,0.8696654439,0.9394111633,2.5013794899,49.497909546,0.4812410383174799,0.0,146.46070862,40.371196747,0.0,65000.0
66,1301.4231968000001,8.0801391602,0.9549030662000001,0.9337677956,0.9510190487000001,2.5013000965,49.884887695,0.48124075845912806,0.0,142.23503113,40.226512909,0.0,65000.0
67,1301.5751968,8.0798397064,0.9400378466,0.9638881087000001,0.9486249089,2.5013000965,50.750724792,0.4812406301303483,0.0,140.06599426,40.333667755,0.0,65000.0
68,1301.7271968,8.0795211792,0.8605130315,0.8980889916,0.9382483362999999,2.5013000965,52.579906464,0.48124072390465633,0.0,141.13386536,40.473083496,0.0,65000.0
69,1301.8791968,8.0791416168,0.8039902448999999,0.8182916641,0.9272693992000001,2.5013000965,54.208015442,0.4812409397761409,0.0,144.47328186,40.61139679,0.0,65000.0
70,1302.0311968,8.0788431168,0.7868607044,0.7899603248,0.9112939239,2.5013000965,55.397621155,0.48124116012937485,0.0,148.53474426,40.761013031,0.0,65000.0
71,1302.1831968000001,8.0785427094,0.7869436741,0.7849236131,0.884549439,2.5013000965,56.380878448000004,0.48124124379108363,0.0,149.88490295,40.822887421,0.0,65000.0
72,1302.3351968,8.0782442093,0.7913440466,0.7898599505,0.8569299579,2.5012814999,56.725791931,0.4812411276144831,0.0,148.24606323,40.772502899,0.0,65000.0
73,1302.4871968,8.0779266357,0.7894994617000001,0.7912313938,0.829867661,2.5011999606999997,56.88254928600001,0.4812411932640864,0.0,148.53555298,40.742752075,0.0,65000.0
74,1302.6391968,8.077545166,0.7829350233,0.7853575945,0.8065360785,2.5011999606999997,55.999530792,0.4812414058517389,0.0,152.00099182,40.714157104,0.0,65000.0
75,1302.7911968,8.077246666,0.7765312791,0.7790727615,0.7886866331,2.5011999606999997,53.697883606000005,0.48124167014863123,0.0,155.00816345,40.614425659,0.0,65000.0
76,1302.9431968000001,8.0769472122,0.7711207270999999,0.7730550766,0.7729038596,2.5011999606999997,51.641857146999996,0.4812416979089061,0.0,155.70968628,40.438495636,0.0,65000.0
77,1303.0951968,8.0766477585,0.7672805786,0.7685096859999999,0.7648583055,2.5011999606999997,49.398933411,0.4812416926025085,0.0,154.47111511,40.268760680999996,0.0,65000.0
78,1303.2471968,8.0763311386,0.7642883658,0.7653244137999999,0.7596268654,2.5011827946,48.095558167,0.4812415852619214,0.0,152.34175109999998,40.313407898,0.0,65000.0
79,1303.3991968,8.0759496689,0.7647034526,0.7639207244,0.7594108582,2.5011000633,47.222297668,0.4812414818313758,0.0,150.66871643,40.648090363,0.0,65000.0
80,1303.5511968,8.0756502151,0.7671304345000001,0.7663307786,0.7665373683,2.5011000633,46.137496948,0.48124151546133237,0.0,150.24555969,41.004089355,0.0,65000.0
81,1303.7031968000001,8.0753517151,0.7657499312999999,0.7672822475,0.7773611545999999,2.5011000633,45.33135604899999,0.48124158421324725,0.0,151.16494751,41.209564209,0.0,65000.0
82,1303.8551968,8.075051307699999,0.7690392137000001,0.765062809,0.7930237055,2.5011000633,45.104942322,0.4812416898752693,0.0,152.63554382,41.250041962,0.0,65000.0
83,1304.0071968,8.0747518539,0.7819153665999999,0.7752408981000001,0.8086777925,2.5011000633,45.5560112,0.48124171761394047,0.0,153.03158569,41.205253601,0.0,65000.0
84,1304.1591968,8.074810981799999,0.8012011647,0.792204082,0.8243870139,2.5010845661000003,46.048694611,0.48124163623535,0.0,152.14279175,41.173461914,0.0,65000.0
85,1304.3111968,8.0770187378,0.8259013295000001,0.8147870898,0.8403248191,2.5009999275,45.667526245,0.48124156929985795,0.0,150.51243591,41.056827545,0.0,65000.0
86,1304.4631968,8.0804405212,0.8517321348000001,0.8412231206999999,0.8561419845,2.5009999275,44.695041656,0.4812414534744868,0.0,148.81311035,40.852005005,0.0,65000.0
87,1304.6151968,8.0840301514,0.8701056838,0.8643017411,0.8716078401,2.5009999275,44.232692719,0.48124141079843685,0.0,147.81643677,40.748893738,0.0,65000.0
88,1304.7671968,8.0876216888,0.8825328946,0.8775798678,0.8865722418,2.5009999275,44.682689667,0.4812413746085619,0.0,147.40068054,40.787643433,0.0,65000.0
89,1304.9191968,8.0904588699,0.8923401237,0.888748467,0.9010599256,2.5009999275,45.366291046,0.48124133338139835,0.0,146.70901489,40.868942261,0.0,65000.0
90,1305.0711968,8.0882740021,0.8981593251000001,0.8968301415000001,0.9110999703,2.5009999275,46.04927063,0.4812412272341869,0.0,145.44046021,40.946487427,0.0,65000.0
91,1305.2231968,8.0829944611,0.8973139523999999,0.8993352652,0.9098709226,2.5009863377,46.864074707,0.4812411891352435,0.0,144.43666077,40.971328735,0.0,65000.0
92,1305.3751968000001,8.0771083832,0.883775115,0.8917355537,0.8988255857999999,2.5009000301,48.18478775,0.481241197175062,0.0,144.68814087,40.870529175,0.0,65000.0
93,1305.5271968,8.0712385178,0.8628303409,0.8711307049,0.8744975328,2.5009000301,49.131072998,0.48124129481292255,0.0,145.98377991,40.785747528,0.0,65000.0
94,1305.6791968,8.0654392242,0.8418866396,0.8500782847,0.8501526117,2.5009000301,49.452899933000005,0.48124139445653724,0.0,147.57237244,40.835979462,0.0,65000.0
95,1305.8311968,8.059553146399999,0.8198888301999999,0.8288761376999999,0.8262026906000001,2.5009000301,49.021427155,0.48124148479748935,0.0,148.88085938,40.916118622,0.0,65000.0
96,1305.9831968,8.0593347549,0.7974742651000001,0.8066049218000001,0.8055593370999999,2.5009000301,48.45489502,0.48124157199647494,0.0,149.94975281,40.972244263,0.0,65000.0
97,1306.1351968000001,8.329873085,0.780223608,0.785307765,0.7908209562,2.5008878708,47.954776763999995,0.48124170117394377,0.0,151.13847351,41.036617279,0.0,65000.0
98,1306.2871968,10.303357124,0.7828230857999999,0.7764174937999999,0.7898060679000001,2.5007998943,48.193065643000004,0.4812417525114011,0.0,153.18104553,41.069889069,0.0,65000.0
99,1306.4391968,12.355892181,0.7992613316,0.7926490306999999,0.798494935,2.4980735779,49.179889679,0.48124184041420087,0.0,155.020401,41.032920837,0.0,65000.0
100,1306.5911968,12.822429657,0.8095684052,0.8079974055,0.8072608709,2.4541478157,49.935783386000004,0.4812418333712032,0.0,155.79476929,41.021034241,0.0,65000.0
101,1306.7431968,12.831385612,0.811488986,0.8118557334000001,0.8046000004,2.2661235332,49.78956604,0.48124181059624466,0.0,155.02961731,41.013938904,0.0,65000.0
102,1306.8951968000001,12.83920002,0.8109999895000001,0.8114569187,0.8057958484000001,2.2160527706,49.203357697,0.481241653704375,0.0,152.24409485,40.832420349,0.0,65000.0
103,1307.0471968,12.845664024000001,0.8109999895000001,0.8110578656,0.8157737851000001,2.2259056568,48.055194855,0.48124144718715745,0.0,149.12577819999998,40.582386017,0.0,65000.0
104,1307.1991968,12.85151577,0.8099938631,0.8105565906000001,0.8169018626000001,2.2274243832,47.016727448000005,0.4812413512150367,0.0,147.46650696,40.489017487,0.0,65000.0
105,1307.3511968,12.853199959000001,0.8069983720999999,0.8089096546,0.8215402365000001,2.2168390751,46.324806213,0.48124133861592455,0.0,147.02626038,40.521522522,0.0,65000.0
106,1307.5031968,12.851119995,0.8030090331999999,0.8050212859999999,0.8231950402,2.207293272,45.496208191,0.4812414411597995,0.0,148.24711609,40.608737946,0.0,65000.0
107,1307.6551968,12.848225594,0.7995147109,0.8011209369,0.8180071712,2.2173817158,44.958583831999995,0.48124158613082085,0.0,150.32772827,40.730869293000005,0.0,65000.0
108,1307.8071968,12.845334053,0.7950453758,0.7969492673999999,0.8124371767,2.235281229,44.136535645,0.4812415262439646,0.0,151.84700012,40.837856293,0.0,65030.0
109,1307.9591968,12.842431068,0.7846532464,0.7901837826000001,0.8014287949,2.2434806824,42.786911011,0.4812415788317055,0.0,153.17947388,40.906467438,0.0,65030.0
110,1308.1111968,12.839447021,0.7692061067,0.7754395008,0.773927927,2.2376766205000003,41.749156952,0.48124176605066443,0.0,155.1362915,41.016296387,0.0,65030.0
111,1308.2631968,12.836606025999998,0.7537270187999999,0.7598861456,0.7472302914,2.2320988178,41.268283844,0.48124189678883383,0.0,156.9650116,41.099151610999996,0.0,65030.0
112,1308.4151968,12.834443092,0.7392489314,0.7444697618,0.7265641689,2.230451107,41.454032898,0.48124192796140347,0.0,157.60552979,41.024078369,0.0,65030.0
113,1308.5671968000001,12.833784103,0.730561316,0.7315869926999999,0.7227684259,2.2236607075,41.645145416,0.48124193110451147,0.0,157.3637085,40.925022125,0.0,65030.0
114,1308.7191968,12.833584785,0.7289999723,0.7290693520999999,0.7224535942,2.2155721188,41.870506287,0.48124188718423794,0.0,156.75907898,40.896137238,0.0,65030.0
115,1308.8711968,12.833385468,0.7285257578000001,0.7286779284,0.7236666679000001,2.2082502842,41.813953399999995,0.4812418133445091,0.0,155.88456726,40.884937285999996,0.0,65030.0
116,1309.0231968,12.83318615,0.7284715772,0.7284641265999999,0.7314272523,2.2127685547,43.07453537,0.48124176668822066,0.0,154.93704224,40.87411499,0.0,65030.0
117,1309.1751968,12.832985877999999,0.7332202792,0.729873538,0.7400847673000001,2.2326486111,44.913204193,0.4812419579005919,0.0,154.26963806,40.867778778,0.0,65000.0
118,1309.3271968000001,12.83278656,0.7426629066,0.7383530736,0.7471354008,2.2621700764,45.644916534,0.48124197226039755,0.0,154.23394775,40.891910553,0.0,65000.0
119,1309.4791968,12.832587242,0.752636075,0.7482296824,0.7537155747,2.2839467525,45.718833923000005,0.48124197898634347,0.0,154.14837646,40.99546814,0.0,65000.0
120,1309.6311968,12.832387924,0.7621488570999999,0.7581338286,0.7603003383,2.2762050629,45.62922287,0.48124191371516917,0.0,153.35221863,41.097743988000005,0.0,65000.0
121,1309.7831968,12.832187653,0.7679166198,0.7665498853,0.7668920159,2.260281086,45.876308441000006,0.4812418409239597,0.0,151.92440796,41.094963074,0.0,65000.0
122,1309.9351968,12.831927299,0.7694556712999999,0.7690775394,0.7738871573999999,2.2501826286,45.990802765,0.4812417562483168,0.0,150.81669617,40.984622955,0.0,65000.0
123,1310.0871968000001,12.83056736,0.7709059715000001,0.7704743146999999,0.7845212221,2.2218194008000003,46.07730484,0.48124173346081706,0.0,150.45738219999998,40.793609619,0.0,65000.0
124,1310.2391968,12.828061104000001,0.7724503875,0.7718400359,0.7962009906999999,2.2079851627,46.170001983999995,0.4812417041363721,0.0,150.41699219,40.599437714000004,0.0,65000.0
125,1310.3911968,12.825266838,0.7716569901000001,0.7724661827,0.8084888458,2.2095570564,46.361984253,0.48124170976684516,0.0,150.6907196,40.435714722,0.0,65000.0
126,1310.5431968,12.822475433,0.7682183385,0.7696477771,0.8271132708,2.2093043327,46.127517700000006,0.48124178059134093,0.0,151.03579712,40.324501038,0.0,65000.0
127,1310.6951968,12.819680214000002,0.7704279423,0.7667992711,0.8474707603,2.2232277393,44.969203949,0.48124178901498776,0.0,150.85662842,40.347576141,0.0,65000.0
128,1310.8471968000001,12.816889762999999,0.7830414772,0.7764233351000001,0.8675615788,2.2463922501,44.200645447,0.4812417736811457,0.0,150.09034729,40.521942139000004,0.0,65000.0
129,1310.9991968,12.814126015,0.7994372845000001,0.7922317981999999,0.878885448,2.2454047203,43.004447936999995,0.4812414656400434,0.0,147.84495544,40.810245514,0.0,65030.0
130,1311.1511968,12.812420845,0.8189999461,0.8093954325,0.8811751007999999,2.2234790325,41.780784607,0.4812411663895532,0.0,143.69264221,41.069042206,0.0,65030.0
131,1311.3031968,12.82009697,0.8384826779000001,0.8323491812,0.8829240799,2.1826562881,40.686820984,0.4812404099107519,0.0,132.63755798,41.166126251,0.0,65030.0
132,1311.4551968,12.867699623,0.8362633586,0.8452996016,0.8707361817,2.0746564865,40.386386871,0.48333138422118577,0.0,119.26047516,41.164096832,0.0,65030.0
133,1311.6071968,13.045706749,0.8104746342,0.8209832311,0.8442938924,1.9597992897,40.492961884,0.4833316775610028,0.0,119.63710022,41.161891937,0.0,65030.0
134,1311.7591968,13.275046349,0.7814272045999999,0.79395473,0.8177746534,1.8784627913999998,40.959686279,0.483332131678479,0.0,120.00484467,41.209453583,0.0,65030.0
135,1311.9111968,13.347378731,0.749088645,0.7622964978,0.7912495731999999,1.8518066406,41.068981171,0.4833323059874389,0.0,120.16630554,41.16387558,0.0,65030.0
136,1312.0631968,13.335214615,0.7161784172,0.7292698026000001,0.765558362,1.842867732,41.540718079,0.4833325950530533,0.0,120.41347504,41.110157013,0.0,65030.0
137,1312.2151968,13.230256080999999,0.6895076036,0.6964162587999999,0.7476179004000001,1.8411760330000002,41.933494568,0.4833328360494744,0.0,120.57175446,41.144924164,0.0,65030.0
138,1312.3671968,13.08438015,0.67900002,0.678906858,0.7299538851,1.8396439552000001,42.515380859000004,0.48123945701546106,0.0,120.68545532,41.137477875,0.0,65030.0
139,1312.5191968000001,13.003121376,0.6831126809,0.6795030832,0.7119938731000001,1.8356021643,43.09740448,0.48123950439483437,0.0,120.88832092,41.152515410999996,0.0,65030.0
140,1312.6711968,12.958058357,0.6947215795999999,0.6892187595,0.6926611662000001,1.8358635902,43.678050995,0.4812396893642313,0.0,120.87827301,41.140800476,0.0,65000.0
141,1312.8231968,12.905609130999999,0.7099012136,0.7033908367,0.6762377023999999,1.8434547186,44.05090332,0.48123974947344206,0.0,121.12571716,41.050067901999995,0.0,65000.0
142,1312.9751968,12.888586998,0.7216135263,0.720410943,0.6833549738,1.8537244797,43.937561035,0.48123969914871195,0.0,121.25330353,40.960464478,0.0,65000.0
143,1313.1271968,12.884599686,0.7195929885,0.7239999771,0.701300025,1.861700058,43.401199341,0.48123974913644896,0.0,121.2437973,40.966449738,0.0,65000.0
144,1313.2791968000001,12.875919342000001,0.7098155022,0.7130248547,0.7294362783,1.8527203797999998,42.481681824,0.48123974703574157,0.0,121.47165679999999,41.036682129,0.0,65000.0
145,1313.4311968,12.863964080999999,0.7069765925,0.7049430609,0.7576496601,1.8414601088,41.208488464,0.4812396088146541,0.0,121.68081665,41.045143126999996,0.0,65030.0
146,1313.5831968,12.848715782000001,0.7182478309,0.7099613547,0.7775493264,1.8405067921,40.365879059,0.4833330903310616,0.0,121.81209564,41.024173737,0.0,65030.0
147,1313.7351968,12.828021049,0.74036026,0.7306779623,0.7946183681,1.8504927158000002,39.87430954,0.483333069668547,0.0,121.97989655,41.070922851999995,0.0,65030.0
148,1313.8871968,12.812399864000001,0.764686048,0.7544919848,0.8115808964,1.8493168354,40.375785828000005,0.481239657951699,0.0,121.94581604,41.098461151,0.0,65030.0
149,1314.0391968000001,12.829435349,0.7819234729000001,0.7795199156,0.8232243656999999,1.8336408138,41.774887085,0.48123968576921733,0.0,122.16251373,41.157703399999995,0.0,65030.0
150,1314.1911968,13.013495445,0.7800322770999999,0.7844163179000001,0.8261491059999999,1.8069891930000002,43.54393005399999,0.4812396581699964,0.0,122.29671478,41.26077652,0.0,65030.0
151,1314.3431968,13.375511169000001,0.7716206312,0.7719618678,0.8254163861,1.763204217,43.543777466,0.48123967139858254,0.0,122.50380707,41.296134949,0.0,65030.0
152,1314.4951968,14.688389778,0.7653431296,0.7715047002,0.8069441319,1.7171854972999998,41.259742736999996,0.4812397130092464,0.0,122.62274170000002,41.252571106,0.0,65030.0
153,1314.6471968,15.7351408,0.7290310264000001,0.7564969063,0.7858464122,1.6893086433000002,40.654361725,0.4812396993436632,0.0,122.77701569,41.204036713,0.0,65030.0
154,1314.7991968000001,15.635743140999999,0.6680121421999999,0.6865625381,0.7667502165000001,1.6667481661,41.669555664,0.48123969780296205,0.0,122.93592834,41.141933441,0.0,65030.0
155,1314.9511968,15.506137848,0.6413692236,0.6430305243,0.744399488,1.6603834628999998,44.554908751999996,0.481239655305638,0.0,122.92432404,41.118923187,0.0,65030.0
156,1315.1031968,15.376533508,0.6500629187,0.6424726843999999,0.7270867825,1.6896594763,47.267230988,0.48123990431690694,0.0,123.23332977,41.07617569,0.0,65000.0
157,1315.2551968,15.246928215,0.6738266348999999,0.663602829,0.7005791664,1.751021266,49.488491058,0.4812398583451648,0.0,123.31282806,41.075035095,0.0,65000.0
158,1315.4071968,15.117322922,0.7018355131,0.6900473237,0.669822216,1.8148727417,50.535430908,0.48123986115080286,0.0,123.35195923,41.124774933000005,0.0,65000.0
159,1315.5591968,14.987718582000001,0.7260209918000001,0.7195610404,0.6676416993,1.8591811657,50.220821381,0.4812398674861424,0.0,123.46016693,41.052059174,0.0,65000.0
160,1315.7111968,14.125905991,0.7357117534000001,0.7342692018000001,0.6889979243000001,1.8605223894,49.546363831,0.48123994094978934,0.0,123.64563751,41.017673492,0.0,65000.0
161,1315.8631968,13.761693001,0.7324066758,0.7362341284999999,0.7163973451000001,1.857355237,48.956581116,0.4812399799412914,0.0,123.90879059,41.075706482,0.0,65000.0
162,1316.0151968,13.626670837,0.7180405854999999,0.7244255543000001,0.7463886142,1.8564400672999999,48.996826172,0.48124000702365116,0.0,123.94224548,41.096630096,0.0,65000.0
163,1316.1671968,13.479482651,0.7188326716,0.7084479331999999,0.772728622,1.857442379,49.7409935,0.48124001970845665,0.0,124.03491974,41.115600586,0.0,65000.0
164,1316.3191968,13.250948906,0.7517024875,0.7391763926,0.761053443,1.8678994179,50.536800385,0.4812400188962426,0.0,124.20037079,41.003593445,0.0,65000.0
165,1316.4711968000001,13.017492294,0.7785115242,0.7704967856,0.7385308145999999,1.8708560467,50.912967682,0.48124003757903927,0.0,124.39213562,40.826610565,0.0,65000.0
166,1316.6231968,12.890342712,0.7893003821,0.7892215848,0.7364479303,1.8581207991,51.428913116000004,0.4812400685294061,0.0,124.39613342,40.831409454,0.0,65000.0
167,1316.7751968,12.785456657000001,0.7792465687000001,0.7860831022,0.7360251546,1.8456802368,51.649040221999996,0.4812400873911741,0.0,124.59287262,40.979858398000005,0.0,65000.0
168,1316.9271968,12.711596489000001,0.7582916020999999,0.7670110464,0.7249696851,1.8432173728999999,50.706268311,0.4812401356930354,0.0,124.83692169,41.0858078,0.0,65000.0
169,1317.0791968,12.68686676,0.7376822829,0.7447351812999999,0.7064031959,1.8455226421000002,49.206630706999995,0.4812401656003468,0.0,124.829422,41.174556732,0.0,65000.0
170,1317.2311968000001,12.677313805,0.7223823071,0.7280498147,0.6886485815000001,1.8412384987000001,49.933101654,0.4812402035945903,0.0,125.10064697,41.26121521,0.0,65000.0
171,1317.3831968,12.672067642,0.710056603,0.7141148448000001,0.6708163618999999,1.8322838545,51.52689743,0.48124019363849196,0.0,125.13626862,41.271572113000005,0.0,65000.0
172,1317.5351968,12.682881355,0.6988075972,0.7043206096,0.649723351,1.8187544346000002,52.805614471000005,0.4812402078015544,0.0,125.26800537,41.273582458,0.0,65000.0
173,1317.6871968,12.715764045999999,0.6735222340000001,0.6887694597,0.6274662614000001,1.8032380341999998,52.872966766000005,0.4812401818895156,0.0,125.46945953,41.329071045,0.0,65000.0
174,1317.8391968,12.792190552000001,0.6235278249,0.6467958093,0.6148577929,1.781602025,52.200679779,0.4812402263054176,0.0,125.52856445,41.323085785,0.0,65000.0
175,1317.9911968000001,12.962909697999999,0.5671285390999999,0.5872421265,0.6115188003,1.7505847216,51.772968292,0.48124025882697596,0.0,125.82710266,41.298114776999995,0.0,65000.0
176,1318.1431968,13.292613982999999,0.528721869,0.5388906598,0.6102951168999999,1.7103544474,52.598079681,0.4812402405333519,0.0,125.83679962,41.199321747,0.0,65000.0
177,1318.2951968,13.69419384,0.5212219954,0.5172126889,0.6135716438000001,1.7070734501,53.744571686,0.48124023519800757,0.0,125.96490479,41.071113585999996,0.0,65000.0
178,1318.4471968,14.628230095,0.5507384539,0.5334838628999999,0.6185322404,1.7605066299,54.159748076999996,0.48124018723795164,0.0,126.11015320000001,41.032806396,0.0,65000.0
179,1318.5991968,15.647855759,0.5994545817,0.5808690786,0.6313208938,1.8182636499,52.579792023,0.481240216565862,0.0,126.29252625,41.004364014000004,0.0,65000.0
180,1318.7511968000001,15.830803870999999,0.6424446702000001,0.6259625554,0.6678156853,1.8487122059,50.481960297,0.4812402371502891,0.0,126.36898041,41.003200531,0.0,65000.0
181,1318.9031968,14.364865303,0.681235075,0.6669557095,0.7073550820000001,1.8597757816,48.879150391,0.48124033029434854,0.0,126.66225433,40.981193542,0.0,65000.0
182,1319.0551968,13.656772614000001,0.7047017812999999,0.70125103,0.7463085651000001,1.8580069542,48.463623047,0.4812403984681785,0.0,126.74739838,40.976703644000004,0.0,65000.0
183,1319.2071968,13.615369797,0.7042956948000001,0.7043418884,0.7848592997,1.8606544733000001,49.428768158000004,0.48124039035315946,0.0,126.83255005,40.979255676,0.0,65000.0
184,1319.3591968,13.804300308,0.7067574262999999,0.7046569586,0.8144211173,1.8678710461,50.903873444,0.48124035436976187,0.0,126.92048645,40.963275909000004,0.0,65000.0
185,1319.5111968,13.987535477,0.7156466246,0.7106630206,0.8346770406,1.8674540519999998,52.645507813,0.4812403751428659,0.0,127.04776764,40.881896973,0.0,65000.0
186,1319.6631968,14.073484421,0.7316013575,0.7252377868000001,0.8407916427,1.8636630774,54.030281067,0.48124034870821736,0.0,127.25765228,40.799419403,0.0,65000.0
187,1319.8151968,14.197352409,0.7449957131999999,0.7415089011,0.8377612233,1.8504604101,54.829216003,0.48124035057378894,0.0,127.28211212,40.71762085,0.0,65000.0
188,1319.9671968,14.358149529,0.75366956,0.7488666773,0.8253967165999999,1.8460667133000002,54.060882568000004,0.48124037839176836,0.0,127.50090790000002,40.635852814,0.0,65000.0
189,1320.1191968,14.393177032,0.7685958743000001,0.7618232965,0.8099058867,1.852383256,53.562038422,0.48124038672837666,0.0,127.63854218,40.554058075,0.0,65000.0
190,1320.2711968,14.046294212000001,0.7810612917,0.7799898386,0.7966851592,1.8498792648,53.81778335600001,0.48124042955516905,0.0,127.84211731,40.472286224,0.0,65000.0
191,1320.4231968000001,13.697911263,0.767765522,0.7767928243000001,0.7865332365000001,1.8366372585,53.469722748,0.4812404664829917,0.0,127.8719635,40.390491486,0.0,65000.0
192,1320.5751968,13.573984145999999,0.7351341844,0.7494099736,0.7754486203000001,1.8239896297,52.750915527,0.4812404595132351,0.0,127.99701691,40.308727264,0.0,65000.0
193,1320.7271968,13.709630965999999,0.6879509687,0.7104852796,0.7680048943000001,1.8003312349,52.402748108000004,0.48124049504820726,0.0,128.21136475,40.226909637,0.0,65000.0
194,1320.8791968,14.503855705,0.6307255626,0.6474916935,0.774985075,1.7587012053,50.41841507,0.48124051108255944,0.0,128.23413086,40.145111084,0.0,65000.0
195,1321.0311968,15.570192337,0.6122251749000001,0.6123483181,0.7756819129000001,1.7042689323,47.984169006,0.48124052488987745,0.0,128.44978333,40.063343048,0.0,65000.0
196,1321.1831968000001,15.935969352999999,0.6352491379,0.6218066216,0.7653520106999999,1.6672339439,47.90198135399999,0.48124051836891596,0.0,128.47125244,39.995410919,0.0,65000.0
197,1321.3351968,15.894589424000001,0.6721751690000001,0.6606465578,0.7415575981,1.6782056093000002,48.276008606000005,0.48124055565872564,0.0,128.70451355,40.033771515,0.0,65000.0
198,1321.4871968,15.626182556,0.6808488369,0.6833893657,0.7372153401,1.7349760532,48.663246155,0.48124058994748437,0.0,128.82545471,40.272922516,0.0,65000.0
199,1321.6391968,15.559388161,0.6657878757,0.6667533517,0.7588495612,1.7859785556999999,48.970726013000004,0.48124059708556294,0.0,129.04779053,40.422100066999995,0.0,65000.0
200,1321.7911968,15.778484344,0.6842905283,0.6730112433,0.7843740582,1.8024711609000001,49.596641541000004,0.4812405981578518,0.0,129.13801575,40.215740204,0.0,65000.0
201,1321.9431968000001,15.939164162,0.7231883406999999,0.7085197568000001,0.7887085676000001,1.8018114566999999,50.27910614,0.48124059111237105,0.0,129.11921692,39.993953705,0.0,65000.0
202,1322.0951968,15.689003944000001,0.7455432415000001,0.7422391772,0.7763750553000001,1.8218547106,50.79393005399999,0.4812405891090776,0.0,129.58540344,39.92256546,0.0,65000.0
203,1322.2471968,14.342474937,0.7307154536,0.7392138839,0.7712361812999999,1.8606398106,50.90169525100001,0.48124069503927286,0.0,129.42050171,39.940189362,0.0,65000.0
204,1322.3991968,13.596167564000002,0.7007889152,0.7125024199,0.7702800632,1.8889539242,50.48355484,0.48124072930872364,0.0,129.65596008,39.873329163,0.0,65000.0
205,1322.5511968,13.44600296,0.6718248725,0.6826538444,0.7718753219,1.8907545805000001,49.167816162,0.4812407426810951,0.0,129.76315308,39.795173645,0.0,65000.0
206,1322.7031968000001,13.380992889000002,0.6503532529,0.6561802626,0.7653551698000001,1.8820360899000002,49.395454406999995,0.4812407472044532,0.0,129.89379883,39.752590179,0.0,65000.0
207,1322.8551968,13.380520821,0.6433703303,0.6456573606,0.7555100322,1.8706614971000002,50.179080963000004,0.4812408055614297,0.0,130.02722168,39.751491547,0.0,65000.0
208,1323.0071968,13.700104713,0.6398394704,0.6398380995,0.7454227805,1.8699442147999998,50.561073303,0.4812408110752903,0.0,130.33122253,39.778636932,0.0,65000.0
209,1323.1591968,14.769420624,0.6457725167,0.6450200677000001,0.7422940134999999,1.8693729638999999,50.232051848999994,0.4812407684369982,0.0,130.14443970000002,39.830547333,0.0,65000.0
210,1323.3111968,15.671330452000001,0.6447753906,0.6454758643999999,0.7367256284,1.8701889515,49.869220733999995,0.48124078604096443,0.0,130.48854065,39.771045685,0.0,65000.0
211,1323.4631968,15.950639725,0.6437777877,0.6443139314999999,0.7303409576000001,1.8652231693,50.591140747,0.48124079540268727,0.0,130.59573364,39.560554504,0.0,65000.0
212,1323.6151968,15.980427742,0.6432192922,0.6431993246,0.7323933243999999,1.852227211,52.401794433999996,0.48124077503736157,0.0,130.73791504,39.513690948000004,0.0,65000.0
213,1323.7671968,15.980618477,0.6463856101,0.6443062425,0.7461625338,1.8475589752000001,54.568016052,0.4812407307764743,0.0,130.94145203,39.466808319,0.0,65000.0
214,1323.9191968,16.037137985,0.660135746,0.6532230972999999,0.7667529583,1.8528758287,56.641090393,0.4812407157172397,0.0,130.97506714,39.419940948000004,0.0,65000.0
215,1324.0711968,16.099983215,0.686827898,0.6743417978,0.7884007692,1.8810472487999998,57.879184723,0.4812407382089421,0.0,131.1892395,39.358459473,0.0,65000.0
216,1324.2231968,15.525017737999999,0.7264338732,0.7089454531999999,0.8098760843,1.9102525711000002,57.71352005,0.4812407382085612,0.0,131.29911804,39.220882416,0.0,65000.0
217,1324.3751968000001,14.484294891,0.7804378271,0.7573559284,0.8309213518999999,1.9213404655000001,57.707397461000006,0.48124080157261145,0.0,131.33071899,39.004955292,0.0,65000.0
218,1324.5271968,13.900994300999999,0.8345764875,0.8209753633,0.8517935872,1.9157897234,59.352565765,0.4812407828277625,0.0,131.54725647,38.942173004000004,0.0,65000.0
219,1324.6791968,13.703655243,0.8223688006000001,0.8296965361,0.8687100409999999,1.9258691072,61.18786239600001,0.4812407986080933,0.0,131.67776489,39.444408417,0.0,65000.0
220,1324.8311968,13.60831356,0.7886722088,0.8024187088,0.8757314086,1.9369417429,61.667625427,0.4812408591560623,0.0,131.80319214,39.919391632,0.0,65000.0
221,1324.9831968,13.535407066,0.7564547062,0.7662142515000001,0.8596802354,1.9351825714,60.784343719,0.48124091639745603,0.0,132.14501953,39.669326782,0.0,65000.0
222,1325.1351968000001,13.472891808,0.747353673,0.7490059733,0.8281829953000001,1.9408603907,59.477108002,0.48124094643725457,0.0,132.18437195,39.225193024,0.0,65000.0
223,1325.2871968,13.458166122,0.7535714507,0.7516350745999999,0.8038778901000001,1.9542921782,58.130989075,0.4812409872395468,0.0,132.88380432,38.847476959,0.0,65000.0
224,1325.4391968,13.495482445,0.7565641998999999,0.7555202842000001,0.7875650525,1.9637006521,56.670482635,0.4812410867726818,0.0,133.26542664,38.601043701,0.0,65000.0
225,1325.5911968,13.549329757999999,0.7590000033,0.7584756613,0.788323462,1.9634382725,55.597103118999996,0.48124118603276217,0.0,134.35810852,38.703960419,0.0,65000.0
226,1325.7431968,13.598300934000001,0.7582689523999999,0.7591000199,0.7974573373999999,1.9593797922,55.692672728999995,0.48124126925743466,0.0,135.41781616,38.915409088000004,0.0,65000.0
227,1325.8951968000001,13.639853477,0.7567985058,0.7561383247,0.8136510253,1.960270524,56.00761795,0.4812413575020635,0.0,136.41436768,39.228744506999995,0.0,65000.0
228,1326.0471968,13.674106598,0.7681940794,0.7626033425,0.8161237836,1.9665493965,55.373954773,0.48124139661692183,0.0,136.00241089,39.908512115,0.0,65000.0
229,1326.1991968,13.705242157,0.7863161564,0.7789430022,0.8102040887,1.9689741134999998,54.801124573,0.4812413780718265,0.0,134.80638123,40.854438781999995,0.0,65000.0
230,1326.3511968,13.731953620999999,0.8047542571999999,0.7975296378,0.8055134415999999,1.9721323252,55.028778076,0.4812413297330536,0.0,133.53407288,42.099609375,0.0,65000.0
231,1326.5031968,13.707101822,0.8181692362,0.8140332103,0.7959828973,1.9773855209,55.463905333999996,0.4812413211962437,0.0,133.00192261,43.10767746,0.0,65000.0
232,1326.6551968,13.705411910999999,0.8156633973,0.8181599379000001,0.7833586931000001,1.9746375084,56.282260895,0.48124135679924274,0.0,133.78605652,43.26065444899999,0.0,65000.0
233,1326.8071968,13.731538772999999,0.7942466736,0.8036298752,0.7733469605,1.9582715034,57.65838623,0.4812415473831498,0.0,135.8059845,43.18523407,0.0,65000.0
234,1326.9591968,13.671153069,0.7648271322,0.7766445279,0.7661760448999999,1.9404312371999999,58.486297607,0.4812416848784979,0.0,138.02233887,43.111766815,0.0,65000.0
235,1327.1111968,13.445796012999999,0.7327441573000001,0.745547533,0.7669521570000001,1.9309886694,58.103000641,0.4812418304137396,0.0,138.89938354,43.09659194899999,0.0,65000.0
236,1327.2631968,13.228512764000001,0.7010915875,0.7126532197,0.7631646395,1.9301314353999999,56.513198853,0.48124179396331684,0.0,138.04179382,43.114536285,0.0,65000.0
237,1327.4151968,13.228500365999999,0.6841568351,0.6870201826000001,0.7493435740000001,1.937482357,55.744258881,0.48124170900982394,0.0,136.48902893,43.168464661,0.0,65000.0
238,1327.5671968000001,13.21848011,0.7125878334,0.7007400393000001,0.7338160872,1.9534605742,55.816261292,0.48124154465048186,0.0,134.73234558,43.256603241,0.0,65000.0
239,1327.7191968,13.163041115,0.7484594584,0.7343569398,0.7311221956999999,1.9655560255000002,56.560527801999996,0.4812414503619723,0.0,133.55467224,43.73664856,0.0,65000.0
240,1327.8711968,13.291063309,0.7760398984,0.7657091022,0.7441695929000001,1.9716773033000001,57.00119399999999,0.4812414436149046,0.0,133.22094727,44.087348938000005,0.0,65000.0
241,1328.0231968,13.528948784,0.7884299754999999,0.7844421268,0.7620191573999999,1.9730485678,56.783031464,0.4812414544190256,0.0,133.31027222,44.080051422,0.0,65000.0
242,1328.1751968,13.483823776,0.7873497604999999,0.7898539305,0.7758015394,1.9678462744,57.149024963,0.4812413754123445,0.0,132.58557129,43.912120818999995,0.0,65000.0
243,1328.3271968000001,13.259962082000001,0.7605831027,0.7712988257,0.7792212367,1.96415627,58.958183289,0.4812412663173435,0.0,131.28759766,43.881591797,0.0,65000.0
244,1328.4791968,13.173456192,0.7298931479,0.7414319515000001,0.7785653472,1.9563738108000002,59.771026611,0.4812411154538254,0.0,129.73199463,43.964939117,0.0,65000.0
245,1328.6311968,13.26894474,0.7089382409999999,0.7164062262,0.7762498856000001,1.9403278828,60.259971619,0.48124098769569124,0.0,128.56869507,44.076141357,0.0,65000.0
246,1328.7831968,13.384775162,0.7036869526,0.7043145895,0.7732372284000001,1.920655489,59.635295868,0.48124102934476404,0.0,128.32897949,44.334751129,0.0,65000.0
247,1328.9351968,13.30805397,0.7175501584999999,0.7116248608,0.7688372731,1.9052388668,58.196956635,0.48124120475706206,0.0,129.89477539,44.242027283,0.0,65000.0
248,1329.0871968000001,13.2511549,0.7346245645999999,0.7291125654999999,0.763876915,1.9099055529,57.179664611999996,0.4812414502547308,0.0,132.12190247,44.076622009,0.0,65000.0
249,1329.2391968,13.286391258,0.7316334248,0.7330286503,0.7605512142,1.924215436,57.599205016999996,0.4812414780598365,0.0,133.09915161,44.022277832,0.0,65000.0
250,1329.3911968,13.363352776,0.7289999723,0.7300543785,0.7600157857,1.93605268,58.292350768999995,0.4812414547205931,0.0,132.72987366,43.661571503000005,0.0,65000.0
251,1329.5431968,13.3720541,0.7294675112000001,0.728741765,0.7578789592,1.946881175,58.192176819,0.48124132329214153,0.0,131.43748474,43.353302002,0.0,65000.0
252,1329.6951968,13.276781082000001,0.7338017225,0.7316701412000001,0.7546438575,1.9517849684,57.543571471999996,0.481241306845777,0.0,131.18061829,43.221050262,0.0,65000.0
253,1329.8471968000001,13.208713530999999,0.7401115894,0.7377358675,0.7549089789,1.9538511038,56.950786591,0.4812413229921412,0.0,131.07466125,43.308963776000006,0.0,65000.0
254,1329.9991968,13.12303257,0.7409999967,0.7403377890999999,0.759226799,1.9579433203,56.755378723,0.4812413657149862,0.0,131.04548645,43.44599151600001,0.0,65000.0
255,1330.1511968,13.023603439,0.7411062717,0.7407411933,0.7641174793000001,1.964623332,56.574848175,0.4812413248969171,0.0,130.58958435,43.36661148100001,0.0,65000.0
256,1330.3031968,12.978071213,0.7441821693999999,0.7417846918000001,0.7697201371,1.9723564386,56.65221405,0.4812412147411361,0.0,129.31028748,43.099258423,0.0,65000.0
257,1330.4551968,12.997650146,0.7658263445,0.7569112778,0.7783652543999999,1.968885541,57.32521057100001,0.48124107368228375,0.0,127.75295258,43.022830963000004,0.0,65000.0
258,1330.6071968,13.046484947,0.7923804522,0.7825357318,0.7876521945,1.9570461512000001,57.680728912,0.48124097346465305,0.0,126.69002533,43.2654953,0.0,65000.0
259,1330.7591968,13.090531349,0.8045218587,0.8008497357,0.7960358858,1.9399887322999998,56.820705413999995,0.4812409788980529,0.0,126.64746857,43.479118346999996,0.0,65000.0
260,1330.9111968,13.120509148,0.7970145941,0.8009728193000001,0.8014104962,1.9239053726,56.237579346000004,0.48124116951072765,0.0,128.05354309,43.645942688000005,0.0,65000.0
261,1331.0631968,13.132957458,0.7652906775,0.7774192095,0.8035285473,1.9048690796,56.230690001999996,0.4812413844122715,0.0,130.50413513,43.69896698,0.0,65000.0
262,1331.2151968,13.135343552,0.7389686108,0.7474139332999999,0.7975047231,1.8824461699000001,55.701248168999996,0.48124161709608493,0.0,133.01438904,43.779907226999995,0.0,65000.0
263,1331.3671968,13.149271011,0.7501145005,0.7452571392,0.7880225181999999,1.8767758608,54.930683136000006,0.4812418070336372,0.0,134.46554565,44.113372803000004,0.0,65000.0
264,1331.5191968000001,13.34304142,0.7615035772,0.7576435208,0.7788588405,1.8983118534,55.507530212,0.4812418732279242,0.0,135.21572876,44.23051834100001,0.0,65000.0
265,1331.6711968,13.500391006,0.7549545168999999,0.7578889132,0.7699493766,1.9306387901,57.50718689,0.48124186696516374,0.0,135.80487061,43.902645111000005,0.0,65000.0
266,1331.8231968,13.507806777999999,0.7419160008,0.746927619,0.7596524954,1.9428572655,59.633625031,0.481241935777964,0.0,137.08309937,43.366886138999995,0.0,65000.0
267,1331.9751968,13.56925869,0.7283239961,0.733561337,0.7481405735,1.935708046,60.635566711,0.4812420321791824,0.0,138.17182922,43.17674255399999,0.0,65000.0
268,1332.1271968,13.418595314000001,0.7198557854000001,0.7232887148999999,0.7381200193999999,1.9316313266999998,61.642749786,0.4812420380144793,0.0,138.32830811,43.357395172,0.0,65000.0
269,1332.2791968000001,13.336969375999999,0.7178604006999999,0.7185931206,0.7289432287000001,1.9360506535,63.267494201999995,0.48124191372353325,0.0,137.21295166,43.49604415899999,0.0,65000.0
270,1332.4311968,13.271225929000002,0.7155992389,0.7163005470999999,0.7189025283,1.9424318075,63.859767913999995,0.4812418100288268,0.0,136.01490784,43.380714417,0.0,65000.0
271,1332.5831968,13.036165237,0.7114832401000001,0.7120813726999999,0.7065037489,1.9529979228999998,62.680927276999995,0.48124176172921423,0.0,135.28497314,43.246097565,0.0,65000.0
272,1332.7351968,12.91204071,0.7336763144,0.7251208425,0.6939279437,1.9657028912999999,60.608119965,0.48124179119764504,0.0,134.8977356,43.185821533,0.0,65000.0
273,1332.8871968,13.070219994,0.7435857654000001,0.7400133609999999,0.6928308009999999,1.9764568806,57.368694305,0.4812418641572064,0.0,134.99765015,43.360530853,0.0,65000.0
274,1333.0391968000001,13.238862991,0.7363821268,0.7391400337,0.6973534822,1.9854444265,55.281093596999995,0.4812419937526711,0.0,135.55262756,43.516887665,0.0,65000.0
275,1333.1911968,13.093400955,0.725460887,0.7297723889,0.7013181448,1.9936937094,55.426818848,0.4812420147127592,0.0,135.93411255,43.60088729899999,0.0,65000.0
276,1333.3431968,13.032766342,0.7160516381,0.7194596529,0.7050087452,2.0007317066,55.924442291000005,0.4812420016358063,0.0,135.61709595,43.630954742,0.0,65000.0
277,1333.4951968,13.281392097000001,0.7174373865000001,0.7164186239,0.7129120231,2.0069541931,55.585155487,0.48124196368683425,0.0,134.82777405,43.576797485,0.0,65000.0
278,1333.6471968,13.315957069000001,0.7268335223000001,0.7230924368000001,0.7337402701000001,2.0123286247,54.942455292,0.4812418635220486,0.0,133.75436401,43.620845795,0.0,65000.0
279,1333.7991968000001,13.201906204,0.7447358966,0.7375298142,0.7617164254000001,2.0173790455000002,54.471847534,0.48124172283937916,0.0,132.14352417,43.819408417,0.0,65000.0
280,1333.9511968,13.16012764,0.7615739106999999,0.7546147108,0.7894185781,2.0284216404,54.229213715,0.4812416495991045,0.0,131.25959778,44.172325134,0.0,65000.0
281,1334.1031968,13.158976555,0.7756834626000001,0.7700455189000001,0.8150129914,2.0385735035,54.467784882,0.481241708558836,0.0,131.61679077,43.930660248,0.0,65000.0
282,1334.2551968,13.167212485999999,0.7951768637000001,0.7868583798000001,0.8410199881,2.0451469421,54.641353607,0.48124161773224466,0.0,130.58004761,43.530437469,0.0,65000.0
283,1334.4071968,13.180532455,0.8561227322,0.8314386606,0.86281389,2.05052495,54.328929901,0.44253854109938423,0.0,128.40057373,43.211269378999994,0.0,70000.0
284,1334.5591968,13.159639359000002,0.9204277395999999,0.8950011729999999,0.8650767803,2.0600202084,53.367469788,0.44530460076828937,0.0,123.21694946,43.001945496000005,0.0,70000.0
285,1334.7111968,13.063379288,0.9647969006999999,0.9478031397,0.8568450809,2.071334362,51.759326935,0.445298324114098,0.0,116.12428284,42.679660797,0.0,70000.0
286,1334.8631968,12.929626465,0.9193679690000001,0.9370994568000001,0.8594073653000001,2.0654089450999997,50.672718048,0.445296071729978,0.0,113.73919678,42.635608673,0.0,70000.0
287,1335.0151968,12.810530663,0.8154358864,0.8561655879000001,0.8755304217000001,2.0380589962,51.664577484,0.4452979391868173,0.0,115.67926025,42.77734375,0.0,70000.0
288,1335.1671968,12.860061645999998,0.7461383939,0.7741730213,0.8768197893999999,1.9918363094,53.398853302,0.4453027312772538,0.0,120.85990143,42.841056824,0.0,70000.0
289,1335.3191968,13.094099997999999,0.7534375787,0.7513161898,0.8410692215000001,1.9517216682,54.424808502,0.4425387938045295,0.0,128.87342834,43.042263031000005,0.0,70000.0
290,1335.4711968000001,13.28621006,0.7779276967000001,0.7683618665,0.8018321990999999,1.9326832294,55.623809814,0.48124184216016125,0.0,132.96333313,43.053516388,0.0,65000.0
291,1335.6231968,13.299323082,0.7727683187000001,0.7748868465000001,0.7885603309,1.9219174385,56.266391754,0.48124172031501766,0.0,131.94863892,42.816623688,0.0,65000.0
292,1335.7751968,13.164822577999999,0.7538628578000001,0.7615933418,0.7951449156,1.9107377528999998,57.598419189,0.48124151183817243,0.0,129.87011719,42.870704651,0.0,65000.0
293,1335.9271968,13.164709090999999,0.7390757203,0.7455912828,0.8024674654,1.8957725763,59.395462036000005,0.48124140298890455,0.0,128.58808899,43.273597717,0.0,65000.0
294,1336.0791968,13.302010536,0.7500497698999999,0.7459143995999999,0.8052862882999999,1.8782576323,58.547134398999994,0.4812414926778434,0.0,128.96368408,43.503791809,0.0,65000.0
295,1336.2311968000001,13.408331871,0.7630204558,0.7576722503,0.79896909,1.8681352138999998,55.916297913,0.4812416014984515,0.0,129.77923584,43.448932648,0.0,65000.0
296,1336.3831968,13.535769463,0.7759807706,0.7704971433,0.7880787848999999,1.86939013,53.527988433999994,0.4812417139221291,0.0,130.37857056,43.405063629,0.0,65000.0
297,1336.5351968,13.369659424000002,0.7680299281999999,0.7710137367000001,0.7830066084999999,1.8809512854,52.594284058,0.4812417334589958,0.0,130.36993408,43.367141724,0.0,65000.0
298,1336.6871968,13.120783805999999,0.7610475420999999,0.7636312245999999,0.7877359986,1.8982684612,52.950408936,0.4812416679348451,0.0,129.61833191,43.263706207,0.0,65000.0
299,1336.8391968,13.095438004000002,0.7560452819,0.7580436468,0.7925215959999999,1.9104634523,54.320636748999995,0.481241625767454,0.0,129.31552124,43.07472229,0.0,65000.0
300,1336.9911968000001,13.141222954000002,0.7530363202,0.7544358373000001,0.7921239137999999,1.9157581329,55.898464203,0.4812417345986161,0.0,130.61540222,42.935680389,0.0,65000.0
301,1337.1431968,13.127155304,0.7539856434000001,0.7534926534,0.7901293635,1.9262725115000001,56.26012802100001,0.4812418563429456,0.0,131.86268616,42.840366364,0.0,65000.0
302,1337.2951968,13.066184044000002,0.7657910585,0.7608675957,0.7852791548,1.9409165382,55.815841675,0.481241905141625,0.0,132.41464233,42.789871216,0.0,65000.0
303,1337.4471968,13.022100449000002,0.7689409256,0.7677400112,0.7754978537999999,1.9434359074,56.281681061,0.48124195047786594,0.0,132.60212708,42.867424011,0.0,65000.0
304,1337.5991968,12.974645615,0.7523729204999999,0.758779645,0.7634554505,1.9440603256,57.65902710000001,0.4812420146168572,0.0,133.42781067,43.036251068,0.0,65000.0
305,1337.7511968000001,12.891566277,0.7305495143,0.7392312287999999,0.7529552579000001,1.9414725304,59.173225403000004,0.481242122471449,0.0,134.47944641,43.281803131000004,0.0,65000.0
306,1337.9031968,12.789914131,0.7212452887999999,0.7253798842,0.7518033384999999,1.9378999472,60.2460289,0.48124217304557876,0.0,134.95057678,43.549667358,0.0,65000.0
307,1338.0551968,12.66649437,0.7248789072,0.7235220670999999,0.7542416453,1.9361348152000002,61.07711792,0.4812421418301778,0.0,134.89532471,43.752880096000005,0.0,65000.0
308,1338.2071968,12.579541205999998,0.7240325212000001,0.7241631745999999,0.7531963587,1.9333263636000002,61.868621826,0.481242029308214,0.0,133.87811279,43.943778992,0.0,65000.0
309,1338.3591968,12.620280265999998,0.7143559456,0.7180155516,0.7480821609,1.9358100890999999,61.971466064,0.4812419553040451,0.0,132.8809967,44.060905457,0.0,65000.0
310,1338.5111968,12.724473,0.7072651981999999,0.7101065515999999,0.7414188384999999,1.9439901113999998,61.527576447,0.48124195545054443,0.0,132.33955383,44.011119843,0.0,65000.0
311,1338.6631968,12.799232482999999,0.7041227220999999,0.705735445,0.7464669347,1.9524466991,61.152496338,0.4812418678740714,0.0,131.65499878,43.935150146000005,0.0,65000.0
312,1338.8151968,12.868993759,0.7288769484000001,0.7187933921999999,0.7610536814,1.9618622065,61.107639313,0.48124183093345885,0.0,131.15026855,43.847801208,0.0,65000.0
313,1338.9671968,12.995088577,0.7624286413,0.7488113045999999,0.7690185905,1.9738453627,60.522125243999994,0.48124181032081625,0.0,130.66494751,43.663734436000006,0.0,65000.0
314,1339.1191968,13.159121512999999,0.7830297947,0.7747139335,0.7683463693000001,1.9784975052,58.94411087,0.4812417514918403,0.0,130.28552246,43.585540771000005,0.0,65000.0
315,1339.2711968,13.316637992999999,0.8058149218999999,0.7965468168000001,0.767164588,1.9716751575,57.214736938,0.4812417627259443,0.0,129.53440857,43.728065491,0.0,65000.0
316,1339.4231968000001,13.44692421,0.8183541298,0.8135870099,0.7763073443999999,1.9647800922,55.266231536999996,0.48124170157951646,0.0,128.61677551,43.761547089,0.0,65000.0
317,1339.5751968,13.478715897,0.8171121478,0.8177047968000001,0.7921665311,1.9626110791999998,53.723388672,0.4812416819392319,0.0,127.94887543,43.62518692,0.0,65000.0
318,1339.7271968,13.397021294000002,0.7934772372,0.803509593,0.8024435043000001,1.9605783224000002,53.608379363999994,0.4812416647044125,0.0,127.64414978,43.401531219,0.0,65000.0
319,1339.8791968,13.321411133,0.7675961852,0.7780439258,0.7996051311,1.9627505540999999,54.992473602,0.48124162902930656,0.0,127.71215819999999,43.18807601899999,0.0,65000.0
320,1340.0311968,13.360104560999998,0.7491592169,0.7563255429000001,0.7871990204000001,1.9715811013999998,57.159812927,0.4812416897902016,0.0,128.59677124,43.278850555,0.0,65000.0
321,1340.1831968000001,13.533220291,0.7582662106,0.7537993789,0.7822512387999999,1.9787306786,59.376869201999995,0.48124175686235116,0.0,129.67611694,43.299064636000004,0.0,65000.0
322,1340.3351968,13.675370216,0.7738845944,0.7674385309,0.7909075618000001,1.9791691303,61.685604095,0.4812417736612366,0.0,130.44822693,43.245113373,0.0,65000.0
323,1340.4871968,13.631980895999998,0.7703601122,0.7725160718,0.7909719348,1.9765816927000002,62.657852173,0.4812417797154816,0.0,130.49813843,43.099021912,0.0,65000.0
324,1340.6391968,13.517744064,0.7699999809,0.770147562,0.7797910571,1.9738259315,61.62322998,0.4812417041827444,0.0,129.50827026,43.04082489,0.0,65000.0
325,1340.7911968,13.519656180999998,0.7930666208,0.7832549809999999,0.7716678977,1.9715125561000002,60.319042206000006,0.4812415534836902,0.0,127.94814301,42.874610901,0.0,65000.0
326,1340.9431968000001,13.664723396,0.8051163554,0.80012995,0.7748764156999999,1.9617671966999999,60.322360992,0.4812415831985821,0.0,128.25737,42.795703888,0.0,65000.0
327,1341.0951968,13.706272125,0.7711406945999999,0.7855851054,0.7931076884,1.9374303818,60.764854431,0.4812417839700077,0.0,130.15179443,42.97530365,0.0,65000.0
328,1341.2471968,13.683051109,0.7268537879000001,0.7453184128,0.8177613020000001,1.9197763205,60.24553299,0.48124209307597215,0.0,132.66497803,43.185844421000006,0.0,65000.0
329,1341.3991968,13.859941483,0.7476249337,0.7375087737999999,0.8316400647,1.9303505421,59.253292083999995,0.48124230869830475,0.0,134.9107666,43.162960051999995,0.0,65000.0
330,1341.5511968,13.993876457,0.7973085045999999,0.7767751813,0.8206733465,1.9607217312,58.542297363,0.48124244460325805,0.0,136.01208496,43.13534545899999,0.0,65000.0
331,1341.7031968000001,13.972863197,0.8428058028000001,0.8244836329999999,0.8013080359,1.9900541306,58.251976013000004,0.48124240084837033,0.0,135.15763855,43.227306366,0.0,65000.0
332,1341.8551968,13.951849937,0.8171526790000001,0.8301287889,0.7924862504000001,2.0039663315,58.727630615,0.4812422972708932,0.0,133.95237732,43.330158233999995,0.0,65000.0
333,1342.0071968,13.951172829,0.7752361298,0.7926995158,0.7925041914000001,1.9966279268,59.52438736,0.4812421630665194,0.0,132.66296387,43.184043884,0.0,65000.0
334,1342.1591968,13.909603119000002,0.740428865,0.7544497252,0.8005313873000001,1.9730422497,59.79012298600001,0.48124201855337806,0.0,131.64099121,43.044712067,0.0,65000.0
335,1342.3111968,13.856016159000001,0.7217650414,0.729121685,0.8085355163,1.9553785324000001,60.025226593,0.4812420429340601,0.0,131.42025757,43.212924957,0.0,65000.0
336,1342.4631968,13.704906464,0.7191061378,0.7197095156000001,0.8025075197,1.9538234472,61.467353821,0.48124212762941454,0.0,132.62283325,43.390422821,0.0,65000.0
337,1342.6151968,13.499406815,0.7181091309000001,0.7184113264,0.7863078712999999,1.9581055641,63.113704681,0.4812424261848369,0.0,135.53805542,43.450870513999995,0.0,65000.0
338,1342.7671968,13.464224815,0.7242196798,0.7212640047,0.769945085,1.9613294601,62.770252228000004,0.48124271234657,0.0,138.31648254,43.490650177,0.0,65000.0
339,1342.9191968,13.492500305,0.7338556051,0.7296068072,0.7550037503,1.9560375213999999,60.498600006000004,0.48124282424853965,0.0,139.02113342,43.475517273,0.0,65000.0
340,1343.0711968,13.494106293,0.7402992249,0.7375436425,0.7418678998999999,1.9481970071999999,58.35382843,0.48124288905761403,0.0,138.69264221,43.443851471,0.0,65000.0
341,1343.2231968,13.487796783,0.7427604795,0.7417086363,0.7293961048000001,1.9516991377000001,58.769435883,0.4812429383280694,0.0,139.47869873,43.420635223000005,0.0,65000.0
342,1343.3751968000001,13.542746544000002,0.7429999709,0.7429432869,0.7197951078,1.9586718081999999,61.024700165,0.4812429770138892,0.0,140.31095886,43.42151260399999,0.0,65000.0
343,1343.5271968,13.579497337000001,0.7429999709,0.7429099679000001,0.7164950371,1.9585050344,62.34129715,0.48124298356053485,0.0,140.66169739,43.335384368999996,0.0,65000.0
344,1343.6791968,13.373304367000001,0.7403822540999999,0.7414246202,0.7167416811,1.9548829794,61.799922943,0.48124298138050675,0.0,140.53982544,43.05948257399999,0.0,65000.0
345,1343.8311968,13.12776947,0.7373890281000001,0.7386379242000001,0.716993928,1.9550848007,60.292324066000006,0.48124302514042033,0.0,140.12887573,43.010555267,0.0,65000.0
346,1343.9831968,13.118031502000001,0.7343978882,0.7357922792,0.7172401547,1.9549982548,58.836101532,0.4812430609918436,0.0,139.91624451,43.211963653999995,0.0,65000.0
347,1344.1351968000001,13.17782402,0.7322700024,0.7330462337,0.7174928784000001,1.9528322219999998,57.99439621,0.48124305209302104,0.0,139.44699097,43.434165955,0.0,65000.0
348,1344.2871968,13.205958365999999,0.7311379312999999,0.7313691378,0.7177385092,1.9544390440000001,58.081707001000005,0.48124302394860075,0.0,139.2015686,43.582965851000004,0.0,65000.0
349,1344.4391968,13.225030899000002,0.7310000062,0.7312377095,0.7179918289,1.9580657482,58.978313446,0.481243018983308,0.0,139.17427063,43.534942627,0.0,65000.0
350,1344.5911968,13.238394737,0.7318567634,0.7315369248,0.7191041708,1.9624626637,60.082233429,0.48124301501011874,0.0,139.20359802,43.293533325,0.0,65000.0
351,1344.7431968,13.245285034,0.7319999933,0.7317907214,0.7262893915,1.9662972688999998,60.987644196000005,0.48124299577322566,0.0,139.24067688,43.241329193,0.0,65000.0
352,1344.8951968000001,13.254232407,0.7319999933,0.7320353389,0.7373796701,1.968821764,61.382858276,0.481242990001682,0.0,139.27774048,43.244106293,0.0,65000.0
353,1345.0471968,13.266385077999999,0.7319999933,0.7322896718999999,0.7412480116,1.9687583446999999,61.278842926,0.48124295387081706,0.0,139.03359985,42.984336853,0.0,65000.0
354,1345.1991968,13.253199577,0.7328461409,0.7325338721,0.7408692241,1.9678230286000002,61.707431793000005,0.4812429359994177,0.0,138.93228149,42.621543884,0.0,65000.0
355,1345.3511968,13.181382179000002,0.7329999804,0.7327887416,0.7423209548,1.9680556059,62.974178314,0.4812428823784325,0.0,138.75791931,42.464435576999996,0.0,65000.0
356,1345.5031968,13.100108147,0.7329999804,0.7329881787,0.7437613009999999,1.9672505856,63.964347839,0.4812428375442861,0.0,138.26278687,42.578849792,0.0,65000.0
357,1345.6551968,13.084215164000002,0.7321615815000001,0.7327055931,0.7452573776000001,1.9679214954,63.268798828,0.4812428244281369,0.0,137.49711609,42.675266266,0.0,65000.0
358,1345.8071968,13.14109993,0.7311637998,0.7316773534000001,0.7464048862,1.9699565172,61.35182571399999,0.48124281074092073,0.0,136.92002869,42.669769287,0.0,65000.0
359,1345.9591968,13.175189972,0.7301667333,0.7304804921,0.7460207343,1.9705927372,61.00207901,0.4812427736185067,0.0,136.52905273,42.413520813000005,0.0,65000.0
360,1346.1111968,13.058799744000002,0.7291691303,0.729326725,0.7442685962000001,1.9710267782,62.40598678600001,0.48124269406568754,0.0,136.34843445,42.178546906,0.0,65000.0
361,1346.2631968,12.909600258,0.7281720042000001,0.728315115,0.7428296208,1.9722387791,62.728427886999995,0.4812426897452476,0.0,135.88847351,42.218826294,0.0,65000.0
362,1346.4151968,12.932443619,0.7279999852,0.7278850079000001,0.7456843257,1.9754648209,61.251838684,0.4812425991911561,0.0,134.62834167,42.33159256,0.0,65000.0
363,1346.5671968000001,13.078950882000001,0.7329358459,0.7307450770999999,0.7575794458,1.9769222736,59.245819092,0.481242567582721,0.0,133.74568176,42.502544403,0.0,65000.0
364,1346.7191968,13.227958679,0.7545060515,0.7448641062000001,0.7739037871,1.9777097702000002,58.269515991000006,0.48124252748522844,0.0,133.32272339,42.671981812,0.0,65000.0
365,1346.8711968,13.35474968,0.777798593,0.7688745856,0.7889049053,1.9796262980000001,58.325969696,0.48124255325834675,0.0,133.20970154,42.787818909,0.0,65000.0
366,1347.0231968,13.460596085,0.7852597237000001,0.7839742899,0.7980042695999999,1.9818171263,58.169578552,0.48124252388348104,0.0,133.13208008,42.766254425,0.0,65000.0
367,1347.1751968,13.518462180999999,0.7713836432,0.7787834406,0.7967338562,1.9781564474000002,58.292915343999994,0.4812425822589899,0.0,133.50209045,42.659557343,0.0,65000.0
368,1347.3271968000001,13.508260727,0.7493789195999999,0.7586189508,0.7896512151,1.9683095217,59.88161850000001,0.48124256990015485,0.0,133.9208374,42.443500519000004,0.0,65000.0
369,1347.4791968,13.459892273,0.7256389856000001,0.735201478,0.7803582549,1.9569261074000002,62.002925873,0.4812425896092951,0.0,134.37158203,42.116458893,0.0,65000.0
370,1347.6311968,13.416548729,0.7025011778,0.7119452953000001,0.7706969976000001,1.9470052719,63.519001007,0.481242633594274,0.0,134.92832947,41.968570709,0.0,65000.0
371,1347.7831968,13.401364326,0.6835632323999999,0.6909543872,0.7600444555,1.9438062906,64.458679199,0.4812426816348927,0.0,135.68841553,41.952209473,0.0,65000.0
372,1347.9351968,13.421106339000001,0.6712094545,0.675573051,0.7508475184000001,1.9501292706,64.743385315,0.48124274814550017,0.0,136.51737976,42.076869965,0.0,65000.0
373,1348.0871968000001,13.465929985,0.6682032347,0.6685039401,0.7459701895999999,1.9592440128,64.097557068,0.4812428469063585,0.0,137.19177246,42.123931885,0.0,65000.0
374,1348.2391968,13.502746582,0.6743506789,0.6710088253000001,0.7444787025,1.9673185349000002,62.184902191000006,0.48124299708463464,0.0,137.86351013,42.164516449000004,0.0,65000.0
375,1348.3911968,13.521188736,0.6894540787000001,0.6823650001999999,0.7450689077,1.9733883142,59.739391327,0.4812430915898877,0.0,138.10105896,42.149467468000005,0.0,65000.0
376,1348.5431968,13.533218384000001,0.7111361026999999,0.701761663,0.747857511,1.9774599075,57.182415008999996,0.4812431151669527,0.0,137.7802124,41.97661972,0.0,65000.0
377,1348.6951968,13.559635162000001,0.7372246981,0.7265688181000001,0.7554171681,1.9768425226,55.153316498,0.48124311825884947,0.0,137.07061768,42.067207335999996,0.0,65000.0
378,1348.8471968000001,13.588944435,0.7539650202,0.7485371231999999,0.76735425,1.9722472429,54.003177643,0.4812429926990512,0.0,135.68283081,42.194072723000005,0.0,65000.0
379,1348.9991968,13.609434128,0.7640270591,0.7606452703000001,0.7810500859999999,1.9694801569,53.473731995,0.4812427814403681,0.0,133.47357178,41.976955414,0.0,65000.0
380,1349.1511968,13.621412277000001,0.7667779326,0.7664398551,0.789193809,1.9679855108000002,53.991970062,0.48124246696466366,0.0,131.19650269,41.480373383,0.0,65000.0
381,1349.3031968,13.626087189000001,0.7600207925,0.7637389898,0.7832019925,1.9605642557,55.99768447899999,0.4812422593557799,0.0,129.44541931,41.114501953,0.0,65000.0
382,1349.4551968,13.657513618,0.7440932989,0.7516309619,0.7706702352,1.9510194063,58.737442017,0.4812420904223442,0.0,128.45802307,41.325996399,0.0,65000.0
383,1349.6071968,13.775338173,0.7269073129000001,0.7337766290000001,0.7560946345,1.9482201338,60.99840927100001,0.4812421320649063,0.0,129.28555298,41.622333526999995,0.0,65000.0
384,1349.7591968,13.981381416,0.7099561095,0.7165504098000001,0.7396034598000001,1.9557093382,61.665664673,0.4812424471602684,0.0,131.79981995,41.889331818,0.0,65000.0
385,1349.9111968,14.159234047,0.6991164087999999,0.7030905485,0.7259999514,1.9658200741,61.048217773000005,0.4812427397825915,0.0,134.15641785,42.180454254000004,0.0,65000.0
386,1350.0631968,14.23943615,0.7015755176999999,0.6994544864,0.7215410470999999,1.9708884953999999,59.760677338,0.48124295938017486,0.0,135.72189331,42.401229858,0.0,65000.0
387,1350.2151968,14.311120987,0.7083180547,0.7055236101000001,0.7266142964,1.9669624567,58.370140076000006,0.48124302642116096,0.0,136.57116699,42.267944336,0.0,65000.0
388,1350.3671968,14.229194641,0.7130290866,0.7114125490000001,0.7323433757,1.9675740004,57.268119811999995,0.48124311991174523,0.0,136.63835144,42.095134735,0.0,65000.0
389,1350.5191968000001,13.993798256,0.7109823227,0.7123960853,0.7307085395,1.9772304296,56.757995605,0.4812431205155159,0.0,136.54864502,42.001419067,0.0,65000.0
390,1350.6711968,13.878768920999999,0.7017284631999999,0.706335485,0.7280217409,1.9850674868,56.374416351,0.4812431255639039,0.0,136.47618103,41.809295654,0.0,65000.0
391,1350.8231968,13.780905724,0.69225806,0.6960609555,0.7255629301000001,1.9868580103,55.752067566,0.4812431972451903,0.0,136.72862244,41.734771729,0.0,65000.0
392,1350.9751968,13.696741104,0.6914932728000001,0.6908919810999999,0.7230657934999999,1.9861007928999999,56.123523712,0.4812432303875275,0.0,137.12619019,41.764091492,0.0,65000.0
393,1351.1271968,13.645273209,0.6986941098999999,0.6952912806999999,0.7201321720999999,1.9813261032,58.253890991000006,0.48124319055247955,0.0,136.81564331,41.909141541,0.0,65000.0
394,1351.2791968000001,13.629694939,0.7024826406999999,0.7019835711,0.7165372372,1.97648561,60.491191863999994,0.48124306438153003,0.0,136.39735413,42.186294556,0.0,65000.0
395,1351.4311968,13.654773712,0.7052154541,0.7042106986,0.7126816511,1.9716923237000001,60.561443329,0.48124307616471584,0.0,136.01885986,42.316478729,0.0,65000.0
396,1351.5831968,13.730912209000001,0.7082080245,0.7069100737999999,0.7109046578,1.9714390038999998,59.524856567,0.48124302508480654,0.0,135.24754333,42.336208344,0.0,65000.0
397,1351.7351968,13.809856415,0.7141322494,0.7117319107,0.7154978514,1.972566843,57.716991425,0.4812429891746702,0.0,134.29942322,42.339199066,0.0,65000.0
398,1351.8871968,13.868704796,0.7174614072,0.7167620063,0.7255067825,1.9688915014,55.963542938,0.4812429119366861,0.0,133.34519958,42.362651825,0.0,65000.0
399,1352.0391968000001,13.965932846,0.7201853395000001,0.7190145254000001,0.7354091406000001,1.9559489489,55.020015717,0.48124286642236547,0.0,132.83065796,42.409606934,0.0,65000.0
400,1352.1911968,14.081448555,0.7239024639,0.7223734856,0.7459456325,1.9373785257,54.745361328,0.48124298355346806,0.0,133.52580261,42.286136627,0.0,65000.0
401,1352.3431968,14.164329529000002,0.7242768407,0.7243097425,0.7551059723000001,1.9314184188999999,54.340454101999995,0.4812431152424122,0.0,135.19338989,42.042369843,0.0,65000.0
402,1352.4951968,14.232662200999998,0.7211188078,0.7223880887,0.7587720156000001,1.9469193219999998,53.976718903000005,0.4812433211627597,0.0,136.66638184,42.214622498000004,0.0,65000.0
403,1352.6471968,14.319793700999998,0.7192821503,0.7193779945000001,0.7573898434999999,1.9677717686000002,53.985301971000005,0.4812434390969218,0.0,137.28875732,42.307128905999996,0.0,65000.0
404,1352.7991968000001,14.437055588,0.7168550491,0.7178301215,0.7523567676999999,1.9755125046000002,54.275848389,0.48124346549333735,0.0,137.59561157,42.188739776999995,0.0,65000.0
405,1352.9511968,14.621761322000001,0.7095875144,0.7129115462000001,0.7419532537000001,1.9800572394999998,54.77020645100001,0.48124343780265605,0.0,137.74275208,41.91399765,0.0,65000.0
406,1353.1031968,14.824935913,0.7013225555,0.7046014071,0.7271834016,1.9875560999000002,55.662765503,0.48124345232556476,0.0,137.88137817,41.897228241,0.0,65000.0
407,1353.2551968,14.913844109000001,0.6968784332,0.6981256008,0.7174678445,1.9898914099,57.208358765,0.4812434059826061,0.0,138.04582214,41.877788544,0.0,65000.0
408,1353.4071968,14.872243881,0.6995218395999999,0.6978172064,0.71887815,1.9851305485,58.856861115,0.4812434510156079,0.0,138.44726563,42.010551453000005,0.0,65000.0
409,1353.5591968,14.703209877,0.7009999751999999,0.700600028,0.7202905416,1.9855918884000001,60.19627380399999,0.48124349911929604,0.0,139.17926025,42.001304626,0.0,65000.0
410,1353.7111968,14.482346535,0.6982038020999999,0.6996133924,0.7205896973999999,1.9923228025,60.163730621000006,0.48124361844144736,0.0,139.59521484,42.236343384,0.0,65000.0
411,1353.8631968,14.457958220999998,0.694213748,0.6960547565999999,0.7208889127,1.9975965023,58.739116669,0.4812436683469056,0.0,139.71417236,42.339855194,0.0,65000.0
412,1354.0151968,14.754188538,0.6909170747,0.6922777295,0.7208650708,1.9992984533000002,57.545333862,0.4812436064096796,0.0,139.1555481,42.188503265,0.0,65000.0
413,1354.1671968,14.763255119,0.6927659512000001,0.6914646626000001,0.7192808986,2.0022823811,57.349422455,0.4812435548476322,0.0,138.28764343,42.351501465,0.0,65000.0
414,1354.3191968,14.501893997,0.6933110356000001,0.6938098073000001,0.7157907486,2.0022583008000003,57.620307921999995,0.48124347503360215,0.0,137.1706543,42.466777801999996,0.0,65000.0
415,1354.4711968000001,14.298389435,0.6902552843,0.6915423274,0.7123280764,1.9954125881,58.296115875,0.4812432907799015,0.0,135.67472839,42.406440735,0.0,65000.0
416,1354.6231968,14.279372215,0.6869489551000001,0.6880791783,0.7097302079000001,1.9851338862999999,59.85747146600001,0.4812431067966881,0.0,134.33192444,42.314468384,0.0,65000.0
417,1354.7751968,14.107430458,0.6846382618000001,0.6854669452,0.7093841434,1.9832105637000002,59.625137329,0.481243073831318,0.0,133.67420959,42.247188568,0.0,65000.0
418,1354.9271968,13.83694458,0.6840000153,0.6841555238,0.7096555233,1.9943939447,58.944690703999996,0.48124313344744807,0.0,133.83558655,42.266986847,0.0,65000.0
419,1355.0791968,13.665066719,0.6833244562,0.6839146614,0.7098825574,1.9993631840000001,58.496444702,0.48124326936863804,0.0,134.83808899,42.397144318,0.0,65000.0
420,1355.2311968000001,13.571404457,0.6809808612,0.6820555329000001,0.7094462514000001,1.9896959066,57.96844101,0.4812434863600644,0.0,136.71972656,42.542537689,0.0,65000.0
421,1355.3831968,13.510402679,0.6773189902,0.6788821815999999,0.7071331739,1.9753656387,57.492984772,0.48124376076418574,0.0,138.71817017,42.6627388,0.0,65000.0
422,1355.5351968,13.487102509000001,0.6753322481999999,0.6760795116,0.7067752481,1.969088912,58.035263062,0.4812439348667951,0.0,139.91670227,42.732051849,0.0,65000.0
423,1355.6871968,13.54969883,0.6829793453,0.6783780456,0.7103177905,1.9749127625999998,59.652565001999996,0.48124393888875605,0.0,140.37501526,42.774597168,0.0,65000.0
424,1355.8391968,13.738530159000002,0.6929617523999999,0.6894564033,0.7112524509,1.9803949593999999,61.367729186999995,0.48124389980268834,0.0,140.5443573,42.805221558,0.0,65000.0
425,1355.9911968000001,13.976281166,0.6973203420999999,0.6963968873,0.7114778161,1.9781016111,62.692676543999994,0.48124386892013316,0.0,140.60009766,42.815982819,0.0,65000.0
426,1356.1431968,14.236440659000001,0.6953704953000001,0.6970202923000001,0.7117771506,1.9707033634,63.314006805,0.4812438989992357,0.0,140.73034668,42.818973541,0.0,65000.0
427,1356.2951968,14.456309319,0.6907257438,0.6926798223999999,0.7120508552,1.9655457735,63.008430481000005,0.4812439223740872,0.0,141.22233582,42.734214783,0.0,65000.0
428,1356.4471968,14.633581160999999,0.6890000104999999,0.6891503929999999,0.7122755051,1.9638181925,62.126049042,0.4812440596801899,0.0,142.31733704,42.527938843,0.0,65000.0
429,1356.5991968,14.859336853,0.6922476888,0.6904698014,0.7126493454,1.9584857225,61.249946593999994,0.4812442464667218,0.0,143.80621338,42.262081146,0.0,65000.0
430,1356.7511968000001,14.840979575999999,0.6972337961,0.6951583028,0.7136175631999999,1.9518899918000001,60.370857238999996,0.48124444349091905,0.0,145.09976196,41.989082335999996,0.0,65000.0
431,1356.9031968,14.510091782,0.6996442079999999,0.6991140842,0.715760231,1.9549742937,59.324157715,0.48124450069486774,0.0,145.60960388,41.9451828,0.0,65000.0
432,1357.0551968,14.23880291,0.6961513162,0.698784411,0.7177169918999999,1.9594708681,58.292346953999996,0.4812445386622987,0.0,145.42367554,42.013771057,0.0,65000.0
433,1357.2071968,14.26259613,0.6882498264,0.6915794611,0.7163747548999999,1.9649577140999999,58.174736023,0.48124453519390764,0.0,144.81915283,41.909496307,0.0,65000.0
434,1357.3591968,14.102575302,0.6856361628000001,0.6850122809,0.711951673,1.9695394038999998,58.026420593000005,0.48124444769069313,0.0,144.23182678,41.951869965,0.0,65000.0
435,1357.5111968,13.695636749,0.6898015141,0.6872375011,0.7184368968000001,1.9756397009,57.651870728,0.48124448591981267,0.0,144.21138,42.163360596,0.0,65000.0
436,1357.6631968,13.400046349,0.696415782,0.6938226223,0.7171617746,1.9744158983000002,58.418533325,0.4812445729709031,0.0,144.51037598,42.047397614,0.0,65000.0
437,1357.8151968,13.313349724000002,0.7021414042,0.7001553774,0.7139924168999999,1.9688912630000002,59.86920166,0.4812445790291469,0.0,144.89752197,41.790523529,0.0,65000.0
438,1357.9671968,13.294157027999999,0.7046254873000001,0.7045577765000001,0.7110140323999999,1.9696732759,61.110988617,0.48124456912105207,0.0,145.07270813,41.671092987,0.0,65000.0
439,1358.1191968,13.237555504000001,0.6937866211,0.7011538148,0.7089776993000001,1.9701406956,62.135578156,0.48124453841963655,0.0,144.95376587,41.850215911999996,0.0,65000.0
440,1358.2711968,13.105233192,0.6783100367,0.6841430068000001,0.7081297636,1.9652637243000002,61.504592896000005,0.48124457349715977,0.0,144.77554321,42.122211456,0.0,65000.0
441,1358.4231968000001,12.955476761,0.6674383879,0.6707500815,0.7021354437,1.9635622500999999,61.809299468999995,0.48124461260530843,0.0,144.83332825,42.148498535,0.0,65000.0
442,1358.5751968,12.904624939000001,0.6590768695,0.6622745991,0.6884027719,1.9694529772,65.68400573699999,0.4812445221457875,0.0,145.18978882,41.979381561,0.0,65000.0
443,1358.7271968,12.996253967000001,0.6523240805,0.6545171142,0.6811637281999999,1.9742513894999998,68.654678345,0.48124449977265266,0.0,145.60516357,42.070541381999995,0.0,65000.0
444,1358.8791968,13.239801407,0.6561008096000001,0.6524896622,0.6825728416,1.9739933014,68.983703613,0.4812444876448356,0.0,145.73165894,42.373615265,0.0,65000.0
445,1359.0311968,13.507164955,0.6636440158,0.6613042355,0.6878280640000001,1.9765905141999998,68.343399048,0.4812445434414729,0.0,145.55169678,42.443340301999996,0.0,65000.0
446,1359.1831968000001,13.736317635,0.6696286201,0.667524755,0.6917756796,1.9839738607,66.968414307,0.48124448151391525,0.0,145.14216614,42.202381134,0.0,65000.0
447,1359.3351968,13.998976707,0.6780202389,0.6742363572,0.6954253316,1.9918110371000002,64.720504761,0.48124449813307507,0.0,144.60185242,41.998767853000004,0.0,65000.0
448,1359.4871968,14.21102047,0.6843978167,0.6826555133,0.6979994178,1.998272419,62.835922241000006,0.4812445755697051,0.0,144.64529419,41.930820465,0.0,65000.0
449,1359.6391968,14.10593605,0.6818229556000001,0.6844617128,0.6981248259999999,2.0038719177,62.688884735,0.4812446663173178,0.0,145.06394958,42.006702423,0.0,65000.0
450,1359.7911968,13.996646880999998,0.6784058809000001,0.6790699959000001,0.6953498125,2.0042662621000003,65.64636993399999,0.4812446399367699,0.0,145.36468506,42.224258423,0.0,65000.0
451,1359.9431968000001,13.942223549000001,0.6762257814,0.6772027612,0.687964499,1.9955477715,68.475578308,0.48124456507126034,0.0,145.49026489,42.336914063,0.0,65000.0
452,1360.0951968,13.939034462,0.6714670657999999,0.6739103794,0.6852090359,1.9838627577,71.919723511,0.48124444564539465,0.0,145.657547,42.200271606,0.0,65000.0
453,1360.2471968,14.023443222000001,0.6654806137,0.6676286459,0.682765305,1.9753216505000002,74.319770813,0.48124440172489724,0.0,146.01390076,42.258613585999996,0.0,65000.0
454,1360.3991968,14.153116226,0.6589130759,0.6613438129,0.6816486716,1.9705082178,75.297103882,0.48124440183362155,0.0,146.4258728,42.33864212,0.0,65000.0
455,1360.5511968,14.225009918,0.6542562246,0.6557303667000001,0.6835973262999999,1.970172286,76.19622039800001,0.4812444348177366,0.0,146.57287598,42.228069305,0.0,65000.0
456,1360.7031968000001,14.192564964,0.6599423885,0.6556494236,0.6858099103,1.9697514772,76.786705017,0.4812443450740882,0.0,146.33517456,42.191192627,0.0,65000.0
457,1360.8551968,14.020507813,0.6724871993000001,0.6673087478,0.6886991858,1.9651430845,75.923126221,0.4812443857369478,0.0,146.09732056,42.332523346,0.0,65000.0
458,1361.0071968,13.738685607999999,0.6837322116,0.6794463395999999,0.6945585012000001,1.9596654177000001,74.245452881,0.4812445260742958,0.0,145.9672699,42.445503235,0.0,65000.0
459,1361.1591968,13.671845436,0.6885706186,0.687936008,0.7012388706,1.9591599703,73.161643982,0.48124457833730366,0.0,146.01950073,42.485824585,0.0,65000.0
460,1361.3111968,13.843711853,0.6895679235,0.6888178587,0.7075374126,1.9575837851,71.789077759,0.4812446177074613,0.0,145.82069397,42.541618346999996,0.0,65000.0
461,1361.4631968,13.98572731,0.6911305784999999,0.6902458072,0.7111999989,1.9594984055000002,71.369010925,0.48124456841648433,0.0,145.43768311,42.616226196,0.0,65000.0
462,1361.6151968,13.778749465999999,0.6869365573,0.6905881166,0.7126118540999999,1.9689013958000001,70.114303589,0.48124462045090094,0.0,145.37098694,42.673503876,0.0,65000.0
463,1361.7671968,13.582653999000001,0.6886000037000001,0.6848139167,0.7212864161,1.9793951511,66.098388672,0.48124480359615684,0.0,145.26689148,42.585720062,0.0,65000.0
464,1361.9191968,13.499995232,0.6946718693,0.6933341026000001,0.7297939658,1.9870823622,63.176612854,0.4812449223245026,0.0,145.28695679,42.385967255,0.0,65000.0
465,1362.0711968,13.474017143,0.6965546608,0.6962464452,0.7368343472,1.9944071769999998,61.532634735,0.48124497830859836,0.0,145.43739319,42.235313416,0.0,65000.0
466,1362.2231968,13.502703667,0.6970000267,0.6965455412999999,0.7401481867,1.9931561947,59.06582641600001,0.4812450929111778,0.0,145.62733459,42.141490936,0.0,65000.0
467,1362.3751968000001,13.589143753,0.6959005594,0.6965908408,0.7379553318000001,1.9885965586,58.61682510399999,0.48124516189526784,0.0,145.96731567,42.022190094,0.0,65000.0
468,1362.5271968,13.708804130999999,0.6928115487000001,0.6947408915000001,0.7294065356,1.9860070944,60.390075683999996,0.48124508399462146,0.0,146.01763916,41.876121521,0.0,65000.0
469,1362.6791968,13.809070587,0.6855558156999999,0.6895310879000001,0.7247475981999999,1.9833201169999999,62.388080597,0.481245052069039,0.0,146.23765564,41.779514313,0.0,65000.0
470,1362.8311968,13.862328529000001,0.6755819917,0.6798754929999999,0.727689445,1.9765260219999998,64.399330139,0.4812449785940648,0.0,146.34297180000002,41.786506653000004,0.0,65000.0
471,1362.9831968,13.895624160999999,0.6650698185,0.6690871716,0.7241761684,1.9712245463999998,64.849746704,0.4812449965253671,0.0,146.15571594,41.92559433,0.0,65000.0
472,1363.1351968000001,13.931131362999999,0.6578540802,0.6592381001,0.7123204470000001,1.9755346775,65.156517029,0.4812450009901361,0.0,146.03715515,42.170143126999996,0.0,65000.0
473,1363.2871968,13.98315239,0.6624056101,0.6578083038,0.699411571,1.9788472652000002,65.34486389199999,0.48124499016250183,0.0,145.86885071,42.457004547,0.0,65000.0
474,1363.4391968,14.014848709,0.6733116508,0.6689183115999999,0.6898570656999999,1.9823608397999999,66.343772888,0.4812449583642167,0.0,145.63142395,42.729385375999996,0.0,65000.0
475,1363.5911968,14.016296387,0.6748290658,0.677020669,0.6960919498999999,1.9815489054,67.297599792,0.48124493164218085,0.0,145.15118408,42.960567473999994,0.0,65000.0
476,1363.7431968,13.975605010999999,0.6725258231,0.6724250317,0.7047259212,1.9786765575,67.518249512,0.4812448198229353,0.0,144.31761169,43.063102721999996,0.0,65000.0
477,1363.8951968000001,13.867245674000001,0.6714304686,0.6722556948999999,0.7087689042,1.9850459099000002,65.399040222,0.48124481446229217,0.0,143.19750977,43.066570282,0.0,65000.0
478,1364.0471968,13.678936958,0.6694794893,0.6696552634,0.7111105323,1.9863657951,64.815818787,0.4812447167290303,0.0,142.12965393,43.069042206000006,0.0,65000.0
479,1364.1991968,13.540194511,0.6700357795,0.6688706279,0.7083294392,1.9836117029,64.553489685,0.48124473486214514,0.0,141.77198792,43.045658112,0.0,65000.0
480,1364.3511968,13.490535735999998,0.6746065617,0.6717185974,0.7029656172,1.9875762463,64.368888855,0.48124468907600126,0.0,141.65104675,42.973022461000006,0.0,65000.0
481,1364.5031968,13.470590590999999,0.6779999733,0.6779999733,0.7010290623000001,1.9939855337,65.420806885,0.48124477981778047,0.0,142.26014709,42.81211853,0.0,65000.0
482,1364.6551968,13.454133034000002,0.6795309186,0.6783519387000001,0.7070008515999999,1.9908070563999998,67.591300964,0.4812447677398688,0.0,143.1247406,42.502941132,0.0,65000.0
483,1364.8071968,13.433281897999999,0.6911531090999999,0.6833296418000001,0.7160631418000001,1.9859170914,69.493675232,0.48124470565849914,0.0,143.29380798,42.138412476,0.0,65000.0
484,1364.9591968,13.399643897999999,0.70756495,0.7024712563,0.7248536348000001,1.9928629398,70.238723755,0.48124467583013275,0.0,143.27055359,41.943721771,0.0,65000.0
485,1365.1111968,13.343095779,0.7145023345999999,0.7142508626,0.7319102287,2.0007238388,70.266525269,0.48124473551777985,0.0,143.39054871,41.907962799,0.0,65000.0
486,1365.2631968,13.290221214,0.7149999737999999,0.7146900295999999,0.7377272248000001,1.9978770018,70.37769317600001,0.4812447331820726,0.0,143.55328369,41.901500702,0.0,65000.0
487,1365.4151968,13.257489204,0.7140059471,0.7144361734,0.7416288853,2.0031540394,70.901557922,0.4812447309038323,0.0,143.70275879,41.904491425,0.0,65000.0
488,1365.5671968000001,13.234595299,0.7120112777,0.7127307057,0.7418624162999999,2.012335062,70.37196350100001,0.48124475648737697,0.0,143.48001099,41.916381836,0.0,65000.0
489,1365.7191968,13.200037003,0.7100165486,0.71092695,0.7410628796,2.0139350891,70.459358215,0.48124471192238255,0.0,142.79833984,42.031734467,0.0,65000.0
490,1365.8711968,13.150053024000002,0.7080218792,0.7090135217,0.7362114787,2.0065450668,70.817443848,0.4812446312103796,0.0,142.22741699,42.282318115,0.0,65000.0
491,1366.0231968,13.118143082000001,0.7060272098,0.7069183588,0.7314162254000001,1.99817729,70.624641418,0.4812446567109707,0.0,142.10987854,42.519039154,0.0,65000.0
492,1366.1751968,13.164528847,0.7054837345999999,0.7051085234000001,0.7342427373,1.9911241531000001,70.612342834,0.48124466759028944,0.0,142.07582092,42.589748383,0.0,65000.0
493,1366.3271968000001,13.278374672,0.709848702,0.7069494724,0.7407032847,1.9858107566999998,71.829124451,0.48124464820522295,0.0,142.32478333,42.490470886,0.0,65000.0
494,1366.4791968,13.313782692,0.7197459936,0.7152225970999999,0.7468534708,1.9848781824000001,73.310577393,0.4812446714352583,0.0,142.56315613,42.43964386,0.0,65000.0
495,1366.6311968,13.208774567,0.7340952754000001,0.7273519039,0.7526552676999999,1.9851930141,75.439712524,0.4812445663603726,0.0,142.38471985,42.528240204,0.0,65000.0
496,1366.7831968,12.970708847000001,0.7467880845,0.7432194352,0.7587174177,1.9772316216999999,78.032218933,0.4812444392180837,0.0,142.35301208,42.527442932,0.0,65000.0
497,1366.9351968,12.840164185,0.7467620373,0.7504649162,0.7658715248000001,1.969463706,78.148498535,0.4812445213862614,0.0,142.71720886,42.397785187,0.0,65000.0
498,1367.0871968000001,12.794325829000002,0.7401271462000001,0.7418364881999999,0.7741296887000001,1.9624270200999998,76.445976257,0.48124467061306636,0.0,143.27210999,42.254554749,0.0,65000.0
499,1367.2391968,12.785805702000001,0.7389311194,0.7382978796999999,0.7840173243999999,1.9634199142,74.91751098600001,0.4812447695340974,0.0,143.58244324,42.158824921,0.0,65000.0
500,1367.3911968,12.774710655,0.7423144579000001,0.7400485873,0.7813377976000001,1.9723436831999999,72.027076721,0.4812448499256805,0.0,143.30091858,42.026111603000004,0.0,65000.0
501,1367.5431968,12.731665610999999,0.7477615476,0.7456416488,0.7804179788,1.9729460478,69.946784973,0.48124483142425856,0.0,142.54969788,41.836372375,0.0,65000.0
502,1367.6951968,12.665723800999999,0.7519151568000001,0.7511081695999999,0.7807171345,1.9722936153,69.90184021,0.48124480323161967,0.0,142.03347778,41.84563446,0.0,65000.0
503,1367.8471968000001,12.624415398,0.753000021,0.7529163956999999,0.7810164094,1.9758551121,72.290359497,0.48124477656818465,0.0,142.23019409,41.86057663,0.0,65000.0
504,1367.9991968,12.685385704000002,0.7552613020000001,0.7534683943000001,0.7814238667,1.9822580814,74.934898376,0.48124481973784594,0.0,143.73760986,41.788234711,0.0,65000.0
505,1368.1511968,12.863617897000001,0.7656439543000001,0.7591996789,0.7838529944,1.9871530533000001,78.128196716,0.48124489991769903,0.0,145.67684937,41.926498413000004,0.0,65000.0
506,1368.3031968,13.178499222000001,0.7790225148000001,0.7750613093000001,0.7868800162999999,1.9903730154,81.83003234899999,0.4812449370966493,0.0,147.23320007,42.11807251,0.0,65000.0
507,1368.4551968,12.99639225,0.7888915539,0.7848448753,0.7883678675,1.9961555004,85.855964661,0.4812447964281452,0.0,147.78970337,42.142990112,0.0,65000.0
508,1368.6071968,12.997444153,0.7954421043000001,0.7945626378,0.7854164839,2.0017125607,87.50897979700001,0.48124471821816905,0.0,147.84562683,42.06022644,0.0,65000.0
509,1368.7591968,12.972805977,0.7920456529000001,0.7956317067,0.7836124301,2.0017209053,85.732566833,0.4812447497623287,0.0,146.93638611,41.946727753000005,0.0,65000.0
510,1368.9111968,12.905571938,0.7813220023999999,0.7860455513,0.7865378261,1.994643569,82.329612732,0.48124487548114525,0.0,146.46749878,41.889022827,0.0,65000.0
511,1369.0631968,12.896319389,0.7674890756999999,0.7737866640000001,0.7908596992,1.9912159443000002,79.520195007,0.48124512281288373,0.0,147.41233826,41.791564941,0.0,65000.0
512,1369.2151968,12.950428963,0.7551168799,0.7590091228,0.8129712939,2.0095045567,77.978263855,0.4812453256833972,0.0,148.30563354,41.717769623,0.0,65000.0
513,1369.3671968,13.035626410999999,0.7551449537,0.7505739926999999,0.8336532712000001,2.0378649235,77.74823761,0.4812453062879406,0.0,148.06819153,41.767719269000004,0.0,65000.0
514,1369.5191968000001,13.119091034,0.7922565937,0.7646895646999999,0.8455517887999999,2.07067132,76.59148407,0.4425541473078407,0.0,146.18130493,41.779018402,0.0,70000.0
515,1369.6711968,13.153837204,0.8800010681,0.8364007473,0.8587534428,2.1181504726,76.217453003,0.44255337814266743,0.0,141.82090759,41.725883484,0.0,70000.0
516,1369.8231968,13.247605324,0.9637794495,0.9454367161,0.8731624484,2.1598587036000003,76.65345764199999,0.442552320010345,0.0,135.12672424,41.603870392,0.0,70000.0
517,1369.9751968,13.442860603,0.9533693194,0.9867317676999999,0.8854230642,2.1423239708,78.639686584,0.4425518559346369,0.0,130.2440033,41.467788696,0.0,70000.0
518,1370.1271968,13.564396858,0.8698352575,0.8997095226999999,0.8968727589,2.0451350212,82.078117371,0.4425523703168381,0.0,128.59005737,41.207813263,0.0,70000.0
519,1370.2791968000001,13.568655968,0.8099005818,0.8260717987999999,0.8950789571,2.0042369366,83.480133057,0.4425528749530432,0.0,129.78482056,40.909637451,0.0,70000.0
520,1370.4311968,13.44238472,0.7865898013,0.7881786226999999,0.8862682581,1.999630332,83.071647644,0.4812434490185594,0.0,135.10704041,40.892971039,0.0,65000.0
521,1370.5831968,13.330350875999999,0.7912973762000001,0.7863131762000001,0.8739876746999999,1.9932286738999998,80.173103333,0.4812446166143118,0.0,143.05691528,40.948368073000005,0.0,65000.0
522,1370.7351968,13.360311507999999,0.8079151511,0.7997165321999999,0.8607649803,1.9966825247,75.57850647,0.48124532469120995,0.0,146.96968079,40.841869354,0.0,65000.0
523,1370.8871968,13.454724312,0.8290531039,0.8212608695,0.8543467522,2.0118937492,72.51714325,0.4812455003868953,0.0,147.1635437,40.672782898,0.0,65000.0
524,1371.0391968000001,13.494100570999999,0.8485984802,0.8406015634999999,0.8692017794,2.0098993778,71.89691925,0.4812454449685656,0.0,146.46417236,40.540206909,0.0,65000.0
525,1371.1911968,13.505973816,0.8659601808,0.8594588637,0.8913516998000001,2.0006203651,73.439437866,0.48124541266424775,0.0,146.82783508,40.459747314,0.0,65000.0
526,1371.3431968,13.672857285,0.8789460659,0.8746326566,0.9027494788,2.0021927357,74.290519714,0.4812456296442987,0.0,148.69807434,40.428760529,0.0,65000.0
527,1371.4951968,14.1130867,0.8857840895999999,0.8848236203000001,0.9119311571,2.0080559254,74.860923767,0.48124563747086935,0.0,149.07998657,40.451816559,0.0,65000.0
528,1371.6471968,14.264144897000001,0.8834964037,0.8867814541,0.9214074612,2.0151307583,76.240562439,0.4812454406240094,0.0,148.15177917,40.508640289,0.0,65000.0
529,1371.7991968000001,13.9242239,0.8733593225,0.8777177334,0.9324579835,2.0218141079,77.817436218,0.48124523831707267,0.0,146.90002441,40.609233855999996,0.0,65000.0
530,1371.9511968,13.665981293,0.8640801311,0.8666672111,0.9438283443000001,2.0285975933000002,78.092498779,0.4812451514844685,0.0,145.72286987,40.758750916,0.0,65000.0
531,1372.1031968,13.605344772,0.8602371812,0.8612959385,0.9493022561,2.0395009518,77.420066833,0.4812451747294794,0.0,145.30668640000002,40.873214722,0.0,65000.0
532,1372.2551968,13.615076065,0.862029314,0.8588488698000001,0.9525347948,2.0474390984,78.456092834,0.4812451071553963,0.0,145.19471741,40.871921539,0.0,65000.0
533,1372.4071968,13.639226913,0.8715132475,0.8670033215999999,0.9556273818000001,2.043400526,80.607543945,0.4812450160960505,0.0,145.34017944,40.743412018,0.0,65000.0
534,1372.5591968,13.657337189000001,0.8849735856000001,0.8784046173000001,0.9504386783,2.033459425,82.467895508,0.4812448807113905,0.0,145.07269287,40.555423737,0.0,65000.0
535,1372.7111968,13.637015343,0.9020507336,0.894628942,0.9387418031999999,2.0266923904,85.166801453,0.4812446232797136,0.0,144.29736328,40.407859802,0.0,65000.0
536,1372.8631968,13.611401557999999,0.9198966622,0.9131233096,0.9270627498999999,2.031345129,87.748695374,0.48124440775918714,0.0,143.46351624,40.320514679,0.0,65000.0
537,1373.0151968,13.571381569000001,0.9270737767,0.9286724925,0.917619884,2.0421257019,88.08013916,0.4812443325912605,0.0,143.04576111,40.266708374000004,0.0,65000.0
538,1373.1671968,13.538873672000001,0.9161882997,0.9223578572,0.9091086984000001,2.05473876,86.571296692,0.4812444147591266,0.0,142.86656189,40.285335541,0.0,65000.0
539,1373.3191968,13.523097992,0.9002325535,0.9071137309,0.9007304906999999,2.0689373016,86.027809143,0.48124445610614763,0.0,142.78375244,40.382068634,0.0,65000.0
540,1373.4711968000001,13.568789482,0.884273231,0.8909744023999999,0.8934039474,2.0828213692,85.728820801,0.48124444239197794,0.0,142.22814941,40.568912506,0.0,65000.0
541,1373.6231968,13.658953667,0.8690279126,0.8750978112000001,0.8864071965000001,2.0834956169,85.346878052,0.48124430391294276,0.0,140.79145813,40.798412323,0.0,65000.0
542,1373.7751968,13.739914894000002,0.8575317264,0.8608660698,0.8794283867,2.0784487724000003,83.727088928,0.4812440891482662,0.0,138.44738769999998,40.907009125,0.0,65000.0
543,1373.9271968,13.774220467000001,0.8529999852,0.8533542156,0.8871818184999999,2.0790555477,82.989677429,0.4812438138702414,0.0,136.05300903,40.826225281,0.0,65000.0
544,1374.0791968,13.745186806,0.8564730287000001,0.8531895876000001,0.9034279584999999,2.077299118,83.347511292,0.4812436092163912,0.0,134.67831421,40.654136658,0.0,65000.0
545,1374.2311968000001,13.666727065999998,0.8705794810999999,0.8625602722,0.9153621793000001,2.0708651543000003,84.486000061,0.48124347793463346,0.0,134.27462769,40.454345703,0.0,65000.0
546,1374.3831968,13.609615325999998,0.8945757746999999,0.8837401270999999,0.9314565659,2.0726675987,83.236968994,0.48124340203244337,0.0,133.01734924,40.258987427,0.0,65000.0
547,1374.5351968,13.621537209000001,0.9255506992,0.9114187956,0.9604170322,2.0886888504,82.825576782,0.48124280212422177,0.0,128.68061829,40.15927124,0.0,65000.0
548,1374.6871968,13.716684340999999,0.9624672531999999,0.9474939108,0.9985619782999999,2.1281237602000003,83.908851624,0.48124177744320584,0.0,121.98730469,40.061763763,0.0,65000.0
549,1374.8391968,13.929228783,0.9993738531999999,0.9842962027,1.0306348801,2.1813693047,83.101799011,0.4812411789928416,0.0,117.74327849999999,39.974391937,0.0,65000.0
550,1374.9911968000001,14.193522453,1.0233367681999999,1.0210853815,1.044534564,2.2151854038,79.68927002,0.4453127958884324,0.0,116.70010376,40.10848999,0.0,70000.0
551,1375.1431968,14.345746994,1.0045566559,1.0211832523,1.0391720533,2.191744566,74.49382782,0.44531167984949527,0.0,117.07062531,40.370544434,0.0,70000.0
552,1375.2951968,14.36812973,0.9520311356000001,0.9731903672,1.0191500187,2.1151206493,72.04573822,0.44531279747507785,0.0,118.71939087,40.530914306999996,0.0,70000.0
553,1375.4471968,14.261334419,0.9072857499,0.9211553334999999,0.997359395,2.0704748631,72.168922424,0.4425501339542435,0.0,123.34405518,40.603973389000004,0.0,70000.0
554,1375.5991968,14.075204849,0.8870000243,0.8897252083,0.9754166006999999,2.0561442375,73.031951904,0.44255171707457674,0.0,129.35232544,40.592197418000005,0.0,70000.0
555,1375.7511968000001,13.885685920999999,0.8885925412000001,0.8866648078,0.9512768984000001,2.0443561077,73.259140015,0.4812441974821001,0.0,134.56446838,40.537200928000004,0.0,65000.0
556,1375.9031968,13.856550217,0.8970511556,0.8918249607,0.9226252437000001,2.0361585616999998,73.655151367,0.48124462200048973,0.0,137.61090088,40.555240631,0.0,65000.0
557,1376.0551968,14.185773849,0.911758244,0.9066445826999999,0.9079568386,2.0309317112,73.93321228,0.48124500414833926,0.0,140.14181519,40.714939117,0.0,65000.0
558,1376.2071968,14.679963112000001,0.9231038094,0.9190272093,0.8934032320999999,2.0230269432,72.304664612,0.48124544492502186,0.0,143.289505,40.714824676999996,0.0,65000.0
559,1376.3591968,14.519015312,0.92815274,0.9292743802,0.8891024590000001,2.0160322189,70.53556823699999,0.48124591900317054,0.0,146.00654602,40.637340546,0.0,65000.0
560,1376.5111968,14.292942047,0.9133226275,0.9238578081000001,0.8889812231,2.0131349564,70.980705261,0.481246119800168,0.0,147.84222412,40.422748565999996,0.0,65000.0
561,1376.6631968,14.066868782,0.8796203732,0.8924962878,0.8910770416,1.9999864101,72.40965271,0.4812459698729421,0.0,147.00233459,40.335350037,0.0,65000.0
562,1376.8151968,13.840795517,0.8532039523,0.8610076308,0.8981454372,1.9816665649,73.017921448,0.4812452491102054,0.0,141.20095825,40.40240097,0.0,65000.0
563,1376.9671968,13.516300200999998,0.8440824747,0.8441645503,0.9148797393000001,1.9670521021,72.552062988,0.4812452077372984,0.0,140.39477539,40.363517761,0.0,65000.0
564,1377.1191968,13.536430359,0.8557850718000001,0.8485991955,0.9460691809999999,1.9606753587999999,72.05552673300001,0.4812453676166318,0.0,141.57104492,40.247859955,0.0,65000.0
565,1377.2711968,13.585190772999999,0.8816420436,0.8696473837,0.9832338095000001,1.962777257,72.117202759,0.48124527008611107,0.0,140.71638489,40.237346649,0.0,65000.0
566,1377.4231968000001,13.542324065999999,0.9148495793000001,0.9012948870999999,1.018097043,1.9713777304,71.947525024,0.4812449130349061,0.0,137.77497864,40.432441710999996,0.0,65000.0
567,1377.5751968,13.504615784,0.9499010444,0.935618937,1.0454275607999999,1.9827876091,71.399391174,0.48124389584130767,0.0,130.60844421,40.571647644,0.0,65000.0
568,1377.7271968,13.806232452,0.9818345307999999,0.9726824164,1.0685749054,1.9928600788,71.54624939,0.4425503021048024,0.0,122.11772156,40.488342285,0.0,70000.0
569,1377.8791968,13.816612244000002,0.9931553602,0.9920027852,1.0869088173,1.9889695644,72.209770203,0.4453079974017469,0.0,114.08409119,40.415912628,0.0,70000.0
570,1378.0311968,13.579618454,0.9848603606,0.9909215569,1.0895277262,1.9831105471000001,72.49098205600001,0.44529950193595563,0.0,106.8361969,40.519790649,0.0,70000.0
571,1378.1831968000001,13.470332145999999,0.95960778,0.9715524315999999,1.0811789036,1.9767858982,71.771141052,0.44529511718977893,0.0,103.37687683,40.549434661999996,0.0,70000.0
572,1378.3351968,13.4771595,0.9311673045000001,0.9394379258,1.0642635822,1.9780981541,71.51150512699999,0.44529467029103087,0.0,103.08852386,40.468688965,0.0,70000.0
573,1378.4871968,13.580141068,0.9191035031999999,0.9230807423999999,1.0457829237,1.9807540178,73.062438965,0.44530088721096384,0.0,107.79876709,40.272819519,0.0,70000.0
574,1378.6391968,13.759216309000001,0.9121208191,0.9152174592,1.0212421417,1.9755387306,74.228660583,0.44531032217502187,0.0,115.32201385,40.121463776,0.0,70000.0
575,1378.7911968,13.903934479,0.9054063559000001,0.9083206654000001,0.9944158792,1.9841456413,74.566329956,0.4812429793124389,0.0,125.19379425,40.018440247,0.0,65000.0
576,1378.9431968000001,14.005912781,0.8996832371,0.9017000794,0.9680002928,2.0007133484,74.845672607,0.48124440853463096,0.0,134.9133606,40.090354919,0.0,65000.0
577,1379.0951968,14.09799099,0.8949556351000001,0.8969243169,0.9497585297,1.9898365736,75.076545715,0.48124500776087226,0.0,139.00630188,40.256977081,0.0,65000.0
578,1379.2471968,14.235928535,0.8909646273,0.8926092386,0.9334952831000001,1.9930214882,74.184623718,0.48124544132976843,0.0,141.57939148,40.336235046,0.0,65000.0
579,1379.3991968,14.281165123,0.8867180943,0.888405025,0.9169912934000001,2.0046849251,74.040519714,0.4812460391300569,0.0,146.07421875,40.397254944000004,0.0,65000.0
580,1379.5511968,14.186783791,0.8817323445999999,0.8838730454000001,0.9006848335,2.0175125599,74.96542358399999,0.48124662299883797,0.0,150.16584778,40.439014435,0.0,65000.0
581,1379.7031968000001,14.038629532,0.8767446876,0.8788611293,0.8858790398,2.0276522636000003,74.55940246600001,0.48124685473103274,0.0,151.98933411,40.356109619,0.0,65000.0
582,1379.8551968,13.925588608,0.871014297,0.8736884594,0.8764039873999999,2.0319845676,72.69934082,0.48124704450999256,0.0,152.522995,40.346363068,0.0,65000.0
583,1380.0071968,14.032089232999999,0.8618025184,0.8658828139,0.8706191181999999,2.0182967186000003,70.081703186,0.4812473044775092,0.0,153.38845825,40.625804901,0.0,65000.0
584,1380.1591968,14.393325805999998,0.8495649099,0.8541460037,0.8699685931000001,2.0001032352,68.948982239,0.4812474116929049,0.0,153.65220642,40.596981049,0.0,65000.0
585,1380.3111968,14.635011673,0.8398342133,0.8440507054,0.8701680303,2.0031650065999997,68.549087524,0.4812474588614338,0.0,154.15919495,40.319438934000004,0.0,65000.0
586,1380.4631968,14.430995940999999,0.8327618241,0.8349602818,0.8703675270000001,2.012342453,68.443161011,0.48124757019489234,0.0,154.81765747,40.064086914,0.0,65000.0
587,1380.6151968,14.145973205999999,0.8320000171999999,0.831997335,0.8705669641,2.0018785,68.736793518,0.48124762159473083,0.0,155.07859802,40.007644653,0.0,65000.0
588,1380.7671968,14.041511536,0.8329315782,0.8318665028,0.8707665204999999,1.9957540034999999,70.02683258100001,0.4812476425745979,0.0,155.5579834,39.985561370999996,0.0,65000.0
589,1380.9191968,14.019382477,0.8366900681999999,0.8357157706999999,0.8717125058,2.0037927628,70.759498596,0.4812476950716579,0.0,155.93980408,39.945129395,0.0,65000.0
590,1381.0711968,14.000492095999999,0.8385448456,0.8382369279999999,0.8762837648,1.9979077578,71.494926453,0.4812476035194584,0.0,155.63795471,39.985614776999995,0.0,65000.0
591,1381.2231968,13.96807003,0.8365505934,0.8371988534999999,0.8820627928,1.9859975576,72.521980286,0.4812476059423071,0.0,155.76913452,40.056606293,0.0,65000.0
592,1381.3751968000001,13.904867172000001,0.8347777128,0.8355029225,0.8868803381999999,1.9780473709,73.330207825,0.4812475745230744,0.0,155.98275757,40.100776671999995,0.0,65000.0
593,1381.5271968,13.828954697,0.8355357051000001,0.8338897824,0.8879456520000001,1.973933816,73.998512268,0.48124761458194576,0.0,156.0012207,40.067810059,0.0,65000.0
594,1381.6791968,13.788935660999998,0.8433865309,0.8397236466,0.8914292455,1.988078475,74.34972381600001,0.48124757826169884,0.0,156.27709961,40.016933441,0.0,65000.0
595,1381.8311968,13.940328597999999,0.8543547988,0.8502194285,0.8962711692,1.9946569204,73.989608765,0.48124771489199897,0.0,156.87768555,39.963729858,0.0,65000.0
596,1381.9831968,14.497559547,0.8634232879000001,0.8605755568000001,0.8994717002,2.0057849884,74.52306366,0.48124772342659977,0.0,157.58566284,39.956272125,0.0,65000.0
597,1382.1351968000001,15.105365753,0.8627036214,0.8641178608,0.9022650123,2.0168554783,75.127334595,0.48124777242937217,0.0,158.1025238,40.168243408,0.0,65000.0
598,1382.2871968,15.241417885,0.8506959081000001,0.8556337953,0.9023163915000001,2.0235748290999998,74.527511597,0.4812478300029633,0.0,157.84184265,40.393543243,0.0,65000.0
599,1382.4391968,14.880939484,0.8361632228,0.8413655757999999,0.8891012073000001,2.023414135,73.117614746,0.4812478515119061,0.0,157.23680115,40.385082245,0.0,65000.0
600,1382.5911968,14.489492416,0.8275916576000001,0.8309534192,0.8705263734,2.0174949169,71.506347656,0.4812478665766386,0.0,156.56457519999998,40.269916534000004,0.0,65000.0
601,1382.7431968,14.311079979,0.8206086159,0.8235119581,0.851372838,2.009314537,69.760063171,0.4812479635266941,0.0,156.50483704,40.205253601,0.0,65000.0
602,1382.8951968000001,14.270205498,0.8153917193000001,0.8166117072,0.8545790315,2.0021913052,68.349105835,0.48124814641235975,0.0,157.04222107,40.177440643000004,0.0,65000.0
603,1383.0471968,14.273616790999998,0.8181607723000001,0.8169445395,0.8724181651999999,2.0094432831,68.199584961,0.48124819187992374,0.0,156.95126343,40.221927643,0.0,65000.0
604,1383.1991968,14.292803764,0.8281451464,0.8216664791,0.8924807906000001,2.0217339993,68.438835144,0.48124818366229666,0.0,157.00994873,40.294864655,0.0,65000.0
605,1383.3511968,14.335680962,0.8565853834,0.8441457151999999,0.910720408,2.0180988312,67.622055054,0.48124817481318394,0.0,156.42897034,40.372676849,0.0,65000.0
606,1383.5031968,14.461676598,0.8907426596,0.8772888184000001,0.9279981852,2.0045499802,66.952468872,0.48124816564813955,0.0,155.9704895,40.454341888,0.0,65000.0
607,1383.6551968,14.743360519000001,0.9196568727,0.9094440341,0.9452346562999999,1.9980922937,68.15234375,0.48124810922389444,0.0,155.82826233,40.551639557,0.0,65000.0
608,1383.8071968,14.998170853,0.9363598823999999,0.9315118193999999,0.9596872926000001,1.9876048565,69.31312561,0.48124797121854024,0.0,155.17387390000002,40.580116272,0.0,65000.0
609,1383.9591968,15.119260788,0.9355145693000001,0.9373544455,0.9697726965000001,1.9839674234,69.681770325,0.48124775353738636,0.0,153.61656189,40.340995789000004,0.0,65000.0
610,1384.1111968,15.104987144,0.9208568931000001,0.9269530773000001,0.9649044871,1.9854819775,70.29384613,0.48124752882321276,0.0,151.8767395,40.21125412,0.0,65000.0
611,1384.2631968,14.89679718,0.9025527834999999,0.9097513556,0.9610474109999999,1.9876980782,72.772712708,0.48124729877431643,0.0,150.96301269999998,40.263961791999996,0.0,65000.0
612,1384.4151968,14.663531303,0.8841302991,0.8905954361,0.9716572762000001,1.9923551083000002,76.748512268,0.48124702831255034,0.0,150.74169922,40.316009521,0.0,65000.0
613,1384.5671968000001,14.711930275,0.8739976883,0.8775141239,0.9770697951,2.0081653595,79.683044434,0.48124691859017926,0.0,150.84352112,40.360336304,0.0,65000.0
614,1384.7191968,14.564170837,0.8693293333,0.8703150748999999,0.9725037812999999,2.0194773674,80.106712341,0.4812468849047368,0.0,150.60339355,40.351459503,0.0,65000.0
615,1384.8711968,14.054308891,0.8719704151000001,0.8704225420999999,0.9525530338,2.0279188156,79.164154053,0.481246972684219,0.0,150.27203369,40.271636963,0.0,65000.0
616,1385.0231968,13.822689056,0.8769999743000001,0.8752253651999999,0.9284361004999999,2.0217044353,77.149688721,0.4812471119762479,0.0,150.62120056,40.104244232,0.0,65000.0
617,1385.1751968,13.764615059,0.877312839,0.8768268228,0.9086900949,2.007004261,75.97051239,0.4812472311137497,0.0,150.73217773,39.925106049,0.0,65000.0
618,1385.3271968000001,13.766755104000001,0.8803863525,0.8784070611,0.9082690476999999,1.9970718621999999,75.027709961,0.48124726863901307,0.0,150.60932922,39.850326538000004,0.0,65000.0
619,1385.4791968,13.785764694000001,0.8899644017,0.8855058551,0.9159806370999999,1.989470005,73.822647095,0.4812473192294969,0.0,150.37724304,39.96553421,0.0,65000.0
620,1385.6311968,13.785861969,0.9023386240000001,0.8978008031999999,0.9246842861,1.9791452885,72.538879395,0.48124746444750166,0.0,150.38148499,40.139194489,0.0,65000.0
621,1385.7831968,13.849097252,0.9101458192,0.9080627561,0.9345833063,1.9739875793000001,71.516807556,0.48124753967285666,0.0,150.4934845,40.32585144,0.0,65000.0
622,1385.9351968,13.653247833,0.9105697274,0.9106229544,0.9426989554999999,1.9810025692,71.324455261,0.481247560343052,0.0,150.38354492,40.399829865,0.0,65000.0
623,1386.0871968000001,13.202026367,0.9070166349,0.9089224339,0.9414893389,1.9946614504,71.691604614,0.481247631921976,0.0,150.62443542,40.343933105,0.0,65000.0
624,1386.2391968,12.968806267,0.9001706839,0.9029141665000001,0.9294806718999999,1.9987213612,71.38331604,0.4812477154165984,0.0,151.10173035,40.241886139,0.0,65000.0
625,1386.3911968,12.950641632,0.8941848278,0.8966615795999999,0.9134671688,2.0023295879,70.211135864,0.4812479004308753,0.0,151.56617737,40.085250854,0.0,65000.0
626,1386.5431968,13.027784347999999,0.8887341619,0.8907051086,0.8961350918000001,1.9998643398,69.699295044,0.4812478550220999,0.0,151.21000671,39.950317383000005,0.0,65000.0
627,1386.6951968,13.140325546,0.8870000243,0.8876399993999999,0.8746097684,1.9965289831,69.505332947,0.48124785206155896,0.0,151.09768677,39.833377838000004,0.0,65000.0
628,1386.8471968000001,13.27892971,0.8868724108,0.8872454166,0.8513115048000001,1.9972543716,69.694625854,0.48124786315054435,0.0,151.33248901,39.741996765,0.0,65000.0
629,1386.9991968,13.335858345,0.8829942942,0.8863579035,0.8301162124,2.0000464916,70.789550781,0.48124786188158253,0.0,151.6918335,39.812683105,0.0,65000.0
630,1387.1511968,13.130649567,0.8588207364,0.8688918948000001,0.8122283816,2.005231142,72.69834137,0.481247892887915,0.0,152.28370667,40.058395386,0.0,65000.0
631,1387.3031968,12.888388634000002,0.833001852,0.8433802723999999,0.7941195368999999,2.0150289536000003,73.58972930899999,0.48124796547774384,0.0,152.28649902,40.336277008,0.0,65000.0
632,1387.4551968,12.797466278,0.8077249527,0.8179429173,0.7727059722,2.0283033848,73.871055603,0.4812479855013209,0.0,152.63938904,40.325397491,0.0,65000.0
633,1387.6071968,12.910690308,0.7796760798000001,0.7905918956,0.7499478459000001,2.0405118465000003,74.339691162,0.48124799733429957,0.0,153.00242615,40.089149475,0.0,65000.0
634,1387.7591968,13.363702774000002,0.7512087226,0.7620162964,0.7273259163,2.0354075432,74.583221436,0.48124801942061096,0.0,153.70639038,39.846870421999995,0.0,65000.0
635,1387.9111968,13.962574959000001,0.7276883125,0.7361229062000001,0.7110900283,2.0204474926,75.131591797,0.4812480501935289,0.0,154.42350769,39.616680145,0.0,65000.0
636,1388.0631968,14.461231232000001,0.7209344506,0.7203513979999999,0.7082303762000001,2.0095534325,75.04106140100001,0.4812481668707567,0.0,155.36714172,39.505210876,0.0,65000.0
637,1388.2151968,14.756649017,0.7582672834,0.7433285713,0.7228438854000001,2.0102369785,73.664924622,0.48124834902213537,0.0,156.08982849,39.567108154,0.0,65000.0
638,1388.3671968,14.744955062999999,0.7948982715999999,0.7829679847,0.7495550513,2.0127220154,71.479934692,0.4812484508479514,0.0,155.80787659,39.747825623000004,0.0,65000.0
639,1388.5191968000001,14.532437325,0.7922222614,0.7941921353,0.7685961723,2.0100572109,68.837539673,0.4812486630497526,0.0,155.50782776,39.965122223,0.0,65000.0
640,1388.6711968,14.595826149,0.7743606567,0.7816222906,0.7748093009,2.0123879909999998,66.299613953,0.48124857045665176,0.0,154.11245728,39.927654266,0.0,65000.0
641,1388.8231968,14.819930077,0.7586262226,0.7644487023000001,0.7724119425,2.0122673512,66.198539734,0.481248406210681,0.0,152.7975769,39.750270844,0.0,65000.0
642,1388.9751968,14.87411499,0.7549088597,0.7564377784999999,0.7696879506000001,2.0159885883,68.062774658,0.48124803790875226,0.0,150.91516113,39.894493103,0.0,65000.0
643,1389.1271968,14.868782043,0.7529423237,0.7540996075,0.7691000104000001,2.0230891705,69.424789429,0.4812478844045987,0.0,149.70236206,40.03868866,0.0,65000.0
644,1389.2791968000001,14.85656929,0.741828382,0.7457197309,0.7663590312,2.0199179649000003,69.400558472,0.4812478693158455,0.0,149.77769469999998,39.915008545,0.0,65000.0
645,1389.4311968,14.848966599,0.7407454252,0.7408716083,0.7667378187,2.0197203159,68.880729675,0.48124796171438133,0.0,150.12594604,39.717353820999996,0.0,65000.0
646,1389.5831968,14.857546805999998,0.7496440411,0.7460793853000001,0.774299264,2.0182163715,68.495094299,0.48124801867866496,0.0,150.36837769,39.532276154,0.0,65000.0
647,1389.7351968,14.540874481,0.7580076456,0.7546232939,0.7821044922,2.0138850212,69.526512146,0.48124790067838796,0.0,149.80784607,39.5391922,0.0,65000.0
648,1389.8871968,14.230075836,0.7696992159,0.7656302452,0.7843674421,2.02009058,72.178619385,0.4812478002731403,0.0,149.66850281,39.726016998,0.0,65000.0
649,1390.0391968000001,14.181230545,0.7654224037999999,0.7672467232,0.7823829651,2.0190935135,76.411727905,0.48124753368100615,0.0,149.4357605,39.797832489,0.0,65000.0
650,1390.1911968,14.055766105999998,0.7573012114,0.7606095672,0.771356523,2.004212141,77.084533691,0.481247459789501,0.0,148.97210693,39.755954742,0.0,65000.0
651,1390.3431968,13.926265717,0.7474649549,0.7514296770000001,0.7560608387000001,2.0004680157,73.88011169399999,0.48124768780074456,0.0,149.06005859,39.570270538,0.0,65000.0
652,1390.4951968,14.284455299000001,0.7403231263,0.7427531481,0.7421318293000001,2.0102024078,69.982582092,0.48124786830526306,0.0,148.61705017,39.592460632,0.0,65000.0
653,1390.6471968,14.889517784,0.7451869845,0.7431762815,0.730553329,2.0256171227,67.595779419,0.48124796880940085,0.0,148.47749329,39.661239624000004,0.0,65000.0
654,1390.7991968000001,15.31710434,0.7480593324,0.7469086051,0.7236052752,2.039734602,67.147544861,0.48124789072129553,0.0,148.24717712,39.734012604,0.0,65000.0
655,1390.9511968,15.528238297,0.7486009598000001,0.7486564517000001,0.7204558848999999,2.0479729176,68.868461609,0.4812478255115211,0.0,148.23182678,39.884010315,0.0,65000.0
656,1391.1031968,15.574467659000002,0.7416220306999999,0.7446206212,0.7185888290000001,2.0379078388,70.32787323,0.4812477422282585,0.0,147.89900208,39.993843079,0.0,65000.0
657,1391.2551968,15.546927452,0.7350000143000001,0.7377423048,0.7207345962999999,2.0167200565,70.732063293,0.48124768109704946,0.0,147.65161133,39.887447357,0.0,65000.0
658,1391.4071968,15.54371357,0.7352434397,0.7354296445999999,0.7260251045,2.0050396919,71.319526672,0.48124763808837456,0.0,147.52597046,39.922763824,0.0,65000.0
659,1391.5591968,15.474030495,0.7407422662,0.7388581037999999,0.7353973985,2.0058414936,72.028137207,0.4812475844943422,0.0,147.18591309,40.098731995,0.0,65000.0
660,1391.7111968,15.303747177,0.7569107412999999,0.7504095434999999,0.7499454618000001,2.0071427822,72.54251098600001,0.48124761401577343,0.0,147.15979004,40.185375214000004,0.0,65000.0
661,1391.8631968,15.222941399000002,0.7779037356,0.7695701121999999,0.7662396431,2.0120596886,72.687721252,0.4812475357126789,0.0,146.93952942,39.940567017,0.0,65000.0
662,1392.0151968,15.264708519000001,0.7996850014,0.7911492586,0.7912464737999999,2.0159211159,72.60236358600001,0.48124753021911826,0.0,146.703125,39.69669342,0.0,65000.0
663,1392.1671968,15.176918983,0.8175007701000001,0.8101839423,0.8209728598999999,2.0137040615,71.166603088,0.48124760815409906,0.0,146.57106018,39.693435669,0.0,65000.0
664,1392.3191968,14.92959404,0.8315892816,0.8255872129999999,0.8457238078,2.0107076168,69.157905579,0.48124773189214365,0.0,146.23617554,39.812507629,0.0,65000.0
665,1392.4711968000001,14.251025199999997,0.8492438793000001,0.8421425223000001,0.8638192415000001,2.0094590187,68.00163269,0.4812478543415628,0.0,146.09817505,39.795928955,0.0,65000.0
666,1392.6231968,13.677497864000001,0.8571128249,0.8540717363,0.8766034842,2.0110199450999997,68.242904663,0.4812478970135861,0.0,146.08551025,39.726192474,0.0,65000.0
667,1392.7751968,13.705003738,0.8606727719,0.8596368431999999,0.8838866353,2.0109128952,69.004043579,0.481247773255891,0.0,145.764328,39.592182159000004,0.0,65000.0
668,1392.9271968,14.050615311,0.8477023243999999,0.8529482484,0.8821285963,2.0037283897,69.932182312,0.4812476558933145,0.0,145.40567017,39.485816956,0.0,65000.0
669,1393.0791968,14.269972801,0.8351588248999999,0.8406276703,0.8753775358,1.9929852486000001,71.280014038,0.481247592116591,0.0,145.26527405,39.606018066,0.0,65000.0
670,1393.2311968000001,14.216637611,0.8430527448999999,0.840048492,0.8675409555,1.9855918884000001,72.32439422600001,0.48124756000374996,0.0,145.25080872,39.605133056999996,0.0,65000.0
671,1393.3831968,13.800134659000001,0.8460436463,0.8447111249,0.8558624982999999,1.9843370913999998,72.699234009,0.4812475157866293,0.0,144.93392944,39.499458313000005,0.0,65000.0
672,1393.5351968,13.194511414,0.84897542,0.8475679159,0.8409583569,1.981741786,72.804946899,0.481247525379582,0.0,144.68084717,39.396068573,0.0,65000.0
673,1393.6871968,12.944184303,0.8469907641,0.84776932,0.8260100484,1.9729194640999999,72.897415161,0.4812475549709481,0.0,144.76290894,39.484676361,0.0,65000.0
674,1393.8391968,13.274339675999999,0.845993042,0.8465723990999999,0.8193904756999999,1.9589806795,73.361457825,0.4812475091376418,0.0,144.45739746,39.773273468,0.0,65000.0
675,1393.9911968000001,13.936906815,0.8449960947,0.8453153372,0.8189207315000001,1.94368577,75.00642395,0.4812473769010911,0.0,144.3137207,39.954788208000004,0.0,65000.0
676,1394.1431968,14.117611885,0.8439966440000001,0.8440787792000001,0.8180383444,1.9428087473,77.514640808,0.4812470500826217,0.0,143.5630188,39.900016785,0.0,65000.0
677,1394.2951968,13.76421833,0.842002809,0.8425821066,0.8114722967,1.9595524073,80.232803345,0.481246647801464,0.0,141.99787903,39.908988953000005,0.0,65000.0
678,1394.4471968,13.431092262,0.8370183109999999,0.8392774463,0.8036258220999999,1.9878708124000002,82.655357361,0.481246271281471,0.0,140.44233704,39.94486618,0.0,65000.0
679,1394.5991968,13.27831459,0.8320295811,0.8344140648999999,0.8095456362000001,2.0191001892,83.268981934,0.48124586217831516,0.0,138.16392517,39.974819183,0.0,65000.0
680,1394.7511968000001,13.289307594,0.8300179243000001,0.8312957883,0.8207755089000001,2.0345127583,81.894752502,0.48124569006285667,0.0,136.50923157,39.817428589,0.0,65000.0
681,1394.9031968,13.394782066,0.8448316455,0.8388338685,0.8281463981,2.0434222221000002,79.847801208,0.4812456329996761,0.0,135.32984924,39.560894012,0.0,65000.0
682,1395.0551968,13.330134392,0.8607716559999999,0.8539079428,0.8346222043000001,2.0563957691,78.31307983399999,0.4812455319261509,0.0,134.20588684,39.527442932,0.0,65000.0
683,1395.2071968,13.173492432,0.875751853,0.8697667718000001,0.8420625329000001,2.0621416569,79.251571655,0.48124485926279265,0.0,130.53843689,39.779750824000004,0.0,65000.0
684,1395.3591968,13.206466675,0.8809020518999999,0.8786043525,0.8469082117,2.054094553,81.228775024,0.48124450065479324,0.0,129.17842102,40.035968781,0.0,65000.0
685,1395.5111968,13.418831825,0.8663278222,0.8717684746,0.8410699964,2.0467984676,81.009284973,0.48124484669576156,0.0,130.66697693,40.218044281,0.0,65000.0
686,1395.6631968,13.624921799000001,0.8494231701,0.8560010791,0.8318040967,2.0427687168,79.226081848,0.4812453419451712,0.0,132.78253174,40.37021637,0.0,65000.0
687,1395.8151968,13.724551200999999,0.8392716645999999,0.8434641957,0.8262968062999999,2.0434038639,78.767601013,0.4812454804210355,0.0,133.29139709,40.464473724,0.0,65000.0
688,1395.9671968,13.719688415999999,0.8535469174,0.8477143645,0.8349783420999999,2.0519919394999997,79.542762756,0.4812451776939669,0.0,132.21281433,40.239097595,0.0,65000.0
689,1396.1191968,13.658094405999998,0.8752853274,0.8665846586,0.8500425816,2.0727722644999997,80.235671997,0.48124467470997323,0.0,129.50741577,40.123638153,0.0,65000.0
690,1396.2711968,13.595680237,0.893360734,0.8863067031,0.8590006231999999,2.1018385887,81.21055603,0.48124397365166444,0.0,126.01986694,40.117107391,0.0,65000.0
691,1396.4231968000001,13.558027267,0.8978487849,0.8960105181,0.8634980917,2.1233849525,82.108306885,0.4812428865731976,0.0,120.56324005,40.07081604,0.0,65000.0
692,1396.5751968,13.528834343,0.8836123347,0.8894459605,0.8572375178,2.1170241833000003,81.457084656,0.48124226235601153,0.0,117.09640503,40.100654602,0.0,65000.0
693,1396.7271968,13.476417542,0.8629053234999999,0.8711330295,0.8429066539,2.0871520042,79.426246643,0.4812424604012599,0.0,117.14453888,40.254146576,0.0,65000.0
694,1396.8791968,13.388717650999999,0.8381342292,0.8478056192,0.8279347420000001,2.0557112694,78.055648804,0.48124325224126224,0.0,120.60436249,40.375556945999996,0.0,65000.0
695,1397.0311968,13.273081779000002,0.8189193606,0.8264459372,0.8130959868000001,2.0289418697,78.362510681,0.4812447276438211,0.0,128.30635071,40.433338165,0.0,65000.0
696,1397.1831968000001,13.166405678,0.8104054331999999,0.8139849305,0.7999159098,2.0066361427,78.778617859,0.4812460441376287,0.0,135.56530762,40.438846588000004,0.0,65000.0
697,1397.3351968,13.10707283,0.8175704479000001,0.814858675,0.796137929,1.9801739454,78.329750061,0.4812465696392115,0.0,138.26506042,40.435214996,0.0,65000.0
698,1397.4871968,13.009028435,0.8274400234,0.8233989477,0.8050527573,1.9524506330000002,77.150444031,0.48124696384418925,0.0,139.94541931,40.329273224,0.0,65000.0
699,1397.6391968,12.823163985999999,0.8392918706,0.8342502713,0.8192397952,1.9455631971,75.872924805,0.4812475106952884,0.0,142.2973175,40.265602111999996,0.0,65000.0
700,1397.7911968,12.649011612,0.8512642979999999,0.846087575,0.8351544738,1.9627664088999999,75.28113555899999,0.48124755941813346,0.0,142.16308594,40.365257263000004,0.0,65000.0
701,1397.9431968000001,12.559251785,0.8445144892,0.8475453854,0.8523617983,1.9834405184000001,75.360931396,0.48124764813080806,0.0,142.41889954,40.401943206999995,0.0,65000.0
702,1398.0951968,12.53573513,0.8309327364,0.8365286589,0.8696695566,1.9943963289,76.474182129,0.4812478534329987,0.0,143.96121216,40.173458099,0.0,65000.0
703,1398.2471968,12.53797245,0.8244177698999999,0.8270415068000001,0.8844839931,1.9961390495,78.333686829,0.4812478560367485,0.0,145.16497803,39.789505005,0.0,65000.0
704,1398.3991968,12.543932915,0.8342086673000001,0.8304057717000001,0.8911389112,1.9971529245,79.436515808,0.48124778763993714,0.0,145.17984009,39.427898407,0.0,65000.0
705,1398.5511968,12.546671867,0.8618268371,0.8509873151999999,0.8867058754000001,2.0061998367,79.12903595,0.48124755101400457,0.0,143.79057312,39.231788635,0.0,65000.0
706,1398.7031968000001,12.547047615,0.9138283134,0.8928008676000001,0.8845034242,2.0188086033,78.764862061,0.48124712018808347,0.0,141.07919312,39.180164337,0.0,65000.0
707,1398.8551968,12.554746628,0.9345688223999999,0.9271374345000001,0.8873757720000001,2.0278868675,78.174827576,0.4812466958998525,0.0,138.48318481,39.209217072,0.0,65000.0
708,1399.0071968,12.591586113,0.9185675382999999,0.9256804584999999,0.8908444643000001,2.0369923115,75.739959717,0.481246641696346,0.0,136.84533691,39.44045639,0.0,65000.0
709,1399.1591968,12.648988724,0.8932054043000001,0.9033220409999999,0.897822082,2.0360198021,73.336021423,0.481246725206078,0.0,136.26348877,39.691623688,0.0,65000.0
710,1399.3111968,12.682323455999999,0.8654586673000001,0.8766747712999999,0.8994430304000001,2.0185852051,71.97237396199999,0.4812469464159506,0.0,136.85449219,39.852565765,0.0,65000.0
711,1399.4631968,12.686992645,0.8384337425,0.849347353,0.8886469007,2.002404213,71.228767395,0.4812473753741819,0.0,138.62039185,39.98519516,0.0,65000.0
712,1399.6151968,12.686599731,0.8205830454999999,0.8273898363,0.8671774864,1.9952230453,70.729537964,0.4812481238330972,0.0,142.42295837,40.041439056,0.0,65000.0
713,1399.7671968,12.686599731,0.8090499640000001,0.8135066628000001,0.8414007425,1.9884632826,69.55510711699999,0.48124867816583067,0.0,145.11560059,40.085800171,0.0,65000.0
714,1399.9191968,12.688103675999999,0.7980827093,0.8022356629,0.8196772932999999,1.9821959734,68.511413574,0.48124881994843816,0.0,145.42234802,40.095409393000004,0.0,65000.0
715,1400.0711968,12.735071182,0.7862092257,0.7909656167,0.8083563447,1.9890261888999998,68.278923035,0.4812489017171042,0.0,145.83473206,40.097797394000004,0.0,65000.0
716,1400.2231968,12.991772652,0.7858963013,0.7860943079,0.8105634451,2.0107913017,68.225746155,0.4812489171641022,0.0,145.78182983,40.09979248,0.0,65000.0
717,1400.3751968000001,13.605805397000001,0.8110297918000001,0.8001678586,0.8261001706000001,2.0484707355,67.9585495,0.4812485230620557,0.0,143.51759338,40.108047485,0.0,65000.0
718,1400.5271968,14.444177628,0.8416194915999999,0.8290234804000001,0.8506576418999999,2.0980474949000003,68.209838867,0.4812476407271237,0.0,139.10429382,40.171367645,0.0,65000.0
719,1400.6791968,15.099703789000001,0.8663265705,0.8564209937999999,0.8721163273,2.1255557537,69.338882446,0.48124683675447316,0.0,135.42430115,40.1354599,0.0,65000.0
720,1400.8311968,15.228349686,0.8565911055,0.8617543578,0.8649973273,2.1137545109,70.57380676300001,0.481246677629635,0.0,135.09512329,40.109611511,0.0,65000.0
721,1400.9831968,14.643291473,0.8249648809000001,0.8382655978,0.8336351514,2.0839352608,72.040847778,0.4812473589643289,0.0,138.87103271,40.076965332,0.0,65000.0
722,1401.1351968000001,13.695933342,0.7910447717,0.8047626615000001,0.8032244444,2.0546774863999997,73.022483826,0.4812481700032705,0.0,143.08103943,39.984897614,0.0,65000.0
723,1401.2871968,13.13576889,0.7597796320999999,0.7725328803,0.7751005888,2.0237874985,72.494125366,0.48124876999606697,0.0,145.68115234,39.983535767,0.0,65000.0
724,1401.4391968,13.039711952000001,0.7376098633,0.7466183304999999,0.7495030761,1.9957983494,71.439353943,0.4812490055022475,0.0,146.4740448,40.093589783,0.0,65000.0
725,1401.5911968,13.097975730999998,0.7358727454999999,0.7359834909,0.7336818576,1.9833157063,70.574249268,0.48124910710901697,0.0,146.65315247,40.237297058,0.0,65000.0
726,1401.7431968,13.445199965999999,0.7455744743000001,0.7415143847,0.7323608993999999,1.9901665449000001,70.055587769,0.481249241935724,0.0,147.12799072,40.364803314,0.0,65000.0
727,1401.8951968000001,14.165574074,0.7591443658,0.7539865970999999,0.7368086576,2.0140872002,69.762397766,0.4812493166026662,0.0,147.81124878,40.272567749000004,0.0,65000.0
728,1402.0471968,14.810326576,0.7731112837999999,0.7674914598,0.7410507202,2.031093359,69.924987793,0.48124939705795733,0.0,148.43632507,40.07346344,0.0,65000.0
729,1402.1991968,15.045423507999999,0.7767242789,0.7757393122,0.7453781962,2.031730175,70.326477051,0.48124946173418504,0.0,149.29629517,39.938957214,0.0,65000.0
730,1402.3511968,14.925127029,0.776140213,0.7767031193,0.749866128,2.0265595913,70.202407837,0.4812497260490685,0.0,150.77349854,39.778419495,0.0,65000.0
731,1402.5031968,14.87289238,0.773429513,0.7744466066,0.7540361881000001,2.0201096535,69.699935913,0.4812499833312189,0.0,151.91381836,39.647895813000005,0.0,65000.0
732,1402.6551968,14.924425125,0.7678732276000001,0.7699652909999999,0.7563271523,2.0207800865,69.59260559100001,0.4812500743310652,0.0,152.25256348,39.631710051999995,0.0,65000.0
733,1402.8071968,14.832728386,0.7593362926999999,0.7630519867000001,0.7566903234000001,2.0270254612,69.951438904,0.48125000890524433,0.0,151.85055542,39.754619598000005,0.0,65000.0
734,1402.9591968,14.79737854,0.7571508884,0.7577816843999999,0.7571591735,2.0298469067,70.941726685,0.4812499104132258,0.0,151.34185791,40.03074646,0.0,65000.0
735,1403.1111968,14.768488884000002,0.7595406771,0.7581048608,0.7593404054999999,2.0288000107,72.69771575899999,0.4812498849543232,0.0,151.47189331,40.147987366,0.0,65000.0
736,1403.2631968,14.719999312999999,0.7633758187,0.7615963817,0.7634520531,2.0315063,73.935951233,0.4812498062319637,0.0,151.4833374,40.02765274,0.0,65000.0
737,1403.4151968,14.737309455999998,0.7682079076999999,0.7661283612,0.767840147,2.036796093,73.662940979,0.48124979615903735,0.0,151.27957153,39.861614227,0.0,65000.0
738,1403.5671968000001,14.803881645,0.7748705745000001,0.7718121409,0.773412168,2.0370521545,72.55834960899999,0.48124981174507164,0.0,150.78480530000002,39.860160828000005,0.0,65000.0
739,1403.7191968,14.754646301,0.7843626737999999,0.7802869081,0.7808849812,2.0304229259,72.057167053,0.48124982020280016,0.0,150.44622803,39.985420227,0.0,65000.0
740,1403.8711968,14.44586277,0.7943334579000001,0.7905601262999999,0.7888641356999999,2.028690815,72.105834961,0.4812497439233521,0.0,149.69970703,40.024002075,0.0,65000.0
741,1404.0231968,13.840920448,0.8018166423,0.7993691564000001,0.7967134118000001,2.0377333163999998,72.209243774,0.48124948655695304,0.0,147.98786926,39.877429962,0.0,65000.0
742,1404.1751968,13.246001244,0.8071401715000001,0.8052675128,0.8038373590000001,2.0410058498,72.588905334,0.481249198135026,0.0,146.1340332,39.852794646999996,0.0,65000.0
743,1404.3271968000001,12.940683365,0.8113025426999999,0.8098549843,0.810177505,2.0329625607,73.488418579,0.48124892111247425,0.0,144.68826294,39.913444519,0.0,65000.0
744,1404.4791968,12.799822807,0.8161135912,0.8144446015000001,0.8164209723,2.0345597267,74.18077087399999,0.48124873385199657,0.0,143.71255493,40.209014893,0.0,65000.0
745,1404.6311968,12.730664252999999,0.8211016655,0.8190746903,0.8226469159,2.0494098663,74.265808105,0.48124871813002823,0.0,143.21504211,40.548091888,0.0,65000.0
746,1404.7831968,12.699921608,0.8252696395,0.8237618804000001,0.8288880587,2.0547215938999996,74.269439697,0.48124879521652913,0.0,143.35426331,40.798641205,0.0,65000.0
747,1404.9351968,12.691264152999999,0.8300750256,0.8282008170999999,0.834823072,2.0486569405,74.438110352,0.48124885674482926,0.0,143.87506104,40.506847382,0.0,65000.0
748,1405.0871968000001,12.706047058,0.8309999704000001,0.8309296965999999,0.8384708762,2.0427286625,74.644927979,0.4812489631138187,0.0,144.79901123,40.05550766,0.0,65000.0
749,1405.2391968,12.768431664000001,0.8318098783,0.8314409256,0.8390818834,2.0380876064,73.895599365,0.48124923989153295,0.0,145.70707703,40.007873535,0.0,65000.0
750,1405.3911968,12.880749702000001,0.8320000171999999,0.8315813541,0.8392406701999999,2.0335187912,72.083831787,0.4812495613962417,0.0,146.62030029,40.038799286,0.0,65000.0
751,1405.5431968,12.973493576,0.8303909302,0.8309724331,0.8406743406999999,2.034168005,70.833961487,0.4812498919618253,0.0,147.89712524,39.959522246999995,0.0,65000.0
752,1405.6951968,13.017280579000001,0.8275936246,0.8288159965999999,0.8447476029000001,2.0358219147,71.195579529,0.48125011284431274,0.0,149.32398987,39.897289276,0.0,65000.0
753,1405.8471968000001,13.08091259,0.8254015445999999,0.8262825012,0.8498344420999999,2.0361213684,72.87349700899999,0.4812502594546526,0.0,150.58979797,39.927761078,0.0,65000.0
754,1405.9991968,13.158343315,0.8249999881,0.8247811198,0.8523057699,2.0286254883000003,74.869041443,0.48125019485417,0.0,151.29499817,39.898159027,0.0,65000.0
755,1406.1511968,13.186654091,0.8234121798999999,0.8239702581999999,0.8471491337,2.0076727866999997,76.12425994899999,0.48125008603229624,0.0,151.21058655,39.712543488,0.0,65000.0
756,1406.3031968,13.159722327999999,0.8071700334999999,0.8151828647,0.8348544240000001,1.9833264351,77.107299805,0.48124974293466927,0.0,149.73716736,39.552230835,0.0,65000.0
757,1406.4551968,13.080478668,0.78643924,0.7950012684000001,0.8150667548,1.9662793875,77.764152527,0.4812492401211164,0.0,146.92007446,39.630828857,0.0,65000.0
758,1406.6071968,13.030926704,0.7662763596,0.7747277021,0.7925638556,1.9593855143,76.679016113,0.48124919376353553,0.0,146.00671387,39.828243256,0.0,65000.0
759,1406.7591968,13.051678658,0.7549503446,0.7589737773,0.7815236448999999,1.9725334643999999,74.57840728800001,0.4812496776899402,0.0,147.4269104,40.056507111,0.0,65000.0
760,1406.9111968,13.036178589,0.7623704076000001,0.7576783299,0.7753394842,2.001837492,72.54049682600001,0.48125010691766396,0.0,148.50546265,40.192893982,0.0,65000.0
761,1407.0631968,12.946249007999999,0.7766791581999999,0.7704696059,0.7691565751999999,2.0165109634,69.997184753,0.4812502015168284,0.0,147.84800719999998,40.111888885,0.0,65000.0
762,1407.2151968,12.858843803,0.7900845408,0.7846803665000001,0.7628598213,2.0177016258,68.594474792,0.481249562678502,0.0,143.81443787,40.07579422,0.0,65000.0
763,1407.3671968,12.833088875,0.7914534210999999,0.7922782898,0.7560423612999999,2.0213551521,68.950912476,0.481248185012182,0.0,137.10018921,39.996669769,0.0,65000.0
764,1407.5191968000001,12.843242645,0.7771323323,0.7846640944,0.7502526640999999,2.0250394344,70.91980743399999,0.4812470841306339,0.0,132.43891907,39.917758942,0.0,65000.0
765,1407.6711968,12.861865044000002,0.754568398,0.7644939423,0.7497326731999999,2.0322244166999996,73.47908783,0.4812467323123639,0.0,131.67909241,39.934791565,0.0,65000.0
766,1407.8231968,12.878726959000002,0.7336977123999999,0.7420946359999999,0.7542063594,2.0466134547999997,75.172363281,0.48124699534147447,0.0,133.26982117,39.965656281,0.0,65000.0
767,1407.9751968,12.894818306,0.7251866459999999,0.7272450328,0.7541521192,2.068738699,75.012680054,0.4812474457215671,0.0,135.49810791,39.859889984,0.0,65000.0
768,1408.1271968,12.915054321,0.7308382392,0.726999402,0.744520843,2.1034429073,73.602462769,0.48124793524427517,0.0,137.14685059,39.760417938,0.0,65000.0
769,1408.2791968000001,12.94959259,0.7496618032,0.7407261132999999,0.7367520928,2.1512873173,72.369171143,0.4812480329589605,0.0,137.24565125,39.811191559,0.0,65000.0
770,1408.4311968,12.9920187,0.7768803239000001,0.7652940154000001,0.7318645716,2.1879646778,71.975296021,0.48124768380976796,0.0,135.36611938,39.87021637,0.0,65000.0
771,1408.5831968,13.017490387,0.8080653548000001,0.7950853704999999,0.7296136021999999,2.1845221519,71.524887085,0.48124698095956386,0.0,131.92947388,39.838382721,0.0,65000.0
772,1408.7351968,13.033883095,0.8294852972,0.8220354915000001,0.7351405620999999,2.1270494461,70.938117981,0.4812464094928993,0.0,129.04748535,39.788787842,0.0,65000.0
773,1408.8871968,13.043874741,0.8123449087000001,0.8234295845,0.748885572,2.0629696846,70.54077148399999,0.48124657756171413,0.0,129.62245178,39.746383666999996,0.0,65000.0
774,1409.0391968000001,13.045901299,0.790866375,0.7985296845000001,0.7614719272,2.0384304523,70.353645325,0.48124798081630865,0.0,135.95918274,39.699550629,0.0,65000.0
775,1409.1911968,13.037879944,0.7748787999,0.7808511256999999,0.7579091787000001,2.0262660980000002,69.669418335,0.4812495460253351,0.0,143.1318512,39.65512085,0.0,65000.0
776,1409.3431968,13.00557518,0.7732174993,0.7720447779,0.7467440367,2.0091743469,69.328514099,0.4812502330411937,0.0,146.22459412,39.834701538000004,0.0,65000.0
777,1409.4951968,12.972296715,0.7754726409999999,0.7744743824,0.7358369231,1.992696166,69.464782715,0.48125039531397,0.0,146.68194580000002,40.146457672,0.0,65000.0
778,1409.6471968,13.014683723,0.7649923563,0.7712020874,0.7237018346999999,1.9779688119999999,69.088607788,0.481250666981453,0.0,147.77615356,40.227394104,0.0,65000.0
779,1409.7991968000001,13.291572571,0.7412629723999999,0.7520700097,0.7130103111,1.9636278152000002,68.693511963,0.4812512606746074,0.0,150.86869812,40.093418121,0.0,65000.0
780,1409.9511968,14.070532799,0.7201579213,0.7283012867,0.7122689486,1.9569934607,69.292976379,0.48125181938050327,0.0,154.35557556,40.304355621,0.0,65000.0
781,1410.1031968,15.116961479,0.71790272,0.7169387937,0.7177919148999999,1.9631035328,71.08760833699999,0.48125197084204807,0.0,156.41526794,40.435832977,0.0,65000.0
782,1410.2551968,15.689917564000002,0.7327410579000001,0.7254288793000001,0.7215903401,1.9799708128,72.309944153,0.4812519411759587,0.0,157.07666016,40.534339905,0.0,65000.0
783,1410.4071968,15.71025753,0.7531279922,0.7447652221,0.7223280072,1.9975169897,73.095336914,0.4812519624605912,0.0,157.31173706,40.422203064,0.0,65000.0
784,1410.5591968,15.047201157,0.7733579874,0.7649403811,0.7249476909999999,2.0118994713,72.511901855,0.4812521057580173,0.0,157.5493927,40.263339996,0.0,65000.0
785,1410.7111968,13.925119400000002,0.7918712497,0.7843440771,0.7329925299,2.019661665,70.326499939,0.4812524699654622,0.0,157.79145813,40.144340515,0.0,65000.0
786,1410.8631968,13.109070778,0.7977125645,0.7969937325,0.7435624598999999,2.0179126263,68.557907104,0.4812526113647549,0.0,157.46473694,40.027488708,0.0,65000.0
787,1411.0151968,12.843452454000001,0.789482832,0.7944598794,0.7507657409,2.0093204975,68.216636658,0.48125246599687516,0.0,156.12121582,39.89150238,0.0,65000.0
788,1411.1671968,12.756074905,0.7782199979000001,0.7825209498000001,0.7478522658,2.0058615208000004,69.02556610100001,0.48125218045958634,0.0,154.54682922,39.867679596,0.0,65000.0
789,1411.3191968,12.693941116,0.7749999762,0.7748695612000001,0.7532263994,2.0049955845,69.397247314,0.48125207695719596,0.0,153.81758118,39.90460968,0.0,65000.0
790,1411.4711968000001,12.61187458,0.7771065831,0.775796175,0.7637093067,1.9992887974000002,70.067962646,0.4812520426037059,0.0,153.85749817,40.008987427,0.0,65000.0
791,1411.6231968,12.521345139000001,0.779399395,0.7788476944,0.7744588256,1.9887682199,71.328689575,0.4812520694128568,0.0,154.1600647,40.191436768,0.0,65000.0
792,1411.7751968,12.476474762,0.7883626223000001,0.7838919163,0.7892948389,1.9836972952,72.72863006600001,0.48125208011312504,0.0,154.58613586,40.400043488,0.0,65000.0
793,1411.9271968,12.474617004,0.8024157881999999,0.7962530851,0.8109862207999999,1.9875631331999999,74.314155579,0.4812520008935703,0.0,154.99258423,40.408447265999996,0.0,65000.0
794,1412.0791968,12.515155792,0.8152989149,0.8106951118000001,0.828954339,1.9897553921000002,75.8099823,0.48125191274622126,0.0,155.35319519,40.296859741,0.0,65000.0
795,1412.2311968000001,12.610361099,0.8217563032999999,0.8202383518,0.8378613590999999,1.9891710281000001,75.694381714,0.4812520308342834,0.0,155.50558472,40.200805664,0.0,65000.0
796,1412.3831968,12.694870949,0.8230000138,0.8228285909,0.844101131,1.9917134047,74.49302673300001,0.4812522348676499,0.0,156.10954285,40.227157593,0.0,65000.0
797,1412.5351968,12.758914948,0.8230000138,0.8229283094,0.8485909104000001,1.9864518642,72.76097106899999,0.48125253593864,0.0,156.71353149,40.375442505,0.0,65000.0
798,1412.6871968,12.879007339000001,0.8216380476999999,0.8223820925,0.8508753181,1.9770790339,70.41901397699999,0.48125280686046157,0.0,156.88471985,40.541950226,0.0,65000.0
799,1412.8391968,13.151537895,0.8108233212999999,0.8166799545000001,0.8460685611,1.9674007893,68.027313232,0.4812529966789499,0.0,156.93367004,40.520404815999996,0.0,65000.0
800,1412.9911968000001,13.698508262999999,0.7904601097,0.7996623516,0.8308014274,1.9607080221000002,66.390609741,0.4812531061583251,0.0,156.80227661,40.462352753000005,0.0,65000.0
801,1413.1431968,14.582487105999999,0.7668448091,0.7764735222,0.8148850798999999,1.9579361677,64.870315552,0.4812531064154951,0.0,156.82313538,40.429458618000005,0.0,65000.0
802,1413.2951968,15.391069412,0.7469242215,0.7543979287,0.7980330586,1.9592024088,63.183555603,0.4812531659721099,0.0,156.80058289,40.281471251999996,0.0,65000.0
803,1413.4471968,15.883618355,0.7416680455,0.7416732310999999,0.7811748384999999,1.9675754309,61.601463318,0.4812532065766977,0.0,156.6645813,40.133159637,0.0,65000.0
804,1413.5991968,16.022651672000002,0.7386721969,0.7402489185,0.7646672726,1.9805227518000001,60.600868225,0.48125329386649857,0.0,156.60203552,40.156227111999996,0.0,65000.0
805,1413.7511968000001,16.021289825,0.7323606014,0.7347678542,0.74963063,1.9872751236000001,60.927307129,0.4812533485148641,0.0,156.64120483,40.309951782,0.0,65000.0
806,1413.9031968,15.991747856,0.7220770121,0.7266808748,0.7367702723,1.9832558632,61.006099701000004,0.48125334601201786,0.0,156.63131714,40.348232269,0.0,65000.0
807,1414.0551968,15.928308487,0.7107679248000001,0.714954257,0.7268742919,1.9747142791999999,61.32334137,0.4812533660799722,0.0,156.58003235,40.150596619,0.0,65000.0
808,1414.2071968,15.791728973,0.7109296321999999,0.7089731693000001,0.7217271328,1.9705168009,61.78715896600001,0.4812533348687443,0.0,156.57917786,40.067100525,0.0,65000.0
809,1414.3591968,15.730214119000001,0.7227823137999999,0.7168782353,0.7246183753000001,1.9698302746,60.549934387,0.4812534683125922,0.0,156.51344299,40.295078278000005,0.0,65000.0
810,1414.5111968,15.7280159,0.7396931052,0.7327570915,0.7355607748,1.9700081347999998,60.236618041999996,0.4812536000297469,0.0,156.45707703,40.609184265,0.0,65000.0
811,1414.6631968,15.73726368,0.7505279183,0.7475763559,0.7478736043,1.9610663652000002,60.389888763,0.4812535909470298,0.0,156.45739746,40.776451111,0.0,65000.0
812,1414.8151968,15.750021935,0.753000021,0.7527487278,0.7553300261,1.9499313831,60.42547226,0.4812536367531289,0.0,156.39492798,40.733974456999995,0.0,65000.0
813,1414.9671968,15.773676872000001,0.753000021,0.7529241443000001,0.7624381185,1.9418239594,60.860931396000005,0.48125361884362644,0.0,156.46211243,40.632976532,0.0,65000.0
814,1415.1191968,15.805520057999999,0.7517220378,0.7524743079999999,0.7692859769,1.9376194477000002,62.104049683,0.48125353353564143,0.0,156.45315552,40.667095184000004,0.0,65000.0
815,1415.2711968,15.809358597000001,0.7478163242,0.7496195436,0.7738416791,1.9391332865000002,62.818889618,0.48125354602461584,0.0,156.33818054,40.80242157,0.0,65000.0
816,1415.4231968000001,15.753334045,0.7428301573,0.7446784973,0.7744168043,1.9442253112999999,62.762039185,0.48125355781033213,0.0,156.27856445,40.785095215,0.0,65000.0
817,1415.5751968,15.728415489000001,0.7403686047,0.7407461405,0.7753077149,1.9506077766,61.181137085,0.48125367214498194,0.0,156.1566925,40.63250351,0.0,65000.0
818,1415.7271968,15.701037407000001,0.7418859601000001,0.7406078576999999,0.7775251865,1.9581267834,59.709934235,0.4812538168071269,0.0,156.22050476,40.530281067,0.0,65000.0
819,1415.8791968,15.429703712,0.7486349344,0.7450291514,0.7798185349,1.9635108709,59.743919373000004,0.4812538634776596,0.0,156.22091675,40.568733215,0.0,65000.0
820,1416.0311968,15.338526726,0.7569867968999999,0.7536727190000001,0.782112956,1.9586143494,61.427585602,0.4812538299560271,0.0,156.22215271,40.69039917,0.0,65000.0
821,1416.1831968000001,15.470726967000001,0.7631039619,0.7606888412999999,0.7844063640000001,1.9491287469999998,62.814483643,0.48125373924992126,0.0,156.21923828,40.727722168,0.0,65000.0
822,1416.3351968,15.756973267000001,0.7668541073999999,0.7655749320999999,0.7866789699,1.9424781799000002,62.942958831999995,0.4812537182032365,0.0,156.09962463,40.68006134,0.0,65000.0
823,1416.4871968,15.976638794000001,0.7673845291,0.7677636743,0.7886577845,1.9424644709,62.522571563999996,0.4812536928533231,0.0,156.04093933,40.556907654,0.0,65000.0
824,1416.6391968,16.021123885999998,0.7571963072,0.7635014056999999,0.7884954809999999,1.9414043427,61.778659821000005,0.4812537590670769,0.0,156.03892517,40.46497345,0.0,65000.0
825,1416.7911968,16.016494751,0.738796711,0.7468562126,0.7792876363,1.9368933438999998,61.314517975,0.48125387960550964,0.0,156.04438782,40.496032715,0.0,65000.0
826,1416.9431968000001,16.013238907,0.7218887209999999,0.7284288406,0.7560204864,1.9398653506999999,60.991943359,0.48125385628850653,0.0,156.04121399,40.421092987,0.0,65000.0
827,1417.0951968,16.016447067,0.7075321078,0.7132887840000001,0.7384238243000001,1.9468156099,58.76113891600001,0.48125404770225944,0.0,156.04222107,40.301193237,0.0,65000.0
828,1417.2471968,16.022111892999998,0.6947746873,0.6993583441,0.7289173006999999,1.9437371492,56.326038361,0.4812541855541573,0.0,155.92308044,40.217422485,0.0,65000.0
829,1417.3991968,16.028097153,0.6947962642000001,0.6919566393000001,0.7278199792,1.9340008497,55.02481842,0.4812542753403608,0.0,155.92106628,40.145629883000005,0.0,65000.0
830,1417.5511968,16.034080505,0.7063619494,0.7006708979999999,0.7307512759999999,1.9347006083000002,55.885269165,0.4812542705388519,0.0,155.86738586,40.151058197,0.0,65000.0
831,1417.7031968000001,16.040046692,0.7250800132999999,0.7165176272,0.7463233470999999,1.9470522404,57.489280701000006,0.48125416220731526,0.0,155.80088806,40.121463776,0.0,65000.0
832,1417.8551968,16.045450211,0.7470232248,0.7378665209,0.7654889822,1.9606584311000002,58.99098587,0.48125410845580746,0.0,155.8084259,39.911186218000005,0.0,65000.0
833,1418.0071968,16.046783447,0.7618923187000001,0.7577891945999999,0.7787390351000001,1.9652098417,59.429595946999996,0.4812540570733277,0.0,155.74186707,39.712223053,0.0,65000.0
834,1418.1591968,15.963878632,0.7665866613,0.7660115956999999,0.7833302617,1.9579981565,59.171913147,0.4812541230118126,0.0,155.74223328,39.655654907,0.0,65000.0
835,1418.3111968,15.444883347000001,0.7594089507999999,0.7642783523000001,0.7839183807,1.9468721151,59.000553131000004,0.4812542129915309,0.0,155.74183655,39.558818816999995,0.0,65000.0
836,1418.4631968,14.565432549,0.7458612919,0.7518522143,0.7832229733,1.9386072159,59.568820953,0.4812542596795387,0.0,155.68754578,39.50320816,0.0,65000.0
837,1418.6151968,14.276919365,0.7313207387999999,0.7375542520999999,0.7783449292,1.9390194416,60.165786743000005,0.48125430514332784,0.0,155.62257385,39.613838195999996,0.0,65000.0
838,1418.7671968,14.413486481,0.7198157906999999,0.7233391404,0.7729943991,1.9323954582,60.985385895,0.4812543148689007,0.0,155.62304688,39.827396393,0.0,65000.0
839,1418.9191968,14.877818108,0.7160000205,0.7159826756000001,0.7799007297,1.9204918146,61.848659515,0.4812542244506925,0.0,155.5687561,39.934585571,0.0,65000.0
840,1419.0711968,15.438259125,0.7177121043000001,0.7163951397,0.7956171036,1.9112243652,61.932128906,0.48125415906113417,0.0,155.55737305,39.873508453,0.0,65000.0
841,1419.2231968,15.569176674000001,0.727519989,0.7213507295,0.8088636994,1.9146122932,60.964496613,0.4812542506553235,0.0,155.56930542,39.785808563,0.0,65000.0
842,1419.3751968000001,15.485319138,0.7487002611,0.7383341193,0.8054097295,1.9247413874000001,59.707008361999996,0.48125436084375434,0.0,155.45341492,39.837982178000004,0.0,65000.0
843,1419.5271968,15.605293274000001,0.7752047181,0.7644899487000001,0.7969825268,1.9327099322999999,58.893421173,0.4812544467009058,0.0,155.33448792,39.995609283,0.0,65000.0
844,1419.6791968,15.776127815,0.7976481915000001,0.7896100879000001,0.786795795,1.9478145838,58.290153503,0.48125452991161205,0.0,155.37232971,40.16595459,0.0,65000.0
845,1419.8311968,15.825866699,0.7931700348999999,0.8019262551999999,0.7852157354000001,1.9716854094999998,58.414363861000005,0.4812545436948216,0.0,155.45205688,40.254829406999995,0.0,65000.0
846,1419.9831968,15.954498290999998,0.7680116892000001,0.7791048288,0.7853309512000001,1.9940699338999999,60.091838837,0.4812544307827874,0.0,155.38409424,40.070705414,0.0,65000.0
847,1420.1351968000001,16.01996994,0.7443972826,0.7530259490000001,0.7855151892,1.9841792583000002,63.078350066999995,0.4812542275923181,0.0,155.28225708,39.993457794,0.0,65000.0
848,1420.2871968,15.926852226,0.7339003681999999,0.7349262834,0.7847030759,1.9616210461,62.606719971000004,0.4812542962924315,0.0,155.24768066,39.959682465,0.0,65000.0
849,1420.4391968,15.867548943,0.7357359529,0.7334448695,0.7765223384000001,1.9514267445,60.646995544,0.4812545131104955,0.0,155.38485718,39.998195648,0.0,65000.0
850,1420.5911968,15.97843647,0.7347329855,0.7364214063,0.756639123,1.9517929554,60.192733765,0.48125456327614796,0.0,155.23292542,40.212524414,0.0,65000.0
851,1420.7431968,15.988995552,0.7330837845999999,0.7320683599,0.745508492,1.9573050737,60.333774567,0.4812545868501159,0.0,155.12722778,40.351726532,0.0,65000.0
852,1420.8951968000001,15.897418022,0.7350783944,0.7339916229000001,0.7498498559000001,1.9624222516999998,60.358089447,0.48125460742245396,0.0,155.21502686,40.297492981,0.0,65000.0
853,1421.0471968,15.840201378,0.7376097440999999,0.7363029718,0.7601826191,1.962141633,60.250980377,0.48125466567582825,0.0,155.14642334,40.243000031,0.0,65000.0
854,1421.1991968,15.874381065,0.7448727489,0.7408366798999999,0.7779233456,1.9499558209999999,61.035320282,0.4812546523597055,0.0,155.14555359,40.335678101,0.0,65000.0
855,1421.3511968,15.848874092,0.7542500496,0.7506029606,0.7865130901,1.9396675825,61.701763153,0.4812545998018547,0.0,155.10173035,40.330936432,0.0,65000.0
856,1421.5031968,15.55888176,0.7590579987,0.7582080364,0.7864587903,1.9425621033000002,61.747207642,0.48125464022903036,0.0,155.03022766,40.156795502,0.0,65000.0
857,1421.6551968,14.788182259000001,0.7626315951,0.7608795762,0.7850463986,1.9452716112000001,62.89238739,0.48125466883104323,0.0,154.97810364,40.057052612,0.0,65000.0
858,1421.8071968,14.14152813,0.7655236720999999,0.7650969028,0.7814570665,1.9418447018,64.626968384,0.48125462734057867,0.0,154.9080658,40.084182739,0.0,65000.0
859,1421.9591968,13.817206383,0.7675629854000001,0.766777575,0.7778655291,1.9391551018000002,65.634460449,0.48125462746299535,0.0,154.90711975,40.179901123,0.0,65000.0
860,1422.1111968,13.527380942999999,0.7638162971,0.7676227689,0.7743468284999999,1.9436708689,64.894729614,0.4812547726644148,0.0,154.95529175,40.328937531,0.0,65000.0
861,1422.2631968,13.400276184,0.7522959113,0.7572770119,0.7714346647,1.946588397,62.676269531,0.4812550310993684,0.0,154.98126221,40.368354796999995,0.0,65000.0
862,1422.4151968,13.485955237999999,0.7403563857,0.7444196343,0.7691302298999999,1.9423159361000002,61.11528396600001,0.4812551118586878,0.0,154.86451721,40.198577881,0.0,65000.0
863,1422.5671968000001,13.679004669000001,0.7319376469,0.734428525,0.7669339776,1.9461944103,59.579971313,0.4812551970972647,0.0,154.74154663,40.216461181999996,0.0,65000.0
864,1422.7191968,14.149139404000001,0.7274767756,0.7286358476000001,0.766592741,1.9515889883000002,57.286705016999996,0.48125541572573455,0.0,154.71565247,40.532691956,0.0,65000.0
865,1422.8711968,15.320853233,0.7270101309,0.7258304954000001,0.7693209052,1.9559447765,55.703456878999994,0.48125540870001354,0.0,154.7878418,40.670158386,0.0,65000.0
866,1423.0231968,15.929729462000001,0.7315169573,0.7285735606999999,0.7797549963,1.9501007794999998,55.819271088,0.4812553437018696,0.0,154.78897095,40.551086426,0.0,65000.0
867,1423.1751968,16.020587921,0.7419967651,0.7367635965,0.7880763412,1.9391260147,56.185935973999996,0.4812553206059149,0.0,154.6960144,40.399032593,0.0,65000.0
868,1423.3271968000001,16.026571274000002,0.7554624676999999,0.7504024506,0.7958678007,1.9268904924,56.011928558,0.48125533279613,0.0,154.63894653,40.364311218000005,0.0,65000.0
869,1423.4791968,16.033281325999997,0.7689224481999999,0.7637436390000001,0.8038008213,1.9205449819999998,57.379085541,0.481255301283269,0.0,154.70018005,40.300086975,0.0,65000.0
870,1423.6311968,16.038021088,0.7823933959,0.7769128679999999,0.812556684,1.9233961105000001,59.59318924,0.48125513552694577,0.0,154.54940796,40.265426636,0.0,65000.0
871,1423.7831968,16.02766037,0.7948744893,0.7900112867,0.8240401745,1.9291623831,60.638645172,0.4812551063066273,0.0,154.5506134,40.44165802,0.0,65000.0
872,1423.9351968,15.847671509000001,0.8044082522,0.8019713759,0.8357215523999999,1.9379653931,63.13886261,0.4812549357573021,0.0,154.50750732,40.289180756,0.0,65000.0
873,1424.0871968000001,15.08174324,0.8113896251,0.808568418,0.8474779725,1.9378842115000001,66.100700378,0.48125475683201585,0.0,154.52053833,39.839004517,0.0,65000.0
874,1424.2391968,13.762597084000001,0.8145183921,0.8147431612,0.8591345548999999,1.9419345856,67.10218811,0.48125488274016737,0.0,154.53993225,39.786140442,0.0,65000.0
875,1424.3911968,13.035906792,0.8111265301999999,0.8136225343000001,0.8690034151,1.9529852867,68.045051575,0.4812548908260972,0.0,154.39891052,40.049434661999996,0.0,65000.0
876,1424.5431968,12.74023056,0.8046661019,0.8074531555,0.8595695496,1.9588594437,68.386016846,0.4812549690790322,0.0,154.46786499,40.236534119,0.0,65000.0
877,1424.6951968,12.667720795,0.7953168154000001,0.7999464273000001,0.8450523615000001,1.9606978893,67.960670471,0.481255050279409,0.0,154.31225586,40.234169006,0.0,65000.0
878,1424.8471968000001,12.693330765,0.7842903137,0.7883723378,0.8522552848,1.9587854147,67.55089569100001,0.4812550725712099,0.0,154.31092834,40.098941803,0.0,65000.0
879,1424.9991968,12.834832190999999,0.776658535,0.7785429358,0.8724755645000001,1.950294137,66.089050293,0.4812552356986886,0.0,154.35350037,40.066234589000004,0.0,65000.0
880,1425.1511968,13.213233948,0.7902979851,0.7772493362,0.8870580792,1.9450923204,64.544281006,0.4812553772570316,0.0,154.34812927,40.137763977,0.0,65000.0
881,1425.3031968,13.63726902,0.8215002418,0.8110780120000001,0.8832530379000001,1.9509587287999999,63.176597595,0.48125544700904904,0.0,154.23519897,40.095890045,0.0,65000.0
882,1425.4551968,13.749601364,0.8355396390000001,0.8359399437999999,0.8777635694,1.9548059702,61.934875488,0.4812555615720601,0.0,154.27194214,39.981269835999996,0.0,65000.0
883,1425.6071968,14.092686653,0.8345423341,0.8349133134000001,0.8721938133,1.9547441006,61.699436188,0.4812555488852404,0.0,154.15161133,39.978969574000004,0.0,65000.0
884,1425.7591968,14.406737328,0.8294459581,0.8330017328,0.8671397567,1.9519042969,62.502780914,0.48125550449775273,0.0,154.07386780000002,40.146297455,0.0,65000.0
885,1425.9111968,14.430879593,0.8194721937,0.8238438964,0.8661052585,1.9469521046,64.231468201,0.48125543363221546,0.0,154.07380676,40.523311615,0.0,65000.0
886,1426.0631968,14.520526885999999,0.8094991445999999,0.8133351803,0.8662049173999999,1.9498779774000001,65.958824158,0.4812553665980305,0.0,154.11582947,41.001033783000004,0.0,65000.0
887,1426.2151968,14.697235107000001,0.8017626405,0.8041359781999999,0.8663330078,1.9535782337,67.58161926300001,0.48125528001735385,0.0,154.07527161,41.159248352,0.0,65000.0
888,1426.3671968,14.868572235,0.796331346,0.7985572815,0.8672471046,1.9596192837000002,67.5938797,0.48125520904300806,0.0,153.91238403,40.943340301999996,0.0,65000.0
889,1426.5191968000001,14.646143913,0.7938843368999999,0.7933878303,0.8724243045000001,1.9689134359,67.065864563,0.4812553008451428,0.0,154.03419495,40.703117371,0.0,65000.0
890,1426.6711968,14.12869072,0.7989551425,0.7957221865999999,0.8681709766,1.9738154411000002,66.054122925,0.4812554478367377,0.0,153.95469666,40.571220398,0.0,65000.0
891,1426.8231968,14.105743408,0.8074948192,0.8039849401000001,0.8623356223,1.9740502834,64.994018555,0.4812555613839513,0.0,153.91694641,40.464004517,0.0,65000.0
892,1426.9751968,14.084048270999999,0.8124341369,0.8115569949,0.8579195738,1.9702173471000002,64.64705658,0.4812556055903661,0.0,153.91264343,40.299633026,0.0,65000.0
893,1427.1271968,13.79227066,0.8112738729000001,0.8130688667,0.8555281758,1.9735126495,64.746635437,0.48125567676235936,0.0,153.96165466,40.186031342,0.0,65000.0
894,1427.2791968000001,13.370257378,0.8055693506999999,0.8087857962,0.85326612,1.9704589844,64.90470886199999,0.48125576432244477,0.0,153.79072571,40.23872757,0.0,65000.0
895,1427.4311968,13.08245945,0.7975901365000001,0.801192522,0.8521674275,1.958204627,64.324211121,0.48125583767132646,0.0,153.88217163,40.218540192,0.0,65000.0
896,1427.5831968,13.21275425,0.790035367,0.7932225465999999,0.8547615409,1.9393776655000001,64.3984375,0.481255821016607,0.0,153.75076294,40.112800598,0.0,65000.0
897,1427.7351968,13.545539856,0.7851575017,0.7858711481,0.8573453426000001,1.9300535917,64.651664734,0.48125576466252107,0.0,153.76428223,40.012294769,0.0,65000.0
898,1427.8871968,13.965344429000002,0.7848373055,0.7845311761,0.8594999909000001,1.9230321646000001,64.435882568,0.48125577916624374,0.0,153.63088989,39.913970946999996,0.0,65000.0
899,1428.0391968000001,14.476290703,0.7897435426999999,0.7863361834999999,0.8593515158,1.9192714691,63.906707764,0.48125576624415956,0.0,153.68132019,39.899009705,0.0,65000.0
900,1428.1911968,14.841754912999999,0.7945866585,0.7950804234000001,0.849652648,1.9111056328,63.659233093000005,0.4812557902390896,0.0,153.63023376,40.043151855,0.0,65000.0
901,1428.3431968,14.794611930999999,0.789072454,0.7934871316,0.8384830356,1.9192299843,62.896324158,0.48125594847278924,0.0,153.68197632,40.254341125,0.0,65000.0
902,1428.4951968,14.965943335999999,0.7771034241,0.7822057009000001,0.8368007541,1.9321455956,62.067157745,0.48125605319010994,0.0,153.5954895,40.477443695,0.0,65000.0
903,1428.6471968,15.189700127,0.7643255591,0.7700331211,0.8369004726,1.9380145073,62.203475952,0.48125604479875367,0.0,153.56443787,40.574493408,0.0,65000.0
904,1428.7991968000001,15.168382645,0.7495561838,0.7557615637999999,0.8370004892,1.9410934448,62.300682068,0.48125606604224674,0.0,153.51243591,40.404830933,0.0,65000.0
905,1428.9511968,15.161305428,0.7367999554000001,0.7399101256999999,0.8371998668,1.9384016991,60.685531616000006,0.48125618666465664,0.0,153.49876404,40.165397644,0.0,65000.0
906,1429.1031968,15.438494682,0.7335897088,0.7318234444,0.8342087269,1.9413913487999999,59.458057403999995,0.4812562448732061,0.0,153.30511475,40.114830016999996,0.0,65000.0
907,1429.2551968,15.724593163,0.7387627959,0.735676825,0.8282356858,1.9445809126,58.759658813,0.48125634623832586,0.0,153.4763031,40.241653442,0.0,65000.0
908,1429.4071968,15.750995635999999,0.7469211817,0.7428409456999999,0.822447598,1.9357731342,58.680522919,0.48125640402971814,0.0,153.47799683,40.265182495,0.0,65000.0
909,1429.5591968,15.527565002000001,0.756893754,0.7532901764,0.8180460334,1.923627615,59.945911407,0.48125638349444555,0.0,153.41340637,40.165283203,0.0,65000.0
910,1429.7111968,15.486036300999999,0.7630000114,0.7630676031,0.8138567209,1.9219216108000001,61.810050964,0.48125620729419955,0.0,153.27372742,40.061225891,0.0,65000.0
911,1429.8631968,15.531267166,0.7603115439,0.7632984519,0.809666276,1.9351869822,63.16833114600001,0.48125607077268556,0.0,153.32577515,39.957359314,0.0,65000.0
912,1430.0151968,15.512573242,0.7529455423,0.7561373711,0.8119547963,1.9403059483,63.883785248,0.48125601477452395,0.0,153.20863342,39.864929199,0.0,65000.0
913,1430.1671968,15.440054893,0.749516964,0.7478750348000001,0.8325570822,1.9446092844,62.956665038999994,0.4812561142268891,0.0,153.1799469,39.785694121999995,0.0,65000.0
914,1430.3191968,15.28109169,0.7591533065,0.751993835,0.8636423349,1.9526045322,61.981025696,0.48125631368695143,0.0,153.32847595,39.805755615,0.0,65000.0
915,1430.4711968000001,14.798971175999998,0.7818441391,0.7705982326999999,0.8865005373999999,1.9558180571000001,62.839179993,0.4812563751582377,0.0,153.20787048,40.034152985,0.0,65000.0
916,1430.6231968,14.425146103,0.8141047359,0.7994403243000001,0.903308332,1.9538618326,64.773254395,0.48125627193938914,0.0,153.09065247,40.340557098000005,0.0,65000.0
917,1430.7751968,14.450122833,0.8538508415,0.8371914625,0.9176464081,1.950895071,67.101722717,0.4812561149367458,0.0,153.02879333,40.589725494,0.0,65000.0
918,1430.9271968,14.308829308,0.8681948184999999,0.8786509037000001,0.9305517077,1.9511860609,66.608528137,0.48125622488071274,0.0,153.09213257,40.67685318,0.0,65000.0
919,1431.0791968,13.938639640999998,0.8281975985,0.8472629189,0.9358147979000001,1.9618889093,63.944953918,0.48125654030805803,0.0,153.00117493,40.597373962,0.0,65000.0
920,1431.2311968000001,13.672519684000001,0.7897890209999999,0.7995389104,0.9330242276,1.9638358355,63.272903442,0.48125671752824595,0.0,152.99940491,40.644420624,0.0,65000.0
921,1431.3831968,13.819437980999998,0.7723459601,0.7775850892,0.917769134,1.9706993103000001,61.765792847,0.4812568556503718,0.0,152.97387695,40.695262909,0.0,65000.0
922,1431.5351968,14.334001541,0.7629342675,0.7642799020000001,0.9011449218,1.9805538654,60.882381439,0.48125687613829876,0.0,152.91014099,40.465427399,0.0,65000.0
923,1431.6871968,15.084457397000001,0.7620580792,0.7611285448,0.8862096071,1.9830000400999999,60.559726715,0.48125677527958244,0.0,153.02737427,40.159137726,0.0,65000.0
924,1431.8391968,14.94047451,0.7660995126000001,0.7641352415,0.8743840456,1.9803447722999998,60.383796692,0.48125685297495374,0.0,153.00976563,39.965648651,0.0,65000.0
925,1431.9911968000001,14.82483387,0.7762579322,0.7699823379999999,0.8649922609,1.9825676680000002,60.214584351000006,0.4812568797145632,0.0,152.69731140000002,40.081394196,0.0,65000.0
926,1432.1431968,15.162889480999999,0.795938015,0.7871168256000001,0.8594927192,1.9692842959999999,60.426864624,0.48125691323165776,0.0,152.88021851,40.323474884,0.0,65000.0
927,1432.2951968,15.189121246,0.818531692,0.8092894554000001,0.8558096886,1.9668990374000002,62.588886261000006,0.48125674180073275,0.0,152.85643005,40.452781677,0.0,65000.0
928,1432.4471968,14.097480774000001,0.8397964239,0.8316437602,0.8554121256,1.9779795408,65.304161072,0.48125667653626436,0.0,152.75019836,40.471660614,0.0,65000.0
929,1432.5991968,13.351079940999998,0.8590666056,0.8517289162,0.8574601412,1.9749542475,68.315803528,0.4812564693159886,0.0,152.68916321,40.586524963,0.0,65000.0
930,1432.7511968000001,12.955366135,0.8736760616,0.869253993,0.8602156043000001,1.9800245762,70.662742615,0.4812562599755171,0.0,152.66706848,40.697059631,0.0,65000.0
931,1432.9031968,12.817379951,0.8806586265999999,0.8785939813,0.8636589645999999,1.9854282141,71.205955505,0.481256247501966,0.0,152.63842773,40.739624023000005,0.0,65000.0
932,1433.0551968,12.923988342000001,0.8770867586,0.8833796978,0.875045836,1.9888651371000001,70.742721558,0.4812561842183048,0.0,151.89550781,40.741855621,0.0,65000.0
933,1433.2071968,12.920763969000001,0.8541870117,0.8644428253,0.888954103,1.9942846297999999,70.459655762,0.48125589062142804,0.0,150.4884491,40.677379608,0.0,65000.0
934,1433.3591968,12.643024445,0.8275788426,0.8381499052,0.8954487443000001,1.9997793436000002,69.587882996,0.48125560317473576,0.0,148.70648193,40.650428772,0.0,65000.0
935,1433.5111968,12.38389492,0.8096789122,0.8121665715999999,0.8949795365000001,2.0032377243,68.633422852,0.33833313627078565,0.0,146.54206848,40.78106308,0.0,74000.0
936,1433.6631968,12.279485702999999,0.8217432498999999,0.8094573020999999,0.8890235423999999,2.0023062228999997,68.712738037,0.3383331462953514,0.0,141.98652649,40.914600371999995,0.0,74000.0
937,1433.8151968,12.244888305999998,0.8543682098000001,0.8455796242,0.8822715878,1.9977118969,68.982788086,0.33833314576312923,0.0,134.23121643,41.055469513,0.0,74000.0
938,1433.9671968,12.242125511,0.8509508967,0.8640549779000001,0.8754006623999999,1.9931004047,68.568992615,0.3383331557925998,0.0,129.19493103,41.210121155,0.0,74000.0
939,1434.1191968,12.249476433,0.8018271327,0.8223363161,0.8650562762999999,1.9977084397999998,66.947914124,0.33833316601764735,0.0,130.93661499,41.38898468,0.0,74000.0
940,1434.2711968,12.281604767000001,0.7619932890000001,0.7717195153,0.8523007035,1.9972015618999999,65.850135803,0.33833315613708087,0.0,137.16050719999998,41.528411865,0.0,74000.0
941,1434.4231968000001,12.349982262000001,0.7581970095999999,0.7552309631999999,0.8394214511,1.9845161437999999,66.116409302,0.33833315641863326,0.0,146.00279236,41.514392853000004,0.0,74000.0
942,1434.5751968,12.502707481,0.7751491666,0.7682568431,0.8370269537,1.9877116680000002,65.550193787,0.3383331467887834,0.0,153.14976501,41.338272095,0.0,74000.0
943,1434.7271968,12.870038985999999,0.7927075624,0.7853699923,0.8440999985,1.9775800705000002,63.375385284,0.48125852399944086,0.0,155.89369202,41.142238617,0.0,65000.0
944,1434.8791968,13.498533249000001,0.8116540312999999,0.8040537238,0.8502821326000001,1.9703899622,61.931812286,0.48125848844319397,0.0,155.44343567,41.046924591,0.0,65000.0
945,1435.0311968,13.973817825,0.8294262886,0.8228200673999999,0.8630676866,1.9724735022,61.13791275,0.4812585800497629,0.0,155.35449219,41.104297638,0.0,65000.0
946,1435.1831968000001,14.347452164000002,0.8435071706999999,0.8383539915,0.8735063076,1.9777044058000002,59.725372314,0.481258975707905,0.0,156.60516357,41.112091064,0.0,65000.0
947,1435.3351968,14.804114342,0.8554773331000001,0.8506724238,0.8831379414,1.9847034216,59.567203522,0.48125919850184873,0.0,157.8901825,40.808567047,0.0,65000.0
948,1435.4871968,14.929749489,0.8671565056,0.8624595404000001,0.8926208018999999,1.9786747694,61.571235656999995,0.48125892971013234,0.0,157.72784424,40.501434326,0.0,65000.0
949,1435.6391968,14.90180397,0.8761378527,0.8735246062,0.9021869302,1.9651579856999999,64.081809998,0.4812585155567233,0.0,156.78173828,40.463962555,0.0,65000.0
950,1435.7911968,14.984992027,0.8773101568,0.8783271909,0.9097371101,1.9505375624,65.24535369899999,0.48125819678553755,0.0,155.90226746,40.612625122,0.0,65000.0
951,1435.9431968000001,15.136096000999999,0.8710458875,0.8734390736,0.9187731743,1.9543367624,65.944633484,0.48125811718985795,0.0,155.56085205,40.764732361,0.0,65000.0
952,1436.0951968,15.234534264,0.8643420339,0.8671781420999999,0.9319078326000001,1.9577294588,67.009117126,0.48125815713874426,0.0,156.07568359,40.846775055,0.0,65000.0
953,1436.2471968,15.227879524,0.8580815195999999,0.8606346845999999,0.9456546903,1.9579253197,67.615394592,0.4812584057866377,0.0,157.33032227,40.88111496,0.0,65000.0
954,1436.3991968,14.865332602999999,0.8521851897,0.8539631367,0.9533239603,1.9604264498,67.188453674,0.48125866702444003,0.0,157.52763367,41.09161377,0.0,65000.0
955,1436.5511968,14.139317513,0.8518812656,0.8508425951,0.9427394867000001,1.9574139118,67.17338562,0.48125884788268664,0.0,157.53257751,41.247264862,0.0,65000.0
956,1436.7031968000001,13.412831306,0.8583313823000001,0.8566475511,0.9278389812000001,1.9601902962,67.184364319,0.4812590453680411,0.0,157.6831665,41.33411026,0.0,65000.0
957,1436.8551968,13.223941802999999,0.8575215340000001,0.861310482,0.9123386145,1.9572483300999999,66.752906799,0.4812594673419948,0.0,158.88363647,41.375041962,0.0,65000.0
958,1437.0071968,13.366004944,0.8395195603,0.8477010131,0.8963452578,1.9528275728,65.795448303,0.48125998149905325,0.0,160.64579773,41.330688476999995,0.0,65000.0
959,1437.1591968,13.56986618,0.8170306087,0.8273046612999999,0.8824366926999999,1.9523714781000001,65.906196594,0.4812601542149537,0.0,161.47779846,41.25535202,0.0,65000.0
960,1437.3111968,13.831780434,0.7929093838,0.8014653920999999,0.8695530891,1.9504328966,65.034950256,0.4812602683475576,0.0,161.61155701,41.152282715,0.0,65000.0
961,1437.4631968,14.208862305,0.7782191037999999,0.7830258608,0.8590066433,1.9417476653999999,62.092720031999995,0.4812605952965615,0.0,161.77650452,40.975704193,0.0,65000.0
962,1437.6151968,14.30573082,0.7699999809,0.7716608643999999,0.8535904287999999,1.9438695908,61.408763885,0.4812607985285652,0.0,162.27180481,40.804466248000004,0.0,65000.0
963,1437.7671968,14.573154449,0.7719799876000001,0.7704390883,0.849000752,1.9475514888999998,61.835613251000005,0.4812607148214547,0.0,162.01097107,40.765621185,0.0,65000.0
964,1437.9191968,15.174307823,0.780205369,0.7765820026000001,0.8454279304000001,1.9427782297,62.184955597,0.48126055971368664,0.0,161.64741516,40.908424376999996,0.0,65000.0
965,1438.0711968,15.259184837000001,0.7882109284000001,0.7856180668000001,0.847848177,1.9455906153,61.733547211,0.48126059290803197,0.0,161.37962341,40.951194763000004,0.0,65000.0
966,1438.2231968,15.089796066,0.7919999956999999,0.7908773421999999,0.8521773815000001,1.9593948125999998,62.438434601000004,0.48126082493536365,0.0,162.66749573,40.735664368,0.0,65000.0
967,1438.3751968000001,15.328779221,0.7919999956999999,0.7917674184000001,0.8567503690999999,1.9625695944,62.582828522,0.48126095457082474,0.0,163.63250732,40.526447296,0.0,65000.0
968,1438.5271968,15.122009277,0.7927038670000001,0.7923004627,0.8626714349,1.9606146812,61.519550323000004,0.48126124251017943,0.0,163.77204895,40.674022675,0.0,65000.0
969,1438.6791968,14.203419685,0.7959287167,0.7949783206000001,0.8699378967,1.9590355158000001,59.188022614,0.4812615495033997,0.0,163.08898926,40.873699188,0.0,65000.0
970,1438.8311968,13.826023102,0.8001465201000001,0.7984836698000001,0.8706198931,1.9573081732,59.155990601000006,0.4812615670814306,0.0,162.70393372,40.985389709,0.0,65000.0
971,1438.9831968,14.314849854,0.8046805859,0.8029840589,0.8706653118000001,1.9556777477,60.638252258,0.4812612890958818,0.0,162.02674866,41.033599854,0.0,65000.0
972,1439.1351968000001,14.76499939,0.8069999814,0.8062704801999999,0.8728410602,1.956799984,61.803562164,0.4812610791783686,0.0,161.63726807,40.862133026,0.0,65000.0
973,1439.2871968,15.040409087999999,0.8056706786,0.8069642186,0.8747779726999999,1.9676098824000001,63.80916976899999,0.4812606249088566,0.0,161.02752686,40.584903716999996,0.0,65000.0
974,1439.4391968,15.225081444,0.7975012659999999,0.8017636537999999,0.87043643,1.9754635096000002,65.816566467,0.48126022087493314,0.0,160.16508484,40.475925446,0.0,65000.0
975,1439.5911968,14.648468017999999,0.7845675349,0.7877107859,0.8632816672,1.9665029049,66.25495147699999,0.4812600943839271,0.0,159.18757629,40.623435974,0.0,65000.0
976,1439.7431968,14.531456947,0.7832133174,0.783172965,0.8558799624,1.9507770538,65.709335327,0.48126019734047565,0.0,158.94631958,40.680240631,0.0,65000.0
977,1439.8951968000001,14.622753142999999,0.7835780978,0.783772707,0.8483393192,1.9468083381999999,64.49356079100001,0.4812603566737131,0.0,158.85603333,40.829944611,0.0,65000.0
978,1440.0471968,14.968947410999998,0.781375885,0.7820603251,0.840757668,1.9506409168,62.980522156000006,0.4812606034212895,0.0,158.93374634,41.050678253,0.0,65000.0
979,1440.1991968,15.44637394,0.7789999843000001,0.7797477841,0.8358371854000001,1.9582034349000002,61.844348907,0.48126062105574713,0.0,158.57624817,41.177951813,0.0,65000.0
980,1440.3511968,15.191033362999999,0.7789999843000001,0.7788985372,0.8323504925,1.9669457674000002,61.536403656000005,0.48126071324451575,0.0,158.15531921,41.359386444,0.0,65000.0
981,1440.5031968,14.590766907,0.7785990237999999,0.7788800001,0.8290600777,1.9686200619,60.949226378999995,0.4812606578214137,0.0,157.14715576,41.394065857,0.0,65000.0
982,1440.6551968,14.83125782,0.7744252681999999,0.7769060731,0.8258478045000001,1.9771341085,60.691413878999995,0.48126054832591836,0.0,156.79415894,41.143825531,0.0,65000.0
983,1440.8071968,15.368251801,0.7628290653,0.7668638229000001,0.8234516978,1.9856574535,60.719768523999996,0.48126042879451475,0.0,156.5533905,40.997695923,0.0,65000.0
984,1440.9591968,15.499913216,0.7585782409,0.7596464753,0.8230792284,1.9937964678,60.85831451399999,0.4812603090348179,0.0,156.26327515,40.707408905,0.0,65000.0
985,1441.1111968,15.569602012999999,0.7615695,0.7602944970000001,0.823178947,1.9993679522999999,60.547561646000005,0.4812604844989436,0.0,156.88511658,40.381710051999995,0.0,65000.0
986,1441.2631968,15.813404083,0.7647497654000001,0.7632395029000001,0.8220195770000001,1.9922945499,58.965602875,0.48126090805699395,0.0,157.94514465,40.313755035,0.0,65000.0
987,1441.4151968,15.710204124,0.7692916989,0.7672714590999999,0.8194261789,1.9835922718,57.514987946000005,0.4812612807318533,0.0,158.77156067,40.249313354,0.0,65000.0
988,1441.5671968000001,15.746346474000001,0.7746357322,0.7739059329000001,0.8163769245,1.9798458815,56.52407074,0.4812616431384241,0.0,159.61825562,40.208957672,0.0,65000.0
989,1441.7191968,15.723154068,0.7712078690999999,0.773553133,0.8124292493,1.9795335531,56.977355957,0.4812618976427115,0.0,160.40061951,40.408714294,0.0,65000.0
990,1441.8711968,15.918308258,0.7612318397,0.7655473351000001,0.8111118078,1.9736999273,57.845836639,0.4812619437024705,0.0,160.60777283,40.789886475,0.0,65000.0
991,1442.0231968,15.936732292,0.751608789,0.7554271817,0.8154121041,1.9627113341999998,59.193077087,0.4812617984830103,0.0,160.09265137,41.064956665,0.0,65000.0
992,1442.1751968,15.958685875,0.7467150687999999,0.7471618651999999,0.8207101822,1.9631618261000001,59.702087402,0.4812614893466764,0.0,159.03599548,40.973327637,0.0,65000.0
993,1442.3271968000001,15.986635208,0.7592146397,0.7531643509999999,0.8294337392,1.9803973436000002,59.220218658,0.48126133902071244,0.0,158.08401489,40.812973022,0.0,65000.0
994,1442.4791968,15.998892784,0.7839919329,0.7739576697,0.8450262547,1.9992389679,59.162273407,0.4812611510664837,0.0,157.25886536,40.671615601,0.0,65000.0
995,1442.6311968,16.00412941,0.8077707290999999,0.7983040809999999,0.8634525537000001,2.0018205643,59.734035492,0.4812608720704156,0.0,156.29083252,40.445968628,0.0,65000.0
996,1442.7831968,15.80689621,0.8298982978,0.8213648795999999,0.8850127459,1.9939225912,60.146175385,0.4812606924771892,0.0,155.22573853,40.824798584,0.0,65000.0
997,1442.9351968,15.400617599,0.8480140567,0.8410526514,0.9073818922,2.0010006428000002,61.147727966000005,0.4812604435069248,0.0,154.16418457,41.165008545,0.0,65000.0
998,1443.0871968000001,14.853606224000002,0.8647785187,0.8593456745,0.9297177792,2.0112504959,63.081005096000005,0.48126012089686004,0.0,153.34410095,41.215782166,0.0,65000.0
999,1443.2391968,14.406393050999998,0.8676201105,0.8671150208,0.9437888861,2.0077233315000003,65.428596497,0.48125986346840505,0.0,152.96881104,41.105194092,0.0,65000.0
1000,1443.3911968,14.370490074000001,0.858345747,0.86203897,0.9289432764,1.9985870122999998,66.802352905,0.4812593546913602,0.0,151.91264343,41.061206818,0.0,65000.0
1001,1443.5431968,14.253078461,0.8469278216,0.8516168594,0.9067828655,1.9960503578,67.436172485,0.4812592155804754,0.0,151.44558716,41.172119140999996,0.0,65000.0
1002,1443.6951968,13.889881134000001,0.8332591057,0.8385792970999999,0.8848125935,1.9905539750999999,67.904853821,0.4812592302930654,0.0,151.22798157,41.106201172,0.0,65000.0
1003,1443.8471968000001,13.678128242,0.8211448789,0.8258101940000001,0.8651538490999999,1.9829032421000001,68.58065033,0.48125940130016637,0.0,151.93106079,41.01386261,0.0,65000.0
1004,1443.9991968,13.746642113,0.8083229065,0.8135632277,0.8528928161,1.9846036434,70.039054871,0.48125921370045677,0.0,152.03684998,40.981044769,0.0,65000.0
1005,1444.1511968,14.048317909000001,0.7963512540000001,0.8014717698,0.8430688381,1.9848669766999998,69.623382568,0.48125915579111145,0.0,151.58595276,40.994968414,0.0,65000.0
1006,1444.3031968,14.745975494000001,0.7845211029000001,0.7894015907999999,0.8337342739,1.9813377856999999,68.093940735,0.48125963308855424,0.0,152.55969238,41.194972992,0.0,65000.0
1007,1444.4551968,15.293925285,0.7742068172,0.7779952884,0.8271244168,1.97514534,66.638137817,0.48126066213025426,0.0,155.28266907,41.406692505,0.0,65000.0
1008,1444.6071968,15.69396019,0.7692596316,0.7704734206,0.8256729841,1.9714018106,65.692184448,0.4812610962700222,0.0,156.69264221,41.227249146,0.0,65000.0
1009,1444.7591968,15.935160637000001,0.7730300426000001,0.7706908584000001,0.8257727026999999,1.969463706,64.32207489,0.48126106870975255,0.0,155.85540771,41.190628052,0.0,65000.0
1010,1444.9111968,15.257047652999999,0.7887432575,0.7826340795000001,0.8300762177,1.9700871706,62.900562286,0.48126126842712796,0.0,155.26803589,41.258468628,0.0,65000.0
1011,1445.0631968,14.222551346,0.8022156358,0.7970153093000001,0.8390697240999999,1.9709334372999998,62.571769714,0.4812615997929468,0.0,155.3817749,41.335990906,0.0,65000.0
1012,1445.2151968,13.863257407999999,0.8118344545,0.8083847761,0.8488090037999999,1.9716757536000002,63.205123901,0.4812618084793313,0.0,155.86808777,41.4376297,0.0,65000.0
1013,1445.3671968,13.988432884000002,0.8188137412000001,0.8163204789,0.8554446101000001,1.9806499481,65.187141418,0.48126147016995446,0.0,155.74000549,41.242416381999995,0.0,65000.0
1014,1445.5191968000001,14.286545753,0.8246582747,0.8227291703,0.8577858209999999,1.9863860607,66.816795349,0.48126110956484025,0.0,155.15357971,41.399497986,0.0,65000.0
1015,1445.6711968,14.85563755,0.8208906651000001,0.8227914572,0.8645782471,1.9882254601,67.863449097,0.4812609330871171,0.0,155.02565002,41.778652191,0.0,65000.0
1016,1445.8231968,15.141068459000001,0.8106968998999999,0.8152220249,0.8676254153,1.9954779148,68.67623138399999,0.48126084379427614,0.0,155.14677429,41.856651305999996,0.0,65000.0
1017,1445.9751968,14.992397308,0.8004224896,0.8039210439,0.8598862886,2.0077681541,68.609436035,0.4812609936426061,0.0,155.3780365,41.838973999000004,0.0,65000.0
1018,1446.1271968,14.965159415999999,0.8041033149,0.8029335737000001,0.8504772782,2.0146555901,67.408424377,0.48126116699826793,0.0,155.26991272,41.635120392,0.0,65000.0
1019,1446.2791968000001,15.000986099,0.8052006364000001,0.8044207692,0.8439027667,2.0161805153,66.112365723,0.4812613686748627,0.0,155.14616394,41.555088043000005,0.0,65000.0
1020,1446.4311968,14.657416344000001,0.8076863289,0.8062064648,0.8422698379000001,2.0158810616,65.379516602,0.4812615868459063,0.0,155.14837646,41.524196625,0.0,65000.0
1021,1446.5831968,14.370271683,0.8143828511,0.8119108677,0.8423696159999999,2.0223114491,65.163162231,0.48126160752562325,0.0,154.80038452,41.470237732,0.0,65000.0
1022,1446.7351968,14.49780941,0.8175363540999999,0.8170805573000001,0.842469275,2.0242989063,63.835849761999995,0.4812616538289509,0.0,154.32339478,41.363254547,0.0,65000.0
1023,1446.8871968,14.791934967000001,0.8119151592,0.8148086667000001,0.8436740637000001,2.0156815052,61.740364075,0.48126189234660616,0.0,154.19819641,41.197937012,0.0,65000.0
1024,1447.0391968000001,14.677637099999998,0.7996886969,0.8046021461,0.8458508253,2.0071852207,59.83455658,0.48126223998601003,0.0,154.54000854,41.008293152,0.0,65000.0
1025,1447.1911968,14.662845612,0.7855745554000001,0.7904886603,0.8483133316,2.0063021183000003,58.902057648,0.48126271737700393,0.0,155.47061157,41.265850066999995,0.0,65000.0
1026,1447.3431968,14.934780121,0.7828884720999999,0.7828627825,0.8469824791,1.9984983206,59.053009033,0.4812629613822793,0.0,156.07325745,41.525691986,0.0,65000.0
1027,1447.4951968,15.253829955999999,0.8052765727,0.7968059778000001,0.8374966979,1.9854164124,59.032180786000005,0.481262847301739,0.0,155.75982666,41.43139267,0.0,65000.0
1028,1447.6471968,15.465888023,0.8196160197,0.8149118423,0.8317378759,1.9771690369,58.746509552,0.48126301065260824,0.0,156.19470215,41.289070129,0.0,65000.0
1029,1447.7991968000001,15.684961319000001,0.8139573336,0.8168601990000001,0.8346122503,1.974152565,57.536773681999996,0.48126336173127643,0.0,157.01622009,41.3397789,0.0,65000.0
1030,1447.9511968,15.896365165999999,0.8004281521,0.8056840896999999,0.8400983809999999,1.9736672640000001,57.39780426,0.4812633826057137,0.0,156.71681213,41.529014587,0.0,65000.0
1031,1448.1031968,15.988389969000002,0.7932074666,0.7955758572,0.8429714440999999,1.9771821499000002,59.027523041,0.4812631715440585,0.0,156.36016846,41.779186249,0.0,65000.0
1032,1448.2551968,16.004901886,0.7960000037999999,0.7951015234000001,0.8424326181,1.98543787,60.691257477,0.48126324488516464,0.0,156.89797974,41.992038727,0.0,65000.0
1033,1448.4071968,16.009687424000003,0.7953609228,0.7958678603,0.8376482725,1.988899231,61.48116684,0.4812634157259432,0.0,157.83580017,41.909217834,0.0,65000.0
1034,1448.5591968,16.01477623,0.7853839993,0.7890157104000001,0.8319262265999999,1.985558629,61.89509201,0.4812634021330603,0.0,157.83203125,41.70967865,0.0,65000.0
1035,1448.7111968,16.014720917000002,0.7754141092,0.7790097594,0.8320111631999999,1.9888745546000002,62.081783295,0.48126337349463,0.0,157.76901245,41.50951767,0.0,65000.0
1036,1448.8631968,16.007038116,0.7660562395999999,0.7694289087999999,0.8360855579,1.9903182983,61.879058838,0.48126342533129507,0.0,157.77833557,41.297569275,0.0,65000.0
1037,1449.0151968,15.81039238,0.7671065926999999,0.7666575909000001,0.8408378363,1.9863660336000002,61.274963379,0.481263586354582,0.0,157.98794556,41.101417542,0.0,65000.0
1038,1449.1671968,15.576365470999999,0.7688470483,0.7684628367,0.8454303145000001,1.9870744944,61.108932495,0.4812636967896823,0.0,157.8993988,41.017807006999995,0.0,65000.0
1039,1449.3191968,15.738181114000001,0.7663837075,0.7670936584,0.8497254848000001,1.9880106449000001,61.199699402,0.48126367749977833,0.0,157.77435303,40.970718384,0.0,65000.0
1040,1449.4711968000001,15.951711655,0.7744567393999999,0.7710046172,0.8514584303,1.9871537685,60.819408417,0.4812634637028386,0.0,157.00088501,40.842712402,0.0,65000.0
1041,1449.6231968,16.005077362,0.7845118045999999,0.7803648114,0.8497335315000001,1.9900823831999999,59.93145752,0.4812634958389368,0.0,156.60218811,40.784748076999996,0.0,65000.0
1042,1449.7751968,16.011651993,0.7964036465000001,0.7918182611,0.8467774987000001,1.990233779,58.903186798,0.4812638013868689,0.0,156.79800415,41.0364151,0.0,65000.0
1043,1449.9271968,16.01593399,0.8058879972,0.8021361231999999,0.84410429,1.9854701757,59.636753082,0.48126390934608665,0.0,157.03041077,41.293373108000004,0.0,65000.0
1044,1450.0791968,16.016500473,0.802754581,0.8039746881000001,0.8418018222,1.980694294,60.880199432,0.4812636516086525,0.0,156.29421997,41.53692627,0.0,65000.0
1045,1450.2311968000001,16.01458168,0.7956797481,0.7986057997,0.8395441175,1.9797064065999999,61.497524261,0.48126360800184936,0.0,156.21643066,41.59003067,0.0,65000.0
1046,1450.3831968,16.012187958,0.7857918143000001,0.7896347642,0.8378176689,1.9826469421000001,62.299999237,0.48126366747884713,0.0,156.65435791,41.59040451,0.0,65000.0
1047,1450.5351968,16.009792328,0.7788397074,0.7815063,0.8373000026,1.9890958071,63.814254761,0.4812637718231522,0.0,157.5622406,41.567794799999994,0.0,65000.0
1048,1450.6871968,16.007400513,0.7731711864,0.7752130032,0.8373625278,1.9918125868,64.50163269,0.48126397249022057,0.0,158.50698853,41.447528839,0.0,65000.0
1049,1450.8391968,16.00500679,0.7803326249,0.7776676416,0.8388314246999999,1.9868456125,63.981090546000004,0.48126424801172973,0.0,159.03526306,41.310371399,0.0,65000.0
1050,1450.9911968000001,16.002613068,0.7950956820999999,0.7892364264,0.8425501584999999,1.9877415895,62.535392761000004,0.48126473713915535,0.0,159.82502747,41.371398926,0.0,65000.0
1051,1451.1431968,16.000219345,0.8000000119,0.7979937792,0.8433744311,1.9959619044999999,61.367858887,0.4812650037043074,0.0,160.02436829,41.388946533,0.0,65000.0
1052,1451.2951968,15.997824669000002,0.7999032140000001,0.8001614809,0.8418778181000001,2.0048871040000003,61.998821258999996,0.48126498362168607,0.0,160.13619995,41.21144104,0.0,65000.0
1053,1451.4471968,15.9962883,0.7928381562000001,0.7955484986,0.8403819203,2.0104644299000003,63.058475494,0.4812648564049411,0.0,160.05012512,41.244987488,0.0,65000.0
1054,1451.5991968,15.995656967,0.7790340185,0.7848597169,0.8388857840999999,2.0109858513,63.42382431,0.4812648600007106,0.0,159.81863403,41.416404724,0.0,65000.0
1055,1451.7511968000001,15.995318413,0.7830187678,0.7816595434999999,0.8379359840999999,2.0070023537,63.13380432100001,0.48126487486715896,0.0,159.27148438,41.58057785,0.0,65000.0
1056,1451.9031968,15.995018959000001,0.7859967947,0.7844916581999999,0.838304162,2.0008730888,62.419979095,0.48126495934961777,0.0,158.88078308,41.671344757,0.0,65000.0
1057,1452.0551968,15.996463775999999,0.7849944234,0.7853594422,0.8446540236,1.9953529835,62.465118408,0.48126443949441666,0.0,157.06356812,41.466598511,0.0,65000.0
1058,1452.2071968,16.000434875,0.7790126801,0.7813674212,0.8556663394,1.9911842346000002,63.950366974,0.4812620772104273,0.0,150.75767517,41.040904999,0.0,65000.0
1059,1452.3591968,16.005500793,0.773026228,0.7755810022,0.8674937487000001,1.9923825264,65.177047729,0.33833315626349747,0.0,145.83718872,40.745292664000004,0.0,74000.0
1060,1452.5111968,16.009439468,0.7779628634,0.7760708928,0.8816778064,2.0003726482,65.28149414100001,0.33833314603428244,0.0,144.31256104,40.855167389,0.0,74000.0
1061,1452.6631968,16.004436493,0.7879031301,0.7841624618,0.9007431269,2.0057225227,65.799377441,0.3383331358163011,0.0,142.7311554,40.841144562,0.0,74000.0
1062,1452.8151968,15.472000122,0.8275222181999999,0.8118521570999999,0.9022649527,2.0024414063,66.010559082,0.33833314582202456,0.0,139.82461548,40.596950531,0.0,74000.0
1063,1452.9671968,15.090091705,0.8605052829000001,0.8467600345999999,0.8850803375,2.0007710457,65.433853149,0.3383331355134109,0.0,136.73937988,40.519142151,0.0,74000.0
1064,1453.1191968,15.06930542,0.8413451909999999,0.8485917449,0.8815712333,1.9986854792,65.068557739,0.33833315588527985,0.0,139.38555908,40.620204926,0.0,74000.0
1065,1453.2711968,15.048519135,0.7871165276000001,0.809286356,0.872900188,1.9951494932,64.351341248,0.3383331357200119,0.0,142.4458313,40.86888504,0.0,74000.0
1066,1453.4231968000001,15.027732849000001,0.7635192275,0.7727224231,0.8374310135999999,1.9984896183,63.839237213000004,0.3383331357944088,0.0,143.27023315,41.263015747,0.0,74000.0
1067,1453.5751968,15.006946564000001,0.7405710816,0.7494399548,0.7973456382999999,2.0051519871,64.437141418,0.3383331561772963,0.0,146.08850098,41.538219452,0.0,74000.0
1068,1453.7271968,15.295630455,0.7254062890999999,0.7313825488,0.7753431201000001,2.0090742111,64.87395477300001,0.4812638364137931,0.0,153.65507507,41.736663818000004,0.0,65000.0
1069,1453.8791968,15.658265114,0.733735919,0.7303441762999999,0.7754301429000001,2.0102710724,64.909393311,0.48126535841019136,0.0,158.43942261,41.879833221,0.0,65000.0
1070,1454.0311968,15.743649482999999,0.7610935569,0.7498441339,0.7792999744,2.005294323,65.000335693,0.48126560378752004,0.0,159.28399658,41.765949249,0.0,65000.0
1071,1454.1831968000001,15.738684654000002,0.7706881165999999,0.7667822837999999,0.7796952723999999,1.9937200546,64.990104675,0.48126551269344675,0.0,158.92079163,41.48784256,0.0,65000.0
1072,1454.3351968,15.742053985999998,0.7681130767000001,0.7692388295999999,0.7817421556,1.9815056324,65.358825684,0.4812654617304629,0.0,158.74531555,41.567493439,0.0,65000.0
1073,1454.4871968,15.803481102000001,0.7651199101999999,0.7665896416,0.7848900556999999,1.9731317759,64.65096283,0.48126557408996073,0.0,158.62637329,41.513401031,0.0,65000.0
1074,1454.6391968,15.91702652,0.7649999856999999,0.7653999925,0.7880814075,1.9747978449,62.951789856000005,0.4812659503827322,0.0,159.00489807,41.191356659,0.0,65000.0
1075,1454.7911968,15.98290062,0.7640452981,0.7645134926,0.7912730575,1.9827325344,61.580215454,0.4812661851575185,0.0,159.48049927,40.460006714,0.0,65000.0
1076,1454.9431968000001,15.956235885999998,0.7601932287000001,0.761429131,0.7945195436,1.9850318432,60.389644623,0.481266609856294,0.0,159.85015869,40.718173981,0.0,65000.0
1077,1455.0951968,15.745343208,0.7552530169,0.7571403384000001,0.7977560162999999,1.9840548037999999,59.307682037,0.48126680013896467,0.0,159.72003174,40.698822021,0.0,65000.0
1078,1455.2471968,15.390548705999999,0.7521607876,0.7533434032999999,0.800838232,1.9837177992,59.920078278000005,0.48126663297083505,0.0,159.07736206,40.474601746,0.0,65000.0
1079,1455.3991968,15.161570549,0.7519999743000001,0.7517456412000001,0.8036129475,1.9839434624,63.05543518100001,0.4812660980670894,0.0,158.76593018,40.27507019,0.0,65000.0
1080,1455.5511968,15.357439995,0.7519999743000001,0.7516999840999999,0.8061529398,1.988296628,66.690635681,0.48126533015772405,0.0,158.23202515,40.377868652,0.0,65000.0
1081,1455.7031968000001,15.755052567,0.752938807,0.7524000406,0.8087000847,1.9909000397,69.209075928,0.48126491393633125,0.0,158.22572327,40.774589539000004,0.0,65000.0
1082,1455.8551968,15.959704399000001,0.7614219189,0.7577157020999999,0.8112932444,1.9899784327,70.19347381600001,0.4812648516357152,0.0,158.72746277,40.773796082,0.0,65000.0
1083,1456.0071968,15.999018669000002,0.7750684619,0.769264698,0.8138862848,1.9933257103,70.438903809,0.4812649526634883,0.0,159.1337738,40.508766174,0.0,65000.0
1084,1456.1591968,16.004392624,0.7843808532,0.7806280851,0.8157366514,2.0020709038,69.71972656300001,0.48126541085939833,0.0,159.97384644,40.562633514,0.0,65000.0
1085,1456.3111968,16.005905151,0.78314358,0.783685863,0.8154025674,2.0093226433,68.08065795899999,0.48126591775630406,0.0,160.06117249,40.827896118000005,0.0,65000.0
1086,1456.4631968,16.005842209,0.7709634304,0.7761919498000001,0.8083495498000001,2.0106122494,67.58995819100001,0.48126634047720845,0.0,160.80348206,41.138729095,0.0,65000.0
1087,1456.6151968,16.005542755,0.755233705,0.7617775798,0.7970039845,2.0040996075,68.848640442,0.48126655224258463,0.0,162.03300476,41.283821106,0.0,65000.0
1088,1456.7671968,16.005243301,0.7411119937999999,0.7468289137,0.7836370468000001,1.988401413,70.034088135,0.4812666577081228,0.0,163.34745789,41.184452057,0.0,65000.0
1089,1456.9191968,16.004945755,0.7326593399,0.7362136245,0.7662202716,1.9716100693,69.94646453899999,0.4812670044537485,0.0,164.45858765,41.057548523,0.0,65000.0
1090,1457.0711968,16.004646300999998,0.7274236679,0.7294666767,0.7531403303,1.9621725081999999,69.95677948,0.48126719050043754,0.0,165.07432556,41.025032043,0.0,65000.0
1091,1457.2231968,16.004346848,0.7251754999,0.7258808613,0.7477593422,1.955709219,70.154953003,0.4812672951374804,0.0,165.15820313,41.333171844,0.0,65000.0
1092,1457.3751968000001,16.004047394,0.7250000238,0.7250490784999999,0.7456925511,1.9480274916,69.57787323,0.4812675892492615,0.0,164.97537231,41.73789978,0.0,65000.0
1093,1457.5271968,16.003494263,0.7231860756999999,0.724188745,0.7443873286,1.9475464821000001,68.80519104,0.48126783074618057,0.0,165.1040802,41.695186615,0.0,65000.0
1094,1457.6791968,16.002243042,0.7211907506,0.7223912477,0.7401205896999999,1.9547846317,68.178611755,0.4812679061604521,0.0,165.16293335,41.131557465,0.0,65000.0
1095,1457.8311968,16.00044632,0.7191966772,0.7203965187000001,0.7348933816,1.9643695354,67.49937439,0.4848461055290972,0.0,165.43408203,40.632091521999996,0.0,65000.0
1096,1457.9831968,15.998551369000001,0.7172013520999999,0.7181023955,0.7350462079000001,1.9705989361000003,66.831604004,0.48484514042294075,0.0,165.70570374,40.673030853,0.0,65000.0
1097,1458.1351968000001,15.996656417999999,0.7143087982999999,0.7153604031,0.737894237,1.9676257372,65.860374451,0.4848453128612264,0.0,165.65942383,40.766426085999996,0.0,65000.0
1098,1458.2871968,15.994761467,0.7122118473000001,0.7131099701000001,0.7393419147,1.9647899866,64.612922668,0.4848470632267441,0.0,165.18017578,40.854679108,0.0,65000.0
1099,1458.4391968,15.99286747,0.7120000124,0.7123000026,0.7413750887,1.9706584215,64.387680054,0.4812685216177813,0.0,163.30567932,40.910369873,0.0,65000.0
1100,1458.5911968,15.990972519000001,0.7128887773,0.7128861546999999,0.7458773255,1.9802961349000001,64.948448181,0.4812677281790569,0.0,160.49005127,40.968437195,0.0,65000.0
1101,1458.7431968,15.989076614000002,0.7200914621,0.7169977426999999,0.7639652491,1.9837341309,64.666290283,0.48126728118049217,0.0,158.61408997,41.009571075,0.0,65000.0
1102,1458.8951968000001,15.987182617,0.7483875154999999,0.7356775998999999,0.7979630231999999,1.9841426611000001,64.377296448,0.48126726357204447,0.0,158.33984375,40.756027222,0.0,65000.0
1103,1459.0471968,15.985286712999999,0.7854825258,0.7699100970999999,0.8295599818000001,1.9919059277000002,63.849304198999995,0.48126750696705345,0.0,158.54916382,40.736095428,0.0,65000.0
1104,1459.1991968,15.983391762,0.8093194962000001,0.7999213338,0.8387772441,1.999212265,62.557819366000004,0.4812680287513606,0.0,159.05111694,41.042720795,0.0,65000.0
1105,1459.3511968,15.981449127000001,0.7953596710999999,0.8023144603,0.8258569837,1.9991021156,62.433437346999995,0.48126807969765195,0.0,158.75236511,41.209365845,0.0,65000.0
1106,1459.5031968,15.979265213,0.7589588761,0.7741186619,0.8053790927,1.9978109597999998,64.160820007,0.48126774485321355,0.0,158.33285522,41.261039734,0.0,65000.0
1107,1459.6551968,15.976731299999999,0.7244033217,0.7380949855,0.7817886472,1.9981638193,66.793762207,0.48126721841798226,0.0,158.24719238,41.278186798,0.0,65000.0
1108,1459.8071968,15.9740839,0.7191324234,0.7198986411,0.7596351504000001,1.9944046736,69.3516922,0.4812668723075142,0.0,158.69323730000002,41.373695374,0.0,65000.0
1109,1459.9591968,15.971445084,0.7189999819,0.7190535069,0.7457127571,1.9808446169,71.707695007,0.4812666131115532,0.0,159.2878418,41.568820953,0.0,65000.0
1110,1460.1111968,15.968797684,0.7172741890000001,0.7179829478,0.7387876511,1.9712773561,72.585006714,0.4812666447405171,0.0,159.52992249,41.884353638,0.0,65000.0
1111,1460.2631968,15.966157913,0.7144200801999999,0.7155129312999999,0.7340670228,1.9730249643,71.484771729,0.4812667859461276,0.0,159.11480713,41.695228576999995,0.0,65000.0
1112,1460.4151968,15.963511467,0.713142395,0.7134059668000001,0.7325000167,1.9743343591999998,70.224731445,0.4812668747232361,0.0,158.69946289,41.150157928,0.0,65000.0
1113,1460.5671968000001,15.962236404,0.7129999995,0.7127000093000001,0.731364131,1.9735364913999998,69.637405396,0.4812671523316698,0.0,159.12503052,40.896778106999996,0.0,65000.0
1114,1460.7191968,15.964252472,0.7129999995,0.7127451897,0.728374064,1.9764873981,69.134078979,0.4812674505971643,0.0,159.58122253,40.829647064,0.0,65000.0
1115,1460.8711968,15.968745232,0.7121506333,0.7123959064000001,0.7250080109,1.9848657846000002,68.98130798300001,0.4812676891669199,0.0,159.84719849,40.783081055,0.0,65000.0
1116,1461.0231968,15.973731040999999,0.7086120844,0.7102931737999999,0.7219163179000001,1.9932689666999999,69.609992981,0.48126770723701007,0.0,160.34832764,40.721794128,0.0,65000.0
1117,1461.1751968,15.977830887,0.7054678798,0.70670259,0.7190907001000001,1.9944044352,70.73789978,0.481267474768586,0.0,160.4221344,40.647853851,0.0,65000.0
1118,1461.3271968000001,15.979763985,0.7016333342000001,0.7030681968000001,0.7166856527,1.9834026098,71.997489929,0.48126709134433837,0.0,159.96417236,40.657039642,0.0,65000.0
1119,1461.4791968,15.980098724000001,0.6984838247,0.6998162866,0.714610815,1.9708749056000001,73.42498016399999,0.48126673338293,0.0,159.79310608,40.829586029,0.0,65000.0
1120,1461.6311968,15.980098724000001,0.6963272691,0.6972543001,0.7148635387000001,1.9629043340999999,74.462203979,0.48126656334410606,0.0,159.80317688,40.964870453,0.0,65000.0
1121,1461.7831968,15.981009483,0.6943331361,0.695033133,0.7178003787999999,1.9521385431,74.95260620100001,0.48126632490267096,0.0,159.28703308,40.902492523,0.0,65000.0
1122,1461.9351968,15.986680984000001,0.6956620812000001,0.6949771047,0.7195430993999999,1.94323349,74.32467651399999,0.4812661685869202,0.0,158.23574829,40.587657928,0.0,65000.0
1123,1462.0871968000001,15.888262749,0.7084217668,0.7027792334999999,0.7269212008,1.9384596347999998,73.903587341,0.48126579258256275,0.0,156.45928955,40.723262786999996,0.0,65000.0
1124,1462.2391968,15.373189925999998,0.7365973592,0.724491775,0.7558068037000001,1.93417871,75.112495422,0.48126404030035763,0.0,152.08557129,40.932445526,0.0,65000.0
1125,1462.3911968,14.56837368,0.7732916473999999,0.7582827209999999,0.7993586063,1.9359289408000002,75.75373077399999,0.4812622038274016,0.0,147.40371704,41.267742157,0.0,65000.0
1126,1462.5431968,14.152604103,0.8161042333,0.7983800173000001,0.824398458,1.9444863796,76.039009094,0.4812611936934005,0.0,145.00224304,41.437030792,0.0,65000.0
1127,1462.6951968,14.130076407999999,0.8493626714,0.8361670375,0.819654882,1.9509010315000002,76.476295471,0.48126127812844227,0.0,145.44775391,41.319274902,0.0,65000.0
1128,1462.8471968000001,14.107548714000002,0.8232055902,0.8380574584,0.8075582385,1.9554587603,76.27153015100001,0.4812630286521989,0.0,149.07029724,41.243164063,0.0,65000.0
1129,1462.9991968,14.085021019000001,0.7745453119,0.7951428890000001,0.800804615,1.9661761522,75.474899292,0.48126341528338024,0.0,149.26211548,41.246006011999995,0.0,65000.0
1130,1463.1511968,14.062494277999999,0.7374623418,0.7513503431999999,0.7970929146,1.9705049991999999,74.372909546,0.4812629952341819,0.0,147.64320374,41.00925827,0.0,65000.0
1131,1463.3031968,14.039966583,0.7213097215000001,0.7261360884,0.7867540717,1.9593491554,73.074745178,0.48126330130159944,0.0,147.56752014,40.661483765,0.0,65000.0
1132,1463.4551968,14.017438889000001,0.7149769068,0.7169998287999999,0.7673692703,1.9503660202000002,71.912696838,0.4812640635588833,0.0,148.48750305,40.464866638000004,0.0,65000.0
1133,1463.6071968,13.994911194,0.7107911706000001,0.7126339078,0.7464072704000001,1.9539306163999999,71.50955200199999,0.481265279775637,0.0,150.85499573,40.524650574,0.0,65000.0
1134,1463.7591968,14.251134872,0.7052041292,0.7075846791,0.7272315025,1.961114645,71.90841674800001,0.48126711699001967,0.0,155.6013031,40.592559814,0.0,65000.0
1135,1463.9111968,15.056335449,0.6952341795,0.6995326281,0.7113679647,1.9667521715,72.37670898399999,0.4812681032522898,0.0,159.18328857,40.604797363,0.0,65000.0
1136,1464.0631968,15.787532806,0.6882359981999999,0.6908208131999999,0.6967082024,1.9668604136,72.778053284,0.4812684155047996,0.0,160.67927551,40.656608582,0.0,65000.0
1137,1464.2151968,15.98289299,0.684625268,0.6855648756,0.6834943295,1.9661699533,73.136428833,0.4812684397900237,0.0,161.06523132,40.766571045,0.0,65000.0
1138,1464.3671968,15.987935065999999,0.6903145909,0.6870649456999999,0.677927196,1.96732831,72.706634521,0.4812687257753474,0.0,161.19412231,40.881980896,0.0,65000.0
1139,1464.5191968000001,15.982625008,0.6998643875,0.696138382,0.6895073652,1.9630972147,71.252342224,0.4812691087652605,0.0,160.91049194,40.787246704,0.0,65000.0
1140,1464.6711968,15.949931145,0.7098401189,0.7062337398999999,0.7233100533,1.9566915034999999,70.231658936,0.481268984499678,0.0,159.88224792,40.200706482,0.0,65000.0
1141,1464.8231968,15.921316147,0.731528163,0.7216917276,0.7666137218000001,1.9527288675,70.579460144,0.4812684298075336,0.0,158.49356079,39.986293793,0.0,65000.0
1142,1464.9751968,15.964488982999999,0.752573967,0.7442855239,0.8014221190999999,1.9527074099000001,71.468551636,0.48126750663908474,0.0,156.05123901,40.529659271,0.0,65000.0
1143,1465.1271968,15.9810009,0.7717405558,0.7639597654000001,0.829723835,1.9573917389,71.856536865,0.481266881901532,0.0,154.16902161,41.038894653,0.0,65000.0
1144,1465.2791968000001,15.984140395999999,0.7922410369,0.7835802436,0.8446081877,1.9613953829,71.51097106899999,0.48126741043319204,0.0,154.72547913,41.439300537,0.0,65000.0
1145,1465.4311968,15.988640785,0.7916064858,0.7937788963,0.8402841687,1.9606066941999998,70.47942352300001,0.4812685153364948,0.0,156.50091553,41.59942627,0.0,65000.0
1146,1465.5831968,15.99336338,0.7761747837,0.7832761407,0.8246170281999999,1.9649106263999998,69.64993286100001,0.48126915594746483,0.0,157.25050354,41.67092514,0.0,65000.0
1147,1465.7351968,15.997494697999999,0.7566960454,0.7645848989,0.8052618504000001,1.9672877788999998,69.766288757,0.48126908193649365,0.0,157.06077576,41.557449341,0.0,65000.0
1148,1465.8871968,15.999617577,0.7375076412999999,0.7451025844,0.7818541526999999,1.9635998011000002,71.676681519,0.4812681979088753,0.0,156.39994812,41.305957794,0.0,65000.0
1149,1466.0391968000001,16.0,0.7170423269,0.7253308892,0.7581994534000001,1.9575250149,73.444961548,0.48126753318733273,0.0,156.1787262,40.917808533,0.0,65000.0
1150,1466.1911968,15.984457015999999,0.6968511939,0.705039382,0.733038187,1.9523352385,73.470443726,0.4812675647389701,0.0,156.29766846,40.482727051,0.0,65000.0
1151,1466.3431968,15.951748848,0.6776515245,0.6850991845000001,0.7081382870999999,1.9512736797,72.149887085,0.4812682523231134,0.0,157.09580994,40.237045288000004,0.0,65000.0
1152,1466.4951968,15.958341599,0.6624674200999999,0.6680423617,0.6886935234,1.9562664032,70.571884155,0.4812693855601142,0.0,158.65583801,40.283031464000004,0.0,65000.0
1153,1466.6471968,15.991148949000001,0.6507514119,0.6552584767,0.6717663407,1.9658890963,69.202804565,0.48127040509379554,0.0,160.36700439,40.268760680999996,0.0,65000.0
1154,1466.7991968000001,16.0,0.6480000019,0.6479960084,0.6609518528,1.9699639082,68.451469421,0.4812712586661968,0.0,161.95399475,40.360824585,0.0,65000.0
1155,1466.9511968,16.0,0.6494891047,0.6486254334,0.6582560539,1.9661021233000002,68.155776978,0.48127189139766396,0.0,163.20591736,40.569736481,0.0,65000.0
1156,1467.1031968,16.0,0.6544502378,0.6521117687,0.6587607265,1.9606320858000001,68.22339630100001,0.4848445456399644,0.0,164.27275085,40.772891998,0.0,65000.0
1157,1467.2551968,16.0,0.6626532078,0.6590505838,0.6655710936,1.9583418369,67.92407226600001,0.4848407861277852,0.0,165.12536621,40.941280365,0.0,65000.0
1158,1467.4071968,15.998185158,0.6723639369,0.6686599255,0.6797091365000001,1.9592319727,66.028526306,0.48483766740319995,0.0,165.8354187,40.937343596999995,0.0,65000.0
1159,1467.5591968,15.923810005,0.6852749586,0.6796993613,0.6960657834999999,1.9584333897,63.338455200000006,0.48483605568072713,0.0,166.18740845,40.52835083,0.0,65000.0
1160,1467.7111968,15.660346031,0.7058149576,0.6964083314,0.7146498561,1.9584592581,62.36075210600001,0.4848379110809267,0.0,165.72259521,40.179836273,0.0,65000.0
1161,1467.8631968,15.551646233,0.7222005725,0.7162572145,0.7373751402,1.9609903096999999,62.887317657,0.48484187835261,0.0,164.82066345,40.550640105999996,0.0,65000.0
1162,1468.0151968,15.885302544000002,0.7347092628,0.7297737002,0.7667760253,1.9621022940000001,62.728122711000005,0.4848454586167749,0.0,164.02549744,41.04214859,0.0,65000.0
1163,1468.1671968,15.989037514000001,0.7466796041,0.7419430017,0.7911571264,1.9627079963999998,62.542438507,0.48484739975367375,0.0,163.58898926,41.244564056,0.0,65000.0
1164,1468.3191968,15.983145714,0.7557637095,0.7526991367,0.8040001392,1.9639194012,63.549285889,0.48484731762232186,0.0,163.56292725,41.247623444,0.0,65000.0
1165,1468.4711968000001,15.980508804000001,0.7508201599,0.7547893523999999,0.8125258684000001,1.9607065916,65.38259887699999,0.48484714064251405,0.0,163.53739929,41.231254578000005,0.0,65000.0
1166,1468.6231968,15.980098724000001,0.7401269674,0.7444655298999999,0.8166507483,1.9572603703,67.167030334,0.48484864634970104,0.0,163.13760376,41.188919067,0.0,65000.0
1167,1468.7751968,15.980098724000001,0.7284452319,0.7330614924,0.8169683218000001,1.9629383087,67.767547607,0.48127291656463783,0.0,162.40046692,41.13236618,0.0,65000.0
1168,1468.9271968,15.980098724000001,0.7178958654,0.7213951945,0.8125777245,1.9685016869999998,67.533584595,0.48127286697912375,0.0,161.7862854,41.078350066999995,0.0,65000.0
1169,1469.0791968,15.980098724000001,0.7149999737999999,0.7146692872,0.8095318079,1.9663771391,66.992652893,0.4812730446097508,0.0,161.5864563,40.903793335,0.0,65000.0
1170,1469.2311968000001,15.980098724000001,0.7185255289,0.7161223292,0.8070388436,1.9671350718,67.225784302,0.4812729440753205,0.0,161.72296143,40.588394165,0.0,65000.0
1171,1469.3831968,15.980098724000001,0.7270228267000001,0.7226195931,0.8040015697,1.9715834856,67.635932922,0.4812731081761326,0.0,162.30465698,40.603385925,0.0,65000.0
1172,1469.5351968,15.980098724000001,0.7383974195,0.7334290743,0.7995342016,1.9773871899000002,66.02696991,0.48484702552190445,0.0,163.34552002,40.747768402,0.0,65000.0
1173,1469.6871968,15.980098724000001,0.751060605,0.746019125,0.7946167587999999,1.9778014421,63.012187958,0.4848432086275361,0.0,164.19683838,40.844451904,0.0,65000.0
1174,1469.8391968,15.980098724000001,0.7543055415000001,0.7543942928,0.7888081074,1.9691864252000002,61.555999756000006,0.4848432971246575,0.0,164.17735291,40.941223145,0.0,65000.0
1175,1469.9911968000001,15.980098724000001,0.7491583824,0.7519464493000001,0.7808507681,1.9559761286000001,62.220836639,0.4848451271503667,0.0,163.76948547,41.163898468,0.0,65000.0
1176,1470.1431968,15.980098724000001,0.7387301326000001,0.7437887787999999,0.7724427581000001,1.9503573179,63.858829498,0.4848450239684546,0.0,163.75080872,41.386833191,0.0,65000.0
1177,1470.2951968,15.980098724000001,0.7267637848999999,0.7317644954000001,0.7639954090000001,1.9575450419999998,64.327354431,0.4848427316926888,0.0,164.19070435,41.372131348,0.0,65000.0
1178,1470.4471968,15.980098724000001,0.7141100168000001,0.7192379235999999,0.7556163073000001,1.958214879,64.07308197,0.48483980632796714,0.0,164.77813721,41.261096954,0.0,65000.0
1179,1470.5991968,15.980098724000001,0.7052288651,0.7083086370999999,0.7476052642000001,1.9540485144,63.24798584,0.48483907815591154,0.0,164.90740967,41.189876556,0.0,65000.0
1180,1470.7511968000001,15.980098724000001,0.6996060609999999,0.7013633847,0.7406342626000001,1.9598391056,62.517982483000004,0.48484235144076926,0.0,164.19720459,41.162139893,0.0,65000.0
1181,1470.9031968,15.980098724000001,0.7034101486,0.7000499368,0.7340635657,1.9644942284,62.166461945,0.48484587681066454,0.0,163.45986938,41.18473053,0.0,65000.0
1182,1471.0551968,15.980098724000001,0.7107143401999999,0.7077213526,0.7291448712,1.9583688974000002,61.719081878999994,0.4848480956649238,0.0,162.98860168,41.274776459,0.0,65000.0
1183,1471.2071968,15.980098724000001,0.7143418789,0.7136136293,0.7282270193000001,1.9505484104,61.763690948000004,0.4848500350574306,0.0,162.579422,41.38848877,0.0,65000.0
1184,1471.3591968,15.980098724000001,0.7129954695999999,0.7142767906,0.7282999754,1.9473285675,63.175773621000005,0.4848508830378654,0.0,162.35195923,41.539588928,0.0,65000.0
1185,1471.5111968,15.980098724000001,0.7086718082,0.7110279799,0.7282999754,1.9519715309,64.705558777,0.4812755199830053,0.0,161.90995789,41.607315063,0.0,65000.0
1186,1471.6631968,15.980098724000001,0.7043485641,0.7063448429000001,0.728326261,1.965039134,64.974571228,0.4812752639568614,0.0,161.20126343,41.554668426999996,0.0,65000.0
1187,1471.8151968,15.980098724000001,0.7023397088,0.7028663158,0.7282181978,1.9783096313,64.236755371,0.4812753420420446,0.0,160.68022156,41.429912566999995,0.0,65000.0
1188,1471.9671968,15.980098724000001,0.7020000219,0.7021999955,0.7272623776999999,1.9899901152000001,63.076648712,0.4812757723570417,0.0,160.70654297,41.396781921,0.0,65000.0
1189,1472.1191968,15.980098724000001,0.7020000219,0.7021744847,0.7255665659999999,1.9922406673,63.005882263000004,0.4812760779725173,0.0,161.18521118,41.429889679,0.0,65000.0
1190,1472.2711968,15.98191452,0.699391067,0.7010158895999999,0.7238714099,1.9844527244999999,63.967754363999994,0.48127599571972185,0.0,161.46420288,41.47561264,0.0,65000.0
1191,1472.4231968000001,15.989097595,0.6941017509,0.6963269711,0.7208772898,1.9740035534,64.071624756,0.4812762191803509,0.0,161.5894165,41.615795135,0.0,65000.0
1192,1472.5751968,15.982670784000002,0.6874678731,0.6902217268999999,0.7131332159,1.9644970894,63.593765258999994,0.48127648325853783,0.0,161.63989258,41.731204987,0.0,65000.0
1193,1472.7271968,15.934847832,0.6804872751000001,0.683267355,0.7029297351999999,1.9612792730000002,62.657096863,0.4812768172523653,0.0,161.58287048,41.687728881999995,0.0,65000.0
1194,1472.8791968,15.921613693,0.672862947,0.6756439209,0.694006145,1.9701529741,61.66471099899999,0.4812771636422497,0.0,161.39732361,41.711929321,0.0,65000.0
1195,1473.0311968,15.993780136,0.6629670261999999,0.6669422388,0.6875418425,1.980569005,61.903450012,0.48127726078818744,0.0,161.41026306,41.93944931,0.0,65000.0
1196,1473.1831968000001,15.99264431,0.6558158994,0.6577844620000001,0.6818608046,1.9870265722,62.966423035,0.4848514472004982,0.0,162.0128479,42.239681244,0.0,65000.0
1197,1473.3351968,15.989452362,0.6609746218,0.6570243239,0.6801127791,1.9894428253,63.703372955,0.4848463380163568,0.0,162.96644592,42.348999023000005,0.0,65000.0
1198,1473.4871968,15.98623848,0.6700520515,0.667031467,0.6877317429,1.988923192,65.571884155,0.48484110863723756,0.0,163.92199707,42.254276276,0.0,65000.0
1199,1473.6391968,15.983014107,0.677401185,0.6743989587,0.6970304251,1.9884010553,67.42239379899999,0.4848377748218124,0.0,164.51200867,42.129211426,0.0,65000.0
1200,1473.7911968,15.980203629000002,0.6825047731,0.6806344986,0.7022902369,1.9804964066,66.707824707,0.48483741095210714,0.0,164.56230164,42.056690216,0.0,65000.0
1201,1473.9431968000001,15.978075981,0.6864937543999999,0.6844147443999999,0.7021983862000001,1.9705166817,65.607948303,0.48483845470506304,0.0,164.33073425,42.013687134,0.0,65000.0
1202,1474.0951968,15.97618103,0.6892417668999999,0.6881065369,0.6999851465000001,1.9663387537,64.374610901,0.48483994939413944,0.0,164.02738953,41.98658371,0.0,65000.0
1203,1474.2471968,15.974308014000002,0.6875274777,0.6888973117,0.6969256401,1.9702785015000002,64.340492249,0.4848404199318458,0.0,163.90713501,41.965400695999996,0.0,65000.0
1204,1474.3991968,15.972490311,0.6773821115,0.6824116111,0.6947911978,1.9766880274,65.689804077,0.48483885149857253,0.0,164.1499176,41.841274261,0.0,65000.0
1205,1474.5511968,15.97059536,0.6634206175999999,0.6690077186,0.6864503026000001,1.9768452644,66.468475342,0.48483790385772085,0.0,164.27246094,41.677688599,0.0,65000.0
1206,1474.7031968000001,15.96872139,0.6494565606,0.6553986668999999,0.6737555265,1.9713170528,67.322952271,0.4848395117108917,0.0,163.91477966,41.657833099,0.0,65000.0
1207,1474.8551968,15.966906547999999,0.6360961199,0.641638577,0.6639168261999999,1.9700943231999999,68.19451141399999,0.48484123576240007,0.0,163.55152893,41.791439056,0.0,65000.0
1208,1475.0071968,15.965010643,0.6243422627,0.6285277604999999,0.6558704376,1.9813377856999999,68.324615479,0.4848414072396975,0.0,163.49060059,42.007259369,0.0,65000.0
1209,1475.1591968,15.963136673,0.6163839698,0.6189484000000001,0.6498271822999999,1.9935564995,65.958335876,0.48484125560913055,0.0,163.54743958,42.186374664,0.0,65000.0
1210,1475.3111968,15.961360931,0.616399765,0.6152184606000001,0.6437420249,1.9908226728,63.38250351,0.4848400976755353,0.0,163.77488708,42.245002747,0.0,65000.0
1211,1475.4631968,15.960766792000001,0.6197920442,0.6189327836,0.6387327909,1.9865982533000002,62.172969818,0.4848389866985832,0.0,163.96060181,42.199810028,0.0,65000.0
1212,1475.6151968,15.965084075999998,0.6180268526,0.6197478771,0.6347644329,1.9942899941999999,62.189178467,0.4848449174704958,0.0,162.84150696,42.123401642,0.0,65000.0
1213,1475.7671968,15.971186637999999,0.6142238379,0.6151875257,0.6312234402,2.0065925121,60.711788176999995,0.4812787235163885,0.0,158.89317322,42.063987732,0.0,65000.0
1214,1475.9191968,15.977372169,0.6112320423,0.6120141149,0.6334515214,2.0173616409,58.144676208,0.48127727618758703,0.0,154.02549744,42.013942719,0.0,65000.0
1215,1476.0711968,15.983553886,0.6088265181,0.6091836095000001,0.6494617462,2.01902771,56.277217865,0.48127680037760306,0.0,152.15029907,41.914966583,0.0,65000.0
1216,1476.2231968,15.989739418,0.6226002574,0.6123959422,0.6768761276999999,2.0137712955000002,55.183982848999996,0.48127811331500875,0.0,154.11323547,41.874599456999995,0.0,65000.0
1217,1476.3751968000001,15.995344162,0.6562567949,0.6400392652,0.7055071592000001,2.0145971775,54.75976181,0.48127900907489696,0.0,155.49745178,41.962909698000004,0.0,65000.0
1218,1476.5271968,15.997871399000001,0.6938331723000001,0.6790910959,0.7316242456000001,2.0214533806,54.491004944,0.48127807894991276,0.0,153.20860291,42.097126007,0.0,65000.0
1219,1476.6791968,15.998182297,0.7159132957,0.7107191681999999,0.7433125376999999,2.0239470005,54.444953918,0.4812769506308958,0.0,150.84536743,42.315887451,0.0,65000.0
1220,1476.8311968,15.998083115,0.7112445831,0.7181208134,0.7397506237,2.023526907,54.121723175,0.4812770693486378,0.0,150.47399902,42.634128571,0.0,65000.0
1221,1476.9831968,15.997965812999999,0.6822968720999999,0.6974431872,0.7268563509,2.0224268436000004,53.625507355,0.4812775456640344,0.0,150.8425293,42.862529755,0.0,65000.0
1222,1477.1351968000001,15.997782707,0.6398473382,0.6582929492,0.6996960044,2.0207643509,53.720500946,0.4812785066922671,0.0,152.19984436,42.94744873,0.0,65000.0
1223,1477.2871968,15.997683525,0.6001960635,0.6138900518,0.6680114865,2.0184214115,54.560966492,0.4812801981414677,0.0,155.56831359999998,42.893573761,0.0,65000.0
1224,1477.4391968,15.997583389,0.5754252075999999,0.582238555,0.6301096678,2.0135369301,54.819602966000005,0.4812816318335447,0.0,158.88670349,42.605953217,0.0,65000.0
1225,1477.5911968,15.997467995,0.5618343353,0.5658179522,0.5982849002,2.0037412643,54.521938324,0.481282300719909,0.0,160.36630249,42.422634125,0.0,65000.0
1226,1477.7431968,15.997378349000002,0.5536525249,0.5561035872,0.5825051069,1.990170002,54.276828766,0.4848541517000341,0.0,160.99353027,42.457378387,0.0,65000.0
1227,1477.8951968000001,15.99793911,0.5482239723,0.5505565405,0.5660443902000001,1.980079174,53.273288727,0.4849403586331585,0.0,161.87634277,42.481449127,0.0,65000.0
1228,1478.0471968,15.998851775999999,0.5471051931,0.5467279553,0.550109446,1.9748250246,51.227119446,0.4863762715732915,0.0,162.62832642,42.587516785,0.0,65000.0
1229,1478.1991968,15.999849319,0.5490998029999999,0.5483442545,0.5373982191,1.970484972,50.018424988,0.48737036375270926,0.0,162.95101929,42.784778595,0.0,65000.0
1230,1478.3511968,16.000846863,0.5516418219,0.5506830215,0.5267384052,1.9696780443000002,48.956413268999995,0.48736288637474845,0.0,163.21723938,42.956733703999994,0.0,65000.0
1231,1478.5031968,16.001829147000002,0.5524553657,0.552697897,0.516371727,1.9641283750999998,48.369663239,0.48155745715449044,0.0,163.79206848,43.10333252,0.0,65000.0
1232,1478.6551968,16.00274086,0.5460383892,0.549923718,0.5074775219,1.9560852051,48.58683013899999,0.4815575839236792,0.0,164.50701904,43.237915038999994,0.0,65000.0
1233,1478.8071968,16.003738403,0.5307455659,0.5378550887,0.5002986789,1.9578794241,47.734653473,0.48155786007224627,0.0,165.01937866,43.326145172,0.0,65000.0
1234,1478.9591968,16.004737854000002,0.5155557394,0.5203775167,0.4933891594,1.9659230709,46.967086791999996,0.48155805468472485,0.0,165.20980835,43.374092102,0.0,65000.0
1235,1479.1111968,16.00573349,0.5046560764,0.5082561374,0.4889000058,1.9660847187000001,46.21661377,0.4990728367273345,0.0,165.32647705,43.39881134,0.0,65000.0
1236,1479.2631968,16.006717682,0.5,0.5002393722999999,0.48932045700000004,1.9615613222,44.777359008999994,0.49907844628036724,0.0,165.35006714,43.403530121,0.0,65000.0
1237,1479.4151968,16.007627487,0.5031744838000001,0.5012578368,0.4932174385,1.9591944218000001,44.83335495,0.49907703541166526,0.0,165.1802063,43.404529572,0.0,65000.0
1238,1479.5671968000001,16.008625030999998,0.5107375979,0.5075473189,0.501733005,1.9682582617,45.691738128999994,0.4990714411647723,0.0,164.85374451,43.405525208,0.0,65000.0
1239,1479.7191968,16.009624481,0.5191901326,0.5163865089,0.5085447431,1.9751832485,46.913463593,0.4815579717299745,0.0,164.61231995,43.406524658,0.0,65000.0
1240,1479.8711968,16.010620117000002,0.5240421891,0.5230261087,0.5113260746,1.9769947528999998,46.867931366,0.48155805871682317,0.0,164.97189331,43.385116577,0.0,65000.0
1241,1480.0231968,16.011606216,0.5265553594,0.5257062912,0.5140298605,1.9752761125999998,46.464942932,0.49907663469821106,0.0,165.73768616,43.292938232,0.0,65000.0
1242,1480.1751968,16.012516022,0.5295473337,0.5283002257,0.5167424679,1.9740965366,46.521080016999996,0.49908309469319867,0.0,166.51229858,43.062496185,0.0,65000.0
1243,1480.3271968000001,16.013511658,0.529460609,0.5303525329,0.518802464,1.9789350033000002,46.25106430100001,0.5035700871116605,0.0,167.18191528,42.906433105,0.0,65000.0
1244,1480.4791968,16.014377594000003,0.5244266987,0.5276172757,0.520565331,1.9883787631999998,44.787460327,0.5295160808239943,0.0,167.54173279,42.956577301,0.0,65030.0
1245,1480.6311968,16.014059067,0.5169374347,0.5203936696,0.5219215750999999,1.9981065988999998,42.82654953,0.5295273063577521,0.0,167.63710022,43.05676651,0.0,65030.0
1246,1480.7831968,16.012752533,0.5084499121,0.5120186210000001,0.5215963125,1.9911643266999999,44.258045197,0.5295196018267251,0.0,168.18544006,43.139884949,0.0,65030.0
1247,1480.9351968,16.01134491,0.49997672439999996,0.5035971999000001,0.5162946582,1.9721482992,47.232307434,0.5295035424150782,0.0,169.16416931,43.206184387,0.0,65030.0
1248,1481.0871968000001,16.009851456,0.4909974635,0.49474370479999996,0.5065138339999999,1.9561859368999999,48.46932601899999,0.5035699851919834,0.0,169.9125061,43.26701355,0.0,65000.0
1249,1481.2391968,16.008354187000002,0.4815216064,0.4852439463,0.4969384968,1.9405543803999998,47.846626281999995,0.5035723295527647,0.0,170.5556488,43.268634796,0.0,65000.0
1250,1481.3911968,16.006858826,0.4745253026,0.4768379331,0.49036622049999995,1.9218587875,46.07262802100001,0.5035766225825089,0.0,170.90917969,43.195465088,0.0,65000.0
1251,1481.5431968,16.005363464000002,0.4700308442,0.4719493687,0.48614481090000006,1.9159114361000003,45.745109558,0.5035767501873325,0.0,170.4680481,43.17016983,0.0,65000.0
1252,1481.6951968,16.003866196,0.4724066257,0.468354255,0.48560890560000003,1.9179643393,45.083110809,0.5035769368445635,0.0,169.59010315,43.237537384,0.0,65000.0
1253,1481.8471968000001,16.002370834,0.4891744554,0.47924914960000004,0.486427933,1.9184058905,44.509929657,0.5035767852864177,0.0,168.62368774,43.336620331000006,0.0,65000.0
1254,1481.9991968,16.000883102,0.5141077638,0.5040085315999999,0.49543872479999995,1.9281802177,45.202785492,0.5295131505479814,0.0,167.42312622,43.445728302,0.0,65030.0
1255,1482.1511968,15.99947834,0.539041698,0.5291419029,0.5113771558,1.9432331324,45.840545653999996,0.5295077390525214,0.0,165.75819397,43.553131103999995,0.0,65030.0
1256,1482.3031968,15.997982979000001,0.5596639514,0.5533988476,0.5269361734,1.9570548534,44.700252533000004,0.5295129180687017,0.0,163.96125793,43.61366272,0.0,65030.0
1257,1482.4551968,15.996486664,0.5651418567000001,0.5670890808,0.5410305858,1.9842339754,43.233982086000005,0.5295200818096264,0.0,162.10881042,43.598659515,0.0,65030.0
1258,1482.6071968,15.994997025,0.5567894578,0.5612736344,0.5493244529,2.0069942474,42.492851257,0.529523509702513,0.0,160.86256409,43.521842957,0.0,65030.0
1259,1482.7591968,15.993664742,0.5458184481,0.5501000881,0.541349709,2.0128107071,41.633476257,0.5295279620801916,0.0,159.93136597,43.414600371999995,0.0,65030.0
1260,1482.9111968,15.993193625999998,0.5343796015,0.5388194323,0.5310822725,2.0065221786,41.819881439,0.5295255531123061,0.0,158.54660034,43.308353423999996,0.0,65030.0
1261,1483.0631968,15.993094444,0.522872746,0.5274601579,0.5250071287,1.9902446269999998,44.791187286,0.5295057556156294,0.0,157.04127502,43.221237183,0.0,65030.0
1262,1483.2151968,15.992993355,0.5128286481000001,0.5163314939,0.5190147160999999,1.9865305424000002,47.445205688,0.5294881572577887,0.0,155.85662842,43.158191681000005,0.0,65030.0
1263,1483.3671968,15.992887497,0.5043136477,0.5074187517000001,0.5129330158,1.9858368634999999,48.420066833,0.4812863438257624,0.0,155.06040955,43.075309753,0.0,65000.0
1264,1483.5191968000001,15.992693900999999,0.49633461240000004,0.49947190280000003,0.5070553422,1.9910709858000002,48.564586639,0.48128615726667345,0.0,154.55158997,42.935817719,0.0,65000.0
1265,1483.6711968,15.992594719000001,0.4915445149,0.4924396873,0.505018115,1.9909893274000001,47.77986908,0.4812865044869538,0.0,155.06410217,42.737148285,0.0,65000.0
1266,1483.8231968,15.992494583,0.4964343905,0.4920042753,0.5109413862,1.9977577925,47.00877380399999,0.4812871675656502,0.0,155.97676086,42.745689391999996,0.0,65000.0
1267,1483.9751968,15.992390633,0.5111030936,0.5037865639,0.5195884109000001,1.998755455,46.63143920899999,0.48128795603941443,0.0,157.00952148,42.951465606999996,0.0,65000.0
1268,1484.1271968,15.992195129,0.5312938093999999,0.5218864083,0.5337163806,1.9979566336,46.652881621999995,0.4812884241052897,0.0,157.64810181,42.986862183,0.0,65000.0
1269,1484.2791968000001,15.992094994,0.5551214218,0.5449318886,0.5529516935000001,1.9995907544999998,47.133506775,0.4812885422740043,0.0,157.61212158,42.968231201,0.0,65000.0
1270,1484.4311968,15.991996765,0.5769604445000001,0.5701258779,0.5697328448,2.0107285976,48.56377792399999,0.4812886074905191,0.0,157.56925964,43.025974274,0.0,65000.0
1271,1484.5831968,15.991896629000001,0.5870000124,0.5867000222,0.5822451115,2.0232999325,49.947902678999995,0.48128873390007937,0.0,157.5039978,43.220863342,0.0,65000.0
1272,1484.7351968,15.991792679000001,0.5826306343,0.586329937,0.5907612443,2.035462141,50.527416228999996,0.4812889260397348,0.0,157.39686584,43.479446411000005,0.0,65000.0
1273,1484.8871968,15.991596222,0.5735262036,0.5763525963,0.5949003696,2.0369215012,50.603363037,0.48486269624258704,0.0,158.81982422,43.527824402,0.0,65000.0
1274,1485.0391968000001,15.99149704,0.5681360364,0.569321692,0.5918995142,2.0316336155,50.269374846999995,0.48736607411853017,0.0,161.67913818,43.397098541000005,0.0,65000.0
1275,1485.1911968,15.991396904,0.5627062917,0.5666153431000001,0.5854849815,2.0231676102000002,49.670509338,0.4815574736070457,0.0,163.93579102,43.339855193999995,0.0,65000.0
1276,1485.3431968,15.991296768,0.5535867214,0.5568944812,0.5782349706000001,2.0151059628,48.355545043999996,0.49907363319959747,0.0,165.3269043,43.305000305,0.0,65000.0
1277,1485.4951968,15.991194725,0.5468797088,0.5490670204,0.5758997202,2.0037984848,47.294437408,0.5035691332783532,0.0,166.59899902,43.235286713,0.0,65000.0
1278,1485.6471968,15.990998268,0.5406292677000001,0.5434509516,0.5801118016,1.991101861,47.629814148,0.5035698968296279,0.0,167.46730042,43.170772551999995,0.0,65000.0
1279,1485.7991968000001,15.990897179000001,0.536418736,0.5364128947,0.5855013728,1.9770036936000002,48.05010604899999,0.5035692611397435,0.0,167.65699768,43.06583786,0.0,65000.0
1280,1485.9511968,15.990797997,0.5399122238,0.5372092724,0.5909538865,1.9771215916,47.72808075,0.5035709291300292,0.0,168.14944458,42.903274536,0.0,65000.0
1281,1486.1031968,15.990696907,0.548547864,0.5443377495,0.5942714214,1.9719661474,47.880653381,0.5035717574802333,0.0,168.83630371,42.739917755,0.0,65000.0
1282,1486.2551968,15.990499495999998,0.559928596,0.5548208952,0.5845586657999999,1.9616863728,47.895988464,0.5035724121463457,0.0,169.19970703,42.58821106,0.0,65000.0
1283,1486.4071968,15.990400314,0.5665918589,0.5666976571,0.5805140734,1.9407062531000001,47.534034729,0.5035731372677172,0.0,169.07214355,42.461410522,0.0,65000.0
1284,1486.5591968,15.990300179,0.5587027669,0.5663138628000001,0.5823537707,1.941614151,46.656906128,0.5295011761999298,0.0,167.56877136,42.478595734,0.0,65030.0
1285,1486.7111968,15.990200043,0.5379294157,0.548237443,0.5935912132,1.9655816555,45.569465637,0.5295063744528613,0.0,165.67494202,42.663730621,0.0,65030.0
1286,1486.8631968,15.990098953,0.5201993585,0.5232983232,0.5900975465999999,1.9981030225999998,45.076301575,0.529508258616842,0.0,164.26754761,42.842014313,0.0,65030.0
1287,1487.0151968,15.989900589000001,0.5251500607,0.5165190696999999,0.5801280737,2.0099666119,43.481391906999995,0.5295182591902755,0.0,163.32327271,42.902412415,0.0,65030.0
1288,1487.1671968,15.989801407,0.5480908751,0.5391845107,0.5683597922,2.0222377777,43.21453476,0.529519359508048,0.0,162.63670349,42.721469879000004,0.0,65030.0
1289,1487.3191968,15.989701271,0.5647476315,0.5622124672,0.5566949844,2.0386660099,43.522171021000005,0.5295160930677657,0.0,161.74479675,42.381313324000004,0.0,65030.0
1290,1487.4711968000001,15.989602089000002,0.5584714413,0.5681397914999999,0.5448235869,2.0637383461,44.56280899,0.5295079019302434,0.0,161.07089233,42.075588226,0.0,65030.0
1291,1487.6231968,15.989500999,0.532319963,0.5421544909,0.534538269,2.0948796272,44.921169281000005,0.5295047541329878,0.0,160.60009766,42.023918152,0.0,65030.0
1292,1487.7751968,15.989303589,0.5150768161,0.5173892379,0.5290847421,2.0823071003,45.352397919,0.5295015275887944,0.0,160.38290405,42.366321564,0.0,65030.0
1293,1487.9271968,15.989201545999999,0.5162007809,0.5123881102000001,0.5275281072,2.0290138721,46.150981903,0.5294955641215447,0.0,160.03556824,42.895641327,0.0,65030.0
1294,1488.0791968,15.989102364,0.5260346532,0.5223836303,0.5326886772999999,1.9947142600999999,47.426158905,0.529486488163794,0.0,160.1231842,43.169933318999995,0.0,65030.0
1295,1488.2311968000001,15.989003181,0.5306234360000001,0.5303100347999999,0.5379725695,1.9759448766999999,50.261310576999996,0.48636594260869265,0.0,160.78770447,43.339473723999994,0.0,65000.0
1296,1488.3831968,15.988805771,0.5266338587,0.5298184156,0.5388789773,1.9633290768,51.205932616999995,0.48068086008269667,0.0,162.20831299,43.375637053999995,0.0,65000.0
1297,1488.5351968,15.988702774000002,0.5176587105,0.5209671259,0.5364733934,1.9647471905,52.02407074,0.4806808615725277,0.0,163.04614258,43.220058441000006,0.0,65000.0
1298,1488.6871968,15.988602638,0.5120000243,0.5122752786,0.5380462408,1.9731279612000001,52.453071593999994,0.4806806957191209,0.0,163.01228333,43.012454987,0.0,65000.0
1299,1488.8391968,15.988503455999998,0.5120000243,0.5119034052,0.5412881374,1.9749457836000002,53.414340973,0.4806800569980552,0.0,162.48681641,42.762512207,0.0,65000.0
1300,1488.9911968000001,15.988404274,0.5123634338,0.5119000077,0.5469858646,1.9722070694,53.672477721999996,0.48067968446730214,0.0,161.83070374,42.513515471999995,0.0,65000.0
1301,1489.1431968,15.988207817000001,0.5140818954,0.512860775,0.5541177392000001,1.9630686044999999,52.892864227,0.4863576623711648,0.0,161.21043396,42.326148986999996,0.0,65000.0
1302,1489.2951968,15.988678932000001,0.5152832270000001,0.515581727,0.5630198717,1.9650943279,50.876110077,0.4863792372534206,0.0,159.96757507,42.364234924,0.0,65000.0
1303,1489.4471968,15.989751815999998,0.5161349773,0.5139801502,0.5719037652000001,1.9720793962,48.014846802,0.4812761301895054,0.0,158.02806091,42.460659027,0.0,65000.0
1304,1489.5991968,15.991038322,0.527061224,0.5199956894,0.5806816220000001,1.9810674191,47.897506713999995,0.48129314664012873,0.0,155.57806396,42.304340363,0.0,65000.0
1305,1489.7511968000001,15.992239952,0.5487630963,0.5388281940999999,0.5888913274,1.9977477788999998,48.783653259,0.4812919153902634,0.0,153.47984314,42.252536774,0.0,65000.0
1306,1489.9031968,15.993436812999999,0.5729981661,0.5633839965,0.5918573141,2.0274879932,49.951049805,0.48129080636850935,0.0,151.77471924,42.341815948000004,0.0,65000.0
1307,1490.0551968,15.994728087999999,0.5917973518,0.5869984627,0.6077789664,2.0605635643,51.26184082,0.4812889001471785,0.0,149.30221558,42.439880371,0.0,65000.0
1308,1490.2071968,15.995930672,0.5996848345,0.5979067683,0.6374260783,2.08142519,52.91331481899999,0.4812860790476606,0.0,146.43338013,42.458358765,0.0,65000.0
1309,1490.3591968,15.997221947,0.6020197272,0.6005669832,0.6740567684000001,2.0845730305,54.744243622,0.48128443034000934,0.0,145.15950012,42.424442291,0.0,65000.0
1310,1490.5111968,15.998423575999999,0.6060227156,0.6036968827,0.6955925226,2.0650329590000003,56.172279358000004,0.4812841339532642,0.0,145.17420959,42.378067017,0.0,65000.0
1311,1490.6631968,15.999712944,0.6116729975,0.6094118953000001,0.6997960806,2.047444582,56.075775146000005,0.4812837565002506,0.0,144.66741943,42.294197083,0.0,65000.0
1312,1490.8151968,16.000917435,0.614004612,0.6150190234,0.7040074468,2.0463931561,55.507808685,0.481282970495955,0.0,143.66921997,42.23759079,0.0,65000.0
1313,1490.9671968,16.002113342,0.60870713,0.6120557189,0.7199994922,2.0536458492,55.084381103999995,0.48128272068237676,0.0,143.20294189,42.305244445999996,0.0,65000.0
1314,1491.1191968,16.003404617,0.6029794812,0.602440834,0.7387137413,2.052532196,55.73739242600001,0.48128354702155673,0.0,143.89892578,42.393283844,0.0,65000.0
1315,1491.2711968,16.004608154,0.6124573946,0.6041938663,0.7452724576,2.0523076057,56.206951141000005,0.48128526453876613,0.0,145.47131348,42.442672729,0.0,65000.0
1316,1491.4231968000001,16.005714417,0.6408688426,0.6260514259000001,0.7252463102,2.0511023998,56.250789642,0.4812866762575913,0.0,146.72947693,42.417133331,0.0,65000.0
1317,1491.5751968,16.00166893,0.6737405658,0.6645419598,0.7072452903,2.0445713997,55.656051636,0.481286379668153,0.0,146.18528748,42.24438858,0.0,65000.0
1318,1491.7271968,15.995345116,0.6742928028,0.683555603,0.6949909329,2.0471143723,54.35584259,0.4812854665482176,0.0,144.94775391,42.036083221,0.0,65000.0
1319,1491.8791968,15.988774300000001,0.6386510134000001,0.6520394087,0.6884304881000001,2.0473086834,52.882446288999994,0.48128506900032686,0.0,144.22059631,41.847507477,0.0,65000.0
1320,1492.0311968,15.982189177999999,0.6076002717,0.6193930507000001,0.6879910827,2.0407431126,51.472724915,0.481286184711707,0.0,144.7562561,41.832508087,0.0,65000.0
1321,1492.1831968000001,15.975608825999998,0.5831424594,0.5916283131,0.6852768064,2.0382845402000003,50.86737442,0.4812884760847125,0.0,146.44915771,42.144809723,0.0,65000.0
1322,1492.3351968,15.969024658,0.569694221,0.5721691251,0.6766703725,2.0289556980000003,50.855995178,0.4812901311438664,0.0,147.67033386,42.447444916,0.0,65000.0
1323,1492.4871968,15.966730118,0.5714238286,0.5691366196000001,0.6647905707,2.0089590549,52.387420653999996,0.4812910940458733,0.0,148.61016846,42.682502747,0.0,65000.0
1324,1492.6391968,15.964885712000001,0.5791033506000001,0.576110661,0.6474885345,1.9961889981999998,54.287502288999995,0.4812921592561682,0.0,149.99452209,42.811080933,0.0,65000.0
1325,1492.7911968,15.963040352,0.5839999914,0.5830900669,0.6315256953,2.0075595378999997,53.983283997,0.48129344126162477,0.0,151.2258606,42.709262848,0.0,65000.0
1326,1492.9431968000001,15.961195945999998,0.582819283,0.5835316181,0.6212207675,2.0293111801,52.322608948,0.4812950887832171,0.0,152.67301941,42.576011658,0.0,65000.0
1327,1493.0951968,15.994468689000001,0.5797076225,0.5804654956,0.6189504861999999,2.0585644245,52.319728851,0.4812962712207656,0.0,153.91871643,42.672523499,0.0,65000.0
1328,1493.2471968,15.993697165999999,0.579290092,0.5790325403000001,0.6237814426,2.0643794537,52.179401398,0.48129637104796746,0.0,153.6967926,42.698291779,0.0,65000.0
1329,1493.3991968,15.988041877999999,0.5837388635,0.5803195238000001,0.6312314272,2.0541422366999997,50.928394318,0.48129686387256665,0.0,153.77238464,42.733226776,0.0,65000.0
1330,1493.5511968,15.982271194,0.5986955762,0.5911991596,0.6424455047,2.0405089855000003,48.90511322,0.4812981916953566,0.0,154.90264893,42.866127014,0.0,65000.0
1331,1493.7031968000001,15.97657299,0.6144114733,0.6103258133,0.6512960196,2.026818037,48.121871948,0.48129939653975345,0.0,156.22625732,43.011558533,0.0,65000.0
1332,1493.8551968,15.970890045,0.6152053475,0.6171824932,0.652387917,2.0215084553000002,46.460170746,0.4812740496837185,0.0,156.99259949,43.095241547,0.0,65000.0
1333,1494.0071968,15.96616745,0.6046761274,0.608946681,0.6600261331,2.0341484547,44.422672272,0.48125793804310013,0.0,157.36309814,43.168834686000004,0.0,65000.0
1334,1494.1591968,15.964464188,0.5929843187,0.597740829,0.6693119407,2.0445613861000003,43.721317291000005,0.48368557788097005,0.0,157.78913879,43.233352661000005,0.0,65000.0
1335,1494.3111968,15.964212417999999,0.5820115209000001,0.5864548087,0.6707613468,2.0507662296,44.039989471000005,0.4836849249323345,0.0,157.86737061,43.272094726999995,0.0,65000.0
1336,1494.4631968,15.964113235,0.5718492866,0.5756223202,0.6708868146,2.0526287556000002,44.242908478000004,0.4836899677167178,0.0,157.66696167,43.242263793999996,0.0,65000.0
1337,1494.6151968,15.963925362000001,0.5638690591,0.5672724843,0.6709865928000001,2.0619790553999997,44.181015015,0.48125832450370276,0.0,157.14245605,43.10174942,0.0,65000.0
1338,1494.7671968,15.963813782,0.5561553835999999,0.5595549345,0.6710863113000001,2.0582220554,44.479106903,0.48368620159980447,0.0,157.80375671,42.866004944000004,0.0,65000.0
1339,1494.9191968,15.963714600000001,0.5496947168999999,0.5519592165999999,0.6704115272,2.0449209213,44.573337555,0.4770836745975377,0.0,158.88467407,42.798671721999995,0.0,65000.0
1340,1495.0711968,15.963614464,0.5485820770000001,0.5469514728,0.6660940050999999,2.0342304707,44.717510223000005,0.4815583099782441,0.0,159.88615417,42.897655487,0.0,65000.0
1341,1495.2231968,15.963514327999999,0.5598362088000001,0.5548542738000001,0.6607807279,2.0162048340000003,45.184749603,0.4815580532835545,0.0,159.58309937,42.978485107,0.0,65000.0
1342,1495.3751968000001,15.963329315,0.5742875934,0.5687546134,0.6553935409,1.9958270787999999,45.792461395,0.4770840765082501,0.0,158.94192505,43.063762665,0.0,65000.0
1343,1495.5271968,15.963214874,0.5834987164000001,0.5821215510000001,0.6483091115999999,1.9870191813,45.860908508,0.477084452270923,0.0,158.98243713,43.153308868,0.0,65000.0
1344,1495.6791968,15.963115692,0.5797663927000001,0.5822349787,0.6403332949,1.9928666353,45.181911469,0.48155818993862015,0.0,159.9859314,43.242088318,0.0,65000.0
1345,1495.8311968,15.963015555999998,0.5754532814,0.5742122531,0.6320881248,1.9892001152,44.498901366999995,0.4815586095596874,0.0,160.48442078,43.327888488999996,0.0,65000.0
1346,1495.9831968,15.962916374,0.5810570121,0.581392765,0.6236394048,1.9840878247999998,43.616203308,0.5295108423455371,0.0,160.22529602,43.372402191000006,0.0,65030.0
1347,1496.1351968000001,15.962732315,0.5725998878,0.5759481788,0.6151642799,1.9796061515999999,43.044525146000005,0.5295156631620318,0.0,159.88949585,43.308879852,0.0,65030.0
1348,1496.2871968,15.96261692,0.5647624135,0.5668985844,0.6080238819,1.9774769545,42.973312378,0.5295160163916861,0.0,159.71472168,43.241764069,0.0,65030.0
1349,1496.4391968,15.962516785,0.5630612373,0.5643155575,0.604647696,1.9918817281999999,43.391143799,0.5295125160290475,0.0,160.08520508,43.249919891000005,0.0,65030.0
1350,1496.5911968,15.962416649000001,0.5569807291,0.5604401231,0.6020373106,1.9974617958,44.470626831000004,0.5295026081226043,0.0,160.41362,43.286895752,0.0,65030.0
1351,1496.7431968,15.96314621,0.5428711176,0.5487588644,0.5993620157,1.9815052748,44.926914215,0.5294984949352811,0.0,160.64599609,43.313690186,0.0,65030.0
1352,1496.8951968000001,15.964456558,0.5260497332,0.5322844386,0.5969164371,1.9793397188,44.748912811000004,0.48155867558322696,0.0,160.64517212,43.303974151999995,0.0,65000.0
1353,1497.0471968,15.965770720999998,0.51286304,0.5181729198,0.59526366,1.9942712784,43.456821442,0.48155879287987485,0.0,159.72621155,43.209671021000005,0.0,65000.0
1354,1497.1991968,15.967067719000001,0.5017783642,0.5047943592,0.593685925,1.9983855486000002,42.940608978,0.4815587675325635,0.0,158.98855591,42.970256805,0.0,65000.0
1355,1497.3511968,15.968446732,0.5020937324,0.5010078549,0.5929086804,1.9967983961000002,43.113983153999996,0.5295118283649163,0.0,158.02583313,42.73884201,0.0,65030.0
1356,1497.5031968,15.969760895,0.5072989464000001,0.5048616529,0.5973696113,2.016718626,43.613853455,0.5295053587653451,0.0,156.97703552,42.58341217,0.0,65030.0
1357,1497.6551968,15.971138954,0.5143547654,0.5107629895,0.6038510799,2.0327715874,44.441661835,0.5294958162985711,0.0,156.07435608,42.498313904,0.0,65030.0
1358,1497.8071968,15.972454071,0.5280684233,0.5214661956000001,0.6089913249000001,2.03596735,45.887374878,0.4813042043984784,0.0,154.62850952,42.384765625,0.0,65000.0
1359,1497.9591968,15.97383213,0.5545153618,0.5427755117,0.61224401,2.0409495831,46.421554565,0.4813041691559209,0.0,154.20086669999998,42.362560271999996,0.0,65000.0
1360,1498.1111968,15.975147247,0.590205431,0.5762132406,0.6129610538,2.0506370068,46.27243042,0.48130452963818027,0.0,154.31880188,42.404678345,0.0,65000.0
1361,1498.2631968,15.976524353,0.6194241047,0.6105812788,0.6109925508,2.0530211925999997,46.36133194,0.48130483150531966,0.0,154.37825012,42.46031189,0.0,65000.0
1362,1498.4151968,15.977840424000002,0.6179805993999999,0.6225804687,0.6076197028,2.0506999493,45.817649841000005,0.48130515077376973,0.0,154.42327881,42.551856995,0.0,65000.0
1363,1498.5671968000001,15.979136467,0.5814799666,0.5968593955,0.6021140218,2.0406877994999997,44.119541168000005,0.48129810660576017,0.0,154.32778931,42.660522461,0.0,65000.0
1364,1498.7191968,15.980194092,0.5384094119,0.5555866957,0.588899076,2.0226430893000003,42.104557037,0.4812826362791401,0.0,154.51698303,42.811237335,0.0,65000.0
1365,1498.8711968,15.980558395,0.49856492880000003,0.5121538043,0.5686061978,2.0059225559000002,41.056564331,0.4812870417801789,0.0,154.00413513,42.957740783999995,0.0,65000.0
1366,1499.0231968,15.980678558,0.4818992615,0.4848635793,0.5531265736,1.9919422865,41.162776947,0.5295250333244619,0.0,153.06451416,43.015289306999996,0.0,65030.0
1367,1499.1751968,15.980699539000002,0.49450048799999996,0.48779156799999995,0.5468944907,1.9877620935,41.987895965999996,0.5295153324669011,0.0,152.25746155,42.923748016,0.0,65030.0
1368,1499.3271968000001,15.98077774,0.5180614591,0.5089699625999999,0.5467847586,1.9994854927,43.933559418,0.5294942475254856,0.0,151.79966736,42.836185455,0.0,65030.0
1369,1499.4791968,15.980799675,0.5396471620000001,0.5309324264999999,0.5512222052,2.0167958736,46.215042114,0.5294700943439061,0.0,151.67564392,42.837184906,0.0,65030.0
1370,1499.6311968,15.980877876,0.5577995777,0.5511112213,0.558401823,2.0274813175,46.84330368,0.5294629184096662,0.0,151.36743164,42.838180541999996,0.0,65030.0
1371,1499.7831968,15.980899810999999,0.5656459332,0.563498795,0.5580032468,2.0269150734,45.954181671,0.48130372119095016,0.0,149.88899231,42.811382294,0.0,65000.0
1372,1499.9351968,15.980977057999999,0.562602818,0.5641742945,0.5548452735,2.0348703861,45.757099151999995,0.4813011589463224,0.0,147.55554199,42.670074463,0.0,65000.0
1373,1500.0871968000001,15.980999947,0.5544544458,0.5579155087,0.5526345968,2.0424132347,46.555717468000005,0.4812995091152194,0.0,146.09135437,42.630981445,0.0,65000.0
1374,1500.2391968,15.981077194000001,0.5447986126,0.5487423539,0.5542758107,2.0485899448,46.342597961,0.4813001183588911,0.0,146.28477478,42.734119415,0.0,65000.0
1375,1500.3911968,15.981100082000001,0.5318366289,0.5368489027000001,0.5562021136,2.0459403992,45.06414032,0.4813023036030275,0.0,147.94319153,42.697368622,0.0,65000.0
1376,1500.5431968,15.981100082000001,0.5187036395,0.5241270065,0.5517134666,2.0334000587,43.992088318,0.4813041069123259,0.0,149.48835754,42.566120148,0.0,65000.0
1377,1500.6951968,15.981175423,0.5057112575,0.5105269551,0.5435062647,2.0271615981999997,43.678947449,0.4813058116441028,0.0,150.99333191,42.50302887,0.0,65000.0
1378,1500.8471968000001,15.98203373,0.4993174374,0.5010585785,0.5348795056,2.0242528915,43.073280333999996,0.4813065577838343,0.0,151.45840454,42.700740814,0.0,65000.0
1379,1500.9991968,15.983659744,0.5041157007,0.5006862283,0.5271349549000001,2.0209565163,42.313304901,0.5295106001941462,0.0,151.724823,42.989955902,0.0,65030.0
1380,1501.1511968,15.985606194,0.5246818066,0.5160319209,0.5199545026,2.0149803162,41.781223297,0.5295178793112275,0.0,152.67359924,43.037403106999996,0.0,65030.0
1381,1501.3031968,15.98752594,0.5456019044,0.5386149286999999,0.5141465664,2.0123991966,41.922641754000004,0.5295174873175705,0.0,153.62187195,42.835147858,0.0,65030.0
1382,1501.4551968,15.989495277,0.5460380912,0.5478650331,0.5128747821,2.0140440464,41.823570251,0.5295198916810085,0.0,154.55847168,42.746665955,0.0,65030.0
1383,1501.6071968,15.991415977,0.5250807405,0.5341681838,0.5128999949,2.0226747990000002,41.239208221,0.5295270124465851,0.0,154.80003357,42.83057785,0.0,65030.0
1384,1501.7591968,15.993310928,0.5001422763000001,0.5087563992,0.5137166977000001,2.0176784992,40.794231415,0.5295332851269406,0.0,155.37954712,43.126152039,0.0,65030.0
1385,1501.9111968,15.995280265999998,0.488578409,0.4923019409,0.5157020092,2.0056018828999997,41.843105316,0.48027749105745665,0.0,155.01853943,43.248527527,0.0,65000.0
1386,1502.0631968,15.997200012,0.4866879284,0.4864936471,0.5203543305,1.9930118321999999,43.434089661,0.4812793799003318,0.0,154.40097046,43.023838043000005,0.0,65000.0
1387,1502.2151968,15.999095917,0.4927578866,0.48971426490000003,0.5284856558,1.9844101666999998,44.471130371,0.48131075737934365,0.0,152.37406921,43.176330566000004,0.0,65000.0
1388,1502.3671968,16.001064301,0.5069100261,0.5009335279,0.5377061963,1.9820609093000001,44.748241425,0.48130888101639474,0.0,150.12242126,43.236000061000006,0.0,65000.0
1389,1502.5191968000001,16.000652313,0.5279486775,0.5201086402,0.5486607552,2.0018849373,43.648452758999994,0.4813069414146225,0.0,148.4697113,43.236000061000006,0.0,65000.0
1390,1502.6711968,15.998047829,0.5407460928,0.5367980599000001,0.5608817339,2.0199074745,42.575717925999996,0.48130668040819197,0.0,148.35171509,43.216449738,0.0,65000.0
1391,1502.8231968,15.994738579000002,0.539124608,0.5395966768,0.5732783675,2.0241897106,41.871299744,0.5295107208723756,0.0,148.47084045,43.030788422,0.0,65030.0
1392,1502.9751968,15.99134922,0.5415813923,0.5396769643,0.5851383805,2.0219922066,42.067378998,0.5295082365190881,0.0,148.58958435,42.629642487,0.0,65030.0
1393,1503.1271968,15.987957001,0.5545507668999999,0.5489562154,0.5963062048,2.0208845139,42.220848083,0.5295059732156933,0.0,148.47068787,42.324558258,0.0,65030.0
1394,1503.2791968000001,15.985710144,0.567861259,0.5623875856,0.6063499451,2.0205135345,41.857627869,0.5295088092786985,0.0,147.40405273,42.273162842,0.0,65030.0
1395,1503.4311968,15.9898386,0.5831398368,0.5772904158,0.6088145375,2.0167603493,41.601825714,0.5295105765586486,0.0,146.45046997,42.244911194000004,0.0,65030.0
1396,1503.5831968,15.991984367,0.5918889642,0.5888118148,0.6047174335000001,2.0130953788999997,41.764808655,0.5295084469562737,0.0,146.32707214,42.272647858,0.0,65030.0
1397,1503.7351968,15.795602797999999,0.5893686414,0.5909916162,0.5989915728999999,2.0237462521,42.684783936,0.5294981454842548,0.0,147.49980164,42.46497345,0.0,65030.0
1398,1503.8871968,15.673618317,0.574190855,0.5806061625,0.5932059884,2.0390880108,43.660434723,0.4813089499825424,0.0,148.22076416,42.708030701,0.0,65000.0
1399,1504.0391968000001,15.678364754,0.5573448539,0.5642373561999999,0.5858053565,2.0535535812,43.531021118000005,0.4813126011470484,0.0,150.92436218,42.873241425,0.0,65000.0
1400,1504.1911968,15.563392639000002,0.5416855812,0.5474709272,0.5760442615,2.0678176880000003,42.764480591,0.4812694735394635,0.0,154.12142944,42.714637756,0.0,65000.0
1401,1504.3431968,15.523771285999999,0.5309813023,0.5339877009,0.5655738115,2.0446789265,40.932567596,0.48364856897071945,0.0,155.47514343,42.849964142,0.0,65000.0
1402,1504.4951968,15.543020248,0.5409579873,0.5370438099,0.5557952522999999,1.9910163879,40.220790863000005,0.47455918009746134,0.0,155.38513184,43.059371948,0.0,65000.0
1403,1504.6471968,15.722907066,0.5491646528,0.5464395285,0.5469451546999999,1.9518580437000002,40.519351959,0.48366099624578834,0.0,154.92845154,43.030075073,0.0,65000.0
1404,1504.7991968000001,15.909552574000001,0.5390997529,0.5433667302,0.5392636061,1.9427380562,40.970787048000005,0.4836573268819015,0.0,155.13618469,42.880519867,0.0,65000.0
1405,1504.9511968,15.723226547000001,0.5178998709,0.5261332393,0.5348012447,1.958534956,40.969333649,0.4770750945875369,0.0,156.06971741,42.744037628,0.0,65000.0
1406,1505.1031968,15.633081436,0.4948926568,0.5037540793,0.5316777229,1.9854851961000002,40.070201874,0.5295457134482103,0.0,156.90615845,42.751461029,0.0,65030.0
1407,1505.2551968,15.657975197,0.4829178154,0.4874929786,0.5287894011,2.0049717426,38.819828033,0.5295640624476304,0.0,157.73223877,42.938999175999996,0.0,65030.0
1408,1505.4071968,15.847611427,0.4828785658,0.4822806716,0.5268127322,2.0116348267,37.553672791,0.529581067060849,0.0,157.4289856,42.938999175999996,0.0,65030.0
1409,1505.5591968,15.960450172,0.49376875159999994,0.4894504845,0.5252844690999999,1.9989593029,36.425861359,0.5397209340921872,0.0,157.97685242,42.940998076999996,0.0,65030.0
1410,1505.7111968,15.968882561,0.5034477115,0.4997075498,0.5241257548,1.9794871806999998,36.217319489,0.5397216607308826,0.0,158.23750305,42.980445861999996,0.0,65030.0
1411,1505.8631968,15.965759277,0.5090000033,0.5069303513000001,0.526083827,1.9801187515,36.998485565,0.5397199570019557,0.0,158.80787659,43.186317444,0.0,65030.0
1412,1506.0151968,15.958543777000001,0.5092079043,0.5089668632,0.5302770734000001,1.99279809,38.302059174,0.5295750226579701,0.0,158.27998352,43.374435425,0.0,65030.0
1413,1506.1671968,15.884960175,0.5126029849,0.5108659267,0.5406631827,1.9916023016,39.889865875,0.4990670329133552,0.0,157.79188538,43.429443359,0.0,65000.0
1414,1506.3191968,15.905742645,0.521511972,0.5181707144,0.5559833646,1.9910891056,41.77822876,0.4770866057351128,0.0,157.09754944,43.359664916999996,0.0,65000.0
1415,1506.4711968000001,15.963518143,0.5295551419,0.5266225934000001,0.5647393465,1.9952088594,43.235099792,0.4770873189627421,0.0,157.16853333,43.261878967,0.0,65000.0
1416,1506.6231968,15.982615470999999,0.5382347107,0.5348956585,0.5645567179,1.9902485609,43.32653427100001,0.4770779360684782,0.0,156.17033386,43.181240081999995,0.0,65000.0
1417,1506.7751968,15.985551834,0.5417745113,0.5403575301,0.5613048077,1.9850637913,42.845417023,0.4802676379567465,0.0,154.31665039,43.137001038,0.0,65000.0
1418,1506.9271968,15.986065865,0.5370928049,0.5395451188,0.5586634278,1.9890627861,43.354854583999995,0.4812698378169053,0.0,153.74984741,43.131771088,0.0,65000.0
1419,1507.0791968,15.986165047,0.5207957625,0.527472198,0.5592659712,2.002042532,44.234298706000004,0.4802703985530568,0.0,154.60334778,43.016838074,0.0,65000.0
1420,1507.2311968000001,15.986329079,0.5174804926,0.5184910893,0.5628498197,2.0048148632,44.289363861000005,0.4770725610884141,0.0,155.55014038,42.595436096,0.0,65000.0
1421,1507.3831968,15.986464499999999,0.5276405811,0.5237030983,0.5659483671,1.9989129305000002,43.550930023,0.4836486771619158,0.0,155.29954529,42.415149689,0.0,65000.0
1422,1507.5351968,15.986564635999999,0.5415982604,0.5363076328999999,0.5630068779,1.9923212528,42.26115036,0.5295133154293912,0.0,154.38557434,42.599075317,0.0,65030.0
1423,1507.6871968,15.986664772000001,0.5555662513,0.5500337481,0.5566751957,1.9881436825,40.719654083,0.5295355040122528,0.0,154.20384216,42.440441132,0.0,65030.0
1424,1507.8391968,15.924471855,0.569149673,0.5637986064,0.5496456623,1.9941772222999998,39.957221985,0.5295464971090972,0.0,154.19056702,42.36756134,0.0,65030.0
1425,1507.9911968000001,15.794384955999998,0.5726483464,0.5714662075,0.5445241928,2.0013742447,39.752670288000004,0.529551133309185,0.0,155.06547546,42.678081512,0.0,65030.0
1426,1508.1431968,15.756059647,0.5625725389,0.5666773319,0.5430999994,2.0017459393,38.983665466,0.5295658870167427,0.0,156.55413818,43.046993256,0.0,65030.0
1427,1508.2951968,15.781561852000001,0.5495223999000001,0.5546905397999999,0.5414632559,1.9976265430000002,37.732154846,0.5397173146618606,0.0,158.53912354,43.345207214,0.0,65030.0
1428,1508.4471968,15.807064056,0.5335312486,0.5400822759,0.5354843736,1.9844148159000001,37.017658234,0.5397199406228749,0.0,159.15040588,43.481060028,0.0,65030.0
1429,1508.5991968,15.91615963,0.5165829062,0.5231893063,0.534622252,1.96971035,37.47354126,0.5397182631437273,0.0,158.34109497,43.439979553,0.0,65030.0
1430,1508.7511968000001,15.983249664,0.4999109507,0.5061186552,0.5449758768,1.9782030581999999,38.573356628,0.5295762696511133,0.0,157.39073181,43.124336243,0.0,65030.0
1431,1508.9031968,15.987661362,0.4960384369,0.4973244369,0.5588549375999999,1.9997917414,38.905216216999996,0.5295713347892086,0.0,157.18211365,43.276054382,0.0,65030.0
1432,1509.0551968,15.987761497000001,0.4981355965,0.4971559048,0.5723820329,2.0027379990000003,38.277011871,0.4990717493737023,0.0,156.86088562,43.533695221,0.0,65000.0
1433,1509.2071968,15.98786068,0.5064311028,0.5030313134000001,0.5858832598,1.9833242893,38.16021347,0.4864942355957767,0.0,155.21852112,43.514358521000005,0.0,65000.0
1434,1509.3591968,15.988021851,0.5373725295,0.5250191092000001,0.5983710289,1.9558472633000001,39.127632141,0.4802832910941927,0.0,152.05981445,43.398395538,0.0,65000.0
1435,1509.5111968,15.988161087,0.5691375136,0.5562366247,0.6098180413000001,1.9410257338999999,40.381950378,0.4813203318117369,0.0,148.62329102,43.433708191,0.0,65000.0
1436,1509.6631968,15.988261223,0.5849556327000001,0.5780537724,0.621108532,1.9630827903999999,41.220928191999995,0.48131659873768057,0.0,145.70024109,43.631175995,0.0,65000.0
1437,1509.8151968,15.942196846,0.5779639482,0.5802776814,0.6325998902000001,2.0046463012999998,41.808116913,0.5295033160855983,0.0,144.42677307,43.658508301000005,0.0,65030.0
1438,1509.9671968,15.765328407,0.5669887066,0.571092248,0.637860775,2.0222809315,41.931919098,0.5294988065498335,0.0,143.24836731,43.508968353,0.0,65030.0
1439,1510.1191968,15.68494606,0.5560135841,0.5605991483,0.6361467242000001,2.017357111,40.949104309,0.5295117135456713,0.0,142.37702942,43.478038788,0.0,65030.0
1440,1510.2711968,15.82494545,0.5550042987,0.5554878115999999,0.6298177838,2.0137000084,39.150428772,0.5295384112848682,0.0,142.16560364,43.452110291000004,0.0,65030.0
1441,1510.4231968000001,15.955101013,0.5659279823,0.5616173148,0.6205719113,2.0176124573,37.483825684,0.529562322212978,0.0,141.73942566,43.216552734,0.0,65030.0
1442,1510.5751968,15.987155914,0.5729328394,0.5699585079999999,0.608710885,2.0228374004,36.699676514000004,0.529574269423133,0.0,141.88081359999998,43.137748718000005,0.0,65030.0
1443,1510.7271968,15.989059447999999,0.5710237026,0.5717362761,0.5953688025,2.0189013481,36.616233826,0.5295765846476082,0.0,142.22113037,43.124153137,0.0,65030.0
1444,1510.8791968,15.989217757999999,0.5650894642000001,0.5673404932,0.5823149085,2.0091693400999997,36.935115814,0.5295740585086813,0.0,142.99383545,42.976234436000006,0.0,65030.0
1445,1511.0311968,15.989358902000001,0.5571373701,0.5601754189,0.5709453225,2.0016651154,37.603759765999996,0.5295667457583988,0.0,144.02476501,42.875717163000004,0.0,65030.0
1446,1511.1831968000001,15.989458084,0.5491617918,0.5523642898,0.5606315136,1.9966503381999998,38.223556519,0.5295585842293106,0.0,144.48657227,42.794635773,0.0,65030.0
1447,1511.3351968,15.98955822,0.5382474065,0.5428851843,0.5516273379,1.9945116043,37.698589325,0.5295656771239341,0.0,143.92372131,42.769538879,0.0,65030.0
1448,1511.4871968,15.989715575999998,0.5282552838,0.5323091149,0.5439478755,1.9972879887000001,36.296562195,0.5295837763714051,0.0,142.50205994,42.842086791999996,0.0,65030.0
1449,1511.6391968,15.98985672,0.5182780623,0.5219666362,0.5365679264000001,1.9950392246000002,35.235340118,0.5295950967091037,0.0,140.7487793,42.914970398,0.0,65030.0
1450,1511.7911968,15.989956856,0.5092775226,0.5129317641,0.5293010472999999,1.98731637,35.795726776,0.5295878986274687,0.0,140.88998413,42.93832016,0.0,65030.0
1451,1511.9431968000001,15.990056037999999,0.5060993433,0.5076435804,0.5269365310999999,1.9849065542,38.311508179,0.5295566946593513,0.0,143.47453308,43.196193695,0.0,65030.0
1452,1512.0951968,15.990156174000001,0.5088939071,0.5076535343999999,0.5322374701,1.9877995253,40.262519835999996,0.5295318054144758,0.0,146.45014954,43.593746185,0.0,65030.0
1453,1512.2471968,15.990312575999999,0.5205392241,0.5157721043,0.5421301722999999,1.9893316031000001,40.339179993,0.5295351123646506,0.0,148.52262878,43.632038116000004,0.0,65030.0
1454,1512.3991968,15.989786148,0.5459420681,0.5357137322,0.5531454085999999,1.9946749209999999,40.250522614,0.5295402269746673,0.0,150.02470398,43.63299942,0.0,65030.0
1455,1512.5511968,15.988355637,0.5623006225,0.5560510755,0.5641156435,2.0042259693,41.055095673000004,0.48247289338901306,0.0,150.95552063,43.63299942,0.0,65000.0
1456,1512.7031968000001,15.986604690999998,0.5687239766,0.5662434697,0.5749208927,2.0081784725,41.532421112,0.48029299035383033,0.0,151.79014587,43.572898865,0.0,65000.0
1457,1512.8551968,15.984753609,0.5594902039,0.5635789037,0.5809114575,2.0086057186,40.319454193,0.4802683592121123,0.0,151.82823181,43.46919632,0.0,65000.0
1458,1513.0071968,15.982913017000001,0.5476157665,0.5525494814,0.5822836161,2.0142517090000003,39.033355713,0.4802558255652978,0.0,151.61199951,43.361541748,0.0,65000.0
1459,1513.1591968,15.981118202000001,0.5356519818,0.5404648781,0.5843996406,2.0217175484,39.399646759,0.48028161357744453,0.0,151.177948,43.210365295,0.0,65000.0
1460,1513.3111968,15.979323387,0.5312265158,0.533146143,0.5876367092,2.0269508362,40.431137085,0.4802857608497932,0.0,151.38763428,43.040683746000006,0.0,65000.0
1461,1513.4631968,15.977527618,0.5375825167,0.5349562168,0.5895320177000001,2.0210533142,40.146434784,0.5295482809716905,0.0,152.23027039,42.944484711,0.0,65030.0
1462,1513.6151968,15.975732803,0.5426902771000001,0.5403183699,0.5890401602,2.0010871887,38.584476471,0.5295805631863586,0.0,153.18327332,42.972766876,0.0,65030.0
1463,1513.7671968,15.973937035,0.5373896956,0.5394031404999999,0.587390244,1.9781870841999998,37.152729034000004,0.5397153547236831,0.0,152.0970459,43.087207793999994,0.0,65030.0
1464,1513.9191968,15.972887039000002,0.5342017412,0.5350961089,0.5860142708,1.9628816843,37.357643126999996,0.5397139931164554,0.0,151.13203430000002,43.134174347,0.0,65030.0
1465,1514.0711968,15.973547935,0.5293475389,0.5308977962,0.5855000019,1.9516769647999999,39.010719299,0.5295714436776789,0.0,152.22499084,43.149097443,0.0,65030.0
1466,1514.2231968,15.975354195,0.5234351158,0.5256533027,0.585552752,1.9293524027000002,40.587841034,0.5295465053382887,0.0,154.15768433,43.32900238,0.0,65030.0
1467,1514.3751968000001,15.977401732999999,0.520224452,0.5215263963,0.5846034288,1.8997558355000002,41.790817261,0.5295266798645188,0.0,155.60075378,43.561340332,0.0,65030.0
1468,1514.5271968,15.979496002000001,0.5181556344,0.5190563202,0.5793164372,1.8868740797,42.184402466,0.5295265800962439,0.0,158.43981934,43.59651947,0.0,65030.0
1469,1514.6791968,15.981538772999999,0.5152404307999999,0.516698122,0.5711463094,1.8969535828,41.430850983,0.516748673309966,0.0,162.61177063,43.48393631,0.0,65000.0
1470,1514.8311968,15.983584404,0.5076650977,0.5109060407,0.5637358427,1.9195917845,40.167736053,0.5219572729730522,0.0,165.57342529,43.67387771600001,0.0,65000.0
1471,1514.9831968,15.985628128,0.4960255027,0.5005845428,0.5571110249,1.9446281195,38.674495697,0.5219925586386637,0.0,166.96710205,43.724010468,0.0,65000.0
1472,1515.1351968000001,15.987673759000002,0.4895306528,0.49188596009999996,0.5507280827000001,1.9598319530000001,37.79914856,0.5220124847720011,0.0,167.65199280000002,43.593914032,0.0,65000.0
1473,1515.2871968,15.989768028,0.48809078340000006,0.48854056,0.5443450212,1.9655869007,38.340106964,0.5220014708686751,0.0,167.1293335,43.458251953,0.0,65000.0
1474,1515.4391968,15.991660117999999,0.4898124933,0.4891130328,0.537962079,1.9682564734999999,39.565036774,0.5219705593414268,0.0,165.35432434,43.230312346999995,0.0,65000.0
1475,1515.5911968,15.992752075,0.4927117527,0.49130719899999997,0.5320319533,1.9692025185,40.865924835,0.5167879365067605,0.0,163.72207642,43.078739166000005,0.0,65000.0
1476,1515.7431968,15.993100166,0.4930000007,0.4924500883,0.5280975699,1.9760129452000001,42.219585419,0.5167372387714352,0.0,163.27767944,43.088424683,0.0,65000.0
1477,1515.8951968000001,15.993249893,0.4938986003,0.4932973683,0.5266010165,1.9877822399,43.25497818,0.5166989479614826,0.0,163.06994629,43.184455872,0.0,65000.0
1478,1516.0471968,15.993350029,0.49937376380000004,0.4968759418,0.5287289619,1.9933983088,43.960147858,0.516668103535292,0.0,162.64155579,43.395618438999996,0.0,65000.0
1479,1516.1991968,15.993449211,0.5,0.5000451207,0.5348485708,2.0042498112000002,44.681648253999995,0.5036014484651485,0.0,161.52772522,43.415428162,0.0,65000.0
1480,1516.3511968,15.993548393,0.4910897017,0.495496124,0.5460048914,2.0196626186,45.833461761,0.49909425084528203,0.0,159.66589355,43.262634277,0.0,65000.0
1481,1516.5031968,15.993697165999999,0.4882238805,0.48952203990000004,0.5615038276,2.0243000984,47.824676514,0.4815578782775177,0.0,157.10438538,43.054840088,0.0,65000.0
1482,1516.6551968,15.993847847,0.5181143284,0.5052865148,0.5797895193,2.0275015831,50.499069213999995,0.47771335765527284,0.0,154.91429138,42.902572631999995,0.0,65000.0
1483,1516.8071968,15.993947983,0.5890890956,0.5587481856000001,0.6018371582,2.0369303226,53.037826538000004,0.4848611209676891,0.0,153.70431519,42.76153183,0.0,65000.0
1484,1516.9591968,15.99385643,0.6340964437,0.6172499657,0.6316071749000001,2.0409052372,53.924530028999996,0.48485623795184063,0.0,153.83966064,42.627906799,0.0,65000.0
1485,1517.1111968,15.993175507,0.6583037375999999,0.649119556,0.6668744086999999,2.0337626934,53.671943665,0.48635449639499306,0.0,154.40306091,42.517238617,0.0,65000.0
1486,1517.2631968,15.991983414000002,0.6504989266,0.6550708413,0.6937093735,2.0283780098,53.647769928,0.48635381314547704,0.0,154.37164307,42.50837326,0.0,65000.0
1487,1517.4151968,15.990686417000001,0.659465611,0.6549730301,0.7032338381000001,2.0314800739,52.785636902,0.4843229351222734,0.0,153.86643982,42.620632172,0.0,65000.0
1488,1517.5671968000001,15.989437103,0.6401254535,0.6497939229,0.6982370615000001,2.0385553837,51.350128174,0.4777108434524144,0.0,154.07400513,42.62134552,0.0,65000.0
1489,1517.7191968,15.988192558,0.6040607691,0.6192445159000001,0.6882537006999999,2.038161993,51.259841918999996,0.47771359221934384,0.0,154.72392273,42.502845764,0.0,65000.0
1490,1517.8711968,15.986895560999999,0.5791174173,0.5884433985,0.6785005927,2.0297145844,52.203025818,0.47771667722862654,0.0,155.44013977,42.535137176999996,0.0,65000.0
1491,1518.0231968,15.985599517999999,0.5794460177,0.5778720379,0.6702011228,2.0226807594,52.86813736,0.47771787718976916,0.0,155.70968628,42.678256989,0.0,65000.0
1492,1518.1751968,15.984301567000001,0.5868731737,0.5833778977,0.6601992846,2.0165600777,52.972454071,0.4777167104893959,0.0,155.39164734,42.852928162,0.0,65000.0
1493,1518.3271968000001,15.98300457,0.5965688825,0.5922704935,0.6487467289,2.0130856037,52.648464203,0.4777166494083573,0.0,155.35542297,43.06565856899999,0.0,65000.0
1494,1518.4791968,15.98170948,0.6082473993,0.6031076907999999,0.6428728104,2.0168538094,52.289375305,0.4777157728749056,0.0,155.12516785,43.0560112,0.0,65000.0
1495,1518.6311968,15.980412483,0.6185157299,0.6144335865999999,0.6415609717,2.0180962086000003,52.18846130399999,0.4777144339413766,0.0,154.76672363,42.944255829,0.0,65000.0
1496,1518.7831968,15.97911644,0.6233945489,0.6219168305,0.6371561885,2.0091471672,52.532089233,0.47771318835836996,0.0,154.4077301,42.662921906,0.0,65000.0
1497,1518.9351968,15.977820395999998,0.6197687386999999,0.6217125654,0.6311571598,2.0035195350999997,53.206611633,0.4777144008829887,0.0,154.65788269,42.72347641,0.0,65000.0
1498,1519.0871968000001,15.976789474,0.6156266928,0.6173121929,0.6262791753,2.0133173466,53.472457886,0.47772058363431086,0.0,156.07676697,42.806251526,0.0,65000.0
1499,1519.2391968,15.976840973,0.606590569,0.6108286381,0.6194818616,2.0283844471,53.38735199,0.48067671405379864,0.0,157.01107788,42.614490509,0.0,65000.0
1500,1519.3911968,15.978057861,0.5949437618,0.5997704864,0.6106259227,2.0328035355000003,53.573116301999995,0.4806755820532931,0.0,156.49032593,42.556728363000005,0.0,65000.0
1501,1519.5431968,15.979554175999999,0.5821367502,0.587290585,0.6024845243,2.0205495358000003,54.242603302,0.4777182624822178,0.0,155.36953735,42.598121643,0.0,65000.0
1502,1519.6951968,15.981049537999999,0.5700075029999999,0.5750542283,0.5944716334000001,2.0111474991,54.960269928,0.47771468616777923,0.0,154.51760864,42.672782898,0.0,65000.0
1503,1519.8471968000001,15.982589722,0.5605271459000001,0.5641492009,0.5847735405,2.0131707191,54.796417236,0.4842907676158289,0.0,153.8903656,42.583042145,0.0,65000.0
1504,1519.9991968,15.984142302999999,0.5548630357,0.5565732718,0.5773722528999999,2.0089747906,53.700374603,0.4777120647583077,0.0,153.88285828,42.370044708,0.0,65000.0
1505,1520.1511968,15.985638618,0.55400002,0.5538553596,0.5752338767,2.0041532516,52.777931213,0.47771672000421217,0.0,154.88084412,42.37620163,0.0,65000.0
1506,1520.3031968,15.98713398,0.5589364767,0.5567374229,0.5732696056000001,2.0080294609,52.40448761,0.4806768951271124,0.0,156.01686096,42.549724579,0.0,65000.0
1507,1520.4551968,15.988630295,0.5640991926,0.5623856186999999,0.5729246736,2.0155363083,52.02444458,0.4806785579952013,0.0,156.58892822,42.674362183,0.0,65000.0
1508,1520.6071968,15.990168571,0.5707220435,0.5680726171,0.576580286,2.0258879662,51.753662109,0.48067881992437633,0.0,156.45016479,42.676017761,0.0,65000.0
1509,1520.7591968,15.991723060999998,0.5834033489,0.5776100755,0.5822240114,2.0346810818,52.004768372,0.48067924601857304,0.0,156.91462708,42.601951599,0.0,65000.0
1510,1520.9111968,15.993218422,0.5900605917,0.5879026055,0.5891692638,2.0300991535,52.977985382,0.4806786405518821,0.0,157.6673584,42.783344269000004,0.0,65000.0
1511,1521.0631968,15.994714737,0.5942369103,0.5924171209,0.5985001922,2.0180127621,53.90171814,0.48204333605958655,0.0,157.64549255,42.847614288,0.0,65000.0
1512,1521.2151968,15.996210097999999,0.5974203943999999,0.5961890221,0.6084743738,2.0150816441,53.775489807,0.4806745342182683,0.0,156.22758484,42.743080139,0.0,65000.0
1513,1521.3671968,15.997301102,0.6028233767,0.6005235314,0.6184066534,2.0249373913,52.987838745,0.47771852098700346,0.0,154.97171021,42.637413025,0.0,65000.0
1514,1521.5191968000001,15.99767971,0.6072059274,0.6053497791,0.6277583241,2.0371863842,52.62083053600001,0.4777179329090704,0.0,154.83195496,42.573917389,0.0,65000.0
1515,1521.6711968,15.997839928,0.6087986231,0.6084594727,0.6347771287,2.0481147766,53.516506195,0.47771503828659556,0.0,154.18106079,42.440017700000006,0.0,65000.0
1516,1521.8231968,15.997940063,0.6090000272,0.6090396643,0.6394253969,2.0542728901,54.863265991000006,0.48487878241993887,0.0,152.14788818,42.233043671,0.0,65000.0
1517,1521.9751968,15.998039246,0.6090000272,0.6090211868,0.6406630874,2.0526838303,55.826904297,0.4813673332665757,0.0,150.29164124,42.183238983,0.0,65000.0
1518,1522.1271968,15.998178482,0.6050456761999999,0.6069424748,0.6357551813,2.0432276726,55.938518523999996,0.4813685313521175,0.0,150.26087952,42.412139893,0.0,65000.0
1519,1522.2791968000001,15.998338699000001,0.5984841585,0.6012175083,0.6290786265999999,2.0363941193,54.860294341999996,0.4848698226259708,0.0,152.32284546,42.593559265,0.0,65000.0
1520,1522.4311968,15.998438835,0.5907155871,0.5938717723,0.6214014292,2.0393447875999997,52.793121338,0.4777194658920869,0.0,154.90156555,42.709266663,0.0,65000.0
1521,1522.5831968,15.998538017000001,0.5827336311,0.58571738,0.6125872731,2.037620306,51.716377258,0.48067841840515146,0.0,156.06008911,42.806411743000005,0.0,65000.0
1522,1522.7351968,15.998676300000001,0.5739763379,0.5774766803,0.603671968,2.0263674259,51.885398865,0.4806795048640977,0.0,156.76712036,42.836364746,0.0,65000.0
1523,1522.8871968,15.998838425,0.5657761693,0.569299221,0.5947723985,2.0152187347,52.395198822,0.4829239906151967,0.0,157.91940308,42.778320313,0.0,65000.0
1524,1523.0391968000001,15.998937607,0.5624498129,0.5635234118,0.5875333548,2.0105035305000003,51.977771759,0.48833285550444633,0.0,159.68904114,42.665664673,0.0,65000.0
1525,1523.1911968,15.999037742999999,0.5635453463,0.5631093383,0.5840399861,2.0173678398,50.920780182,0.49642282304932733,0.0,160.93536377,42.606319426999995,0.0,65000.0
1526,1523.3431968,15.999136925,0.5655395985,0.5649299622,0.5842117071,2.0300731659,51.465999603,0.4964153006238096,0.0,160.91526794,42.722473145,0.0,65000.0
1527,1523.4951968,15.999199867,0.5659999847,0.5661839842999999,0.5873144269,2.0417025089,52.571624756000006,0.48833872325148187,0.0,160.28849792,42.847476959,0.0,65000.0
1528,1523.6471968,15.999199867,0.5667644739,0.5665000081,0.5907149315,2.0451965332,53.143917083999995,0.4883350124157176,0.0,159.88465881,42.919101715,0.0,65000.0
1529,1523.7991968000001,15.999199867,0.5700480938,0.5682772398,0.5941969156,2.0373802185,52.67773056,0.4883356718568859,0.0,159.87571716,42.937572479,0.0,65000.0
1530,1523.9511968,15.999199867,0.5785917044,0.5747474432,0.5984956622,2.0161297321,51.081031798999994,0.49640726556385467,0.0,159.83708191,42.878265381,0.0,65000.0
1531,1524.1031968,15.999199867,0.5878104568,0.5840952396,0.6062598825,1.9999725819,49.049072266,0.5035630335307975,0.0,159.87759399,42.694034576,0.0,65000.0
1532,1524.2551968,15.999199867,0.5967847109000001,0.5934271216,0.6156469584,2.00882864,48.185344696,0.5035749148346997,0.0,159.91635132,42.484947205,0.0,65000.0
1533,1524.4071968,15.999199867,0.6057626604999999,0.6023983955,0.6221421361,2.0224406719,48.458946228,0.5035675752187238,0.0,159.53996277,42.283718109,0.0,65000.0
1534,1524.5591968,15.999199867,0.6117457151,0.6099164485999999,0.6280657053,2.0260424614,49.12247085600001,0.48695648565219046,0.0,158.64959717,42.099155425999996,0.0,65000.0
1535,1524.7111968,15.999199867,0.615238905,0.6142362952,0.6340072751,2.0214805603,49.505931853999996,0.4815594315686013,0.0,157.57492065,42.008476257,0.0,65000.0
1536,1524.8631968,15.999199867,0.616743803,0.6164816022,0.6378408074,2.0145480633,49.666706085,0.4815584304944095,0.0,157.02507019,41.946880340999996,0.0,65000.0
1537,1525.0151968,15.999199867,0.6184819937,0.617843926,0.6383000016,2.0064315796,49.582744598000005,0.48155821684344846,0.0,156.71203613,41.832447052,0.0,65000.0
1538,1525.1671968,15.999199867,0.6197385192,0.6191741824,0.6383000016,1.9997484684,49.515964508,0.48155728057582914,0.0,156.06277466,41.90139389,0.0,65000.0
1539,1525.3191968,16.000143051,0.6185286045,0.6192925572,0.6372907162,1.9981391430000002,50.424240112,0.48155545219856155,0.0,155.88766479,42.219028473,0.0,65000.0
1540,1525.4711968000001,16.004806519000002,0.6084682940999999,0.6136263609,0.6327289343,1.9989993572,51.580955505,0.4806780175490955,0.0,155.39825439,42.410919189,0.0,65000.0
1541,1525.6231968,16.005386353,0.5976963639,0.6018577814,0.6250835657,1.9995576143,52.266117096,0.4777229885151126,0.0,154.59402466,42.362197875999996,0.0,65000.0
1542,1525.7751968,15.990276337000001,0.5869931579,0.5909840465,0.6170426607,2.0070974827000003,52.49307632399999,0.48067512493555203,0.0,155.18043518,42.289054871,0.0,65000.0
1543,1525.9271968,15.975166321,0.5760243535,0.5803139806000001,0.6075465083,2.0201580524000002,53.635276794,0.4806738431904909,0.0,155.88519287,42.307800293,0.0,65000.0
1544,1526.0791968,15.960056305,0.5758903623,0.5745547414,0.5985895991,2.0215981007,53.43012619,0.48067385264848306,0.0,155.69444275,42.373027801999996,0.0,65000.0
1545,1526.2311968000001,15.970406532,0.5928344131000001,0.5842019916,0.5957294106000001,2.0054683685,51.709861755,0.480676959110895,0.0,155.0783844,42.4426651,0.0,65000.0
1546,1526.3831968,16.013082504,0.6047381163000001,0.6008709669,0.5992898345000001,1.9923515319999998,50.130012512,0.48067938629441787,0.0,154.29125977,42.591827393,0.0,65000.0
1547,1526.5351968,16.00979805,0.612005055,0.6088376641,0.6045594811,1.9883291721,48.67831420899999,0.4806824606424211,0.0,153.88604736,42.803161621,0.0,65000.0
1548,1526.6871968,16.006275177,0.6125756502,0.6133247614,0.6104134917,1.9970657825,47.638965606999996,0.4770941340242001,0.0,153.83602905,42.810024261,0.0,65000.0
1549,1526.8391968,16.002714157,0.6098709106,0.6113535165999999,0.6137183309,2.0165352821,47.351322173999996,0.4770755066670461,0.0,153.20462036,42.610282898,0.0,65000.0
1550,1526.9911968000001,15.999653815999999,0.6068794131,0.6078779101,0.6121385694,2.0327818394,46.44659042399999,0.47452711455518654,0.0,151.85569763,42.284938812,0.0,65000.0
1551,1527.1431968,15.998046875,0.5989561677,0.602663219,0.6131572723,2.0375645161000002,46.202533722,0.47157389514371145,0.0,151.21240234,42.094062805,0.0,65000.0
1552,1527.2951968,15.99766922,0.5875812173,0.5919934511,0.6169487238,2.0317540169,47.6627388,0.4715765092461701,0.0,151.55732727,42.058700562,0.0,65000.0
1553,1527.4471968,15.997570038,0.5833009481,0.5837800503,0.6204394102,2.0186436176,49.890384673999996,0.48022113316319226,0.0,151.05252075,42.059700012,0.0,65000.0
1554,1527.5991968,15.997441292000001,0.5857850313,0.5844800472,0.6229345202000001,2.0041646957,51.925670624,0.481392334085939,0.0,149.88165283,42.091331482,0.0,65000.0
1555,1527.7511968000001,15.997270584,0.5897750258,0.5879484415,0.6247006059,2.0007853508,53.310508728,0.48135825600420123,0.0,150.51460266,42.272193909,0.0,65000.0
1556,1527.9031968,15.997170448,0.593768239,0.5918082595,0.6262791157,2.0088624954,54.154697418000005,0.4777205414375157,0.0,153.6361084,42.511398315,0.0,65000.0
1557,1528.0551968,15.997070313,0.5970684886,0.5955699086,0.6269975901,2.0189375877,53.923885345,0.48204111705831937,0.0,156.46510315,42.529151917,0.0,65000.0
1558,1528.2071968,15.99697113,0.5993739963,0.5986295342,0.6262709498,2.0329787731,51.97612381,0.48155465925100394,0.0,156.626297,42.347370148,0.0,65000.0
1559,1528.3591968,15.996530533,0.6020525097999999,0.6007786393,0.6254445314,2.0438978672,50.188732146999996,0.4806799497532722,0.0,154.16209412,42.015327454,0.0,65000.0
1560,1528.5111968,15.994925499,0.6016366482,0.6028536557999999,0.6245751977,2.0503966808,48.908622742,0.4715780572764183,0.0,151.64355469,41.890911102,0.0,65000.0
1561,1528.6631968,15.99247551,0.5969268084,0.5995008349000001,0.6237771511,2.0494236946,47.151802063000005,0.4715741067860473,0.0,151.18696594,42.007801056,0.0,65000.0
1562,1528.8151968,15.989882469000001,0.5916182399000001,0.593804121,0.6229794025,2.0433943272,46.442268372,0.47454164639874225,0.0,152.045578,42.285167694,0.0,65000.0
1563,1528.9671968,15.987261772,0.593367815,0.5916295648,0.6213890314,2.0360152721,46.638107299999994,0.47709225697985896,0.0,153.31079102,42.594413757,0.0,65000.0
1564,1529.1191968,15.984597205999998,0.5990262628,0.5965494514,0.6190245152,2.0323679447,48.22588348399999,0.48155659682994156,0.0,154.15022278,42.713130951,0.0,65000.0
1565,1529.2711968,15.982003212,0.6063460112,0.6030915379999999,0.6210262179,2.035777092,50.088592528999996,0.4806783904651749,0.0,153.59649658,42.550590515,0.0,65000.0
1566,1529.4231968000001,15.979408264000002,0.6096657515,0.6090125442000001,0.6252158879999999,2.0356395245,50.88053894,0.4740154152492656,0.0,152.15911865,42.435707092,0.0,65000.0
1567,1529.5751968,15.977420807,0.6073482633,0.6085487008,0.6293776035,2.0145292282,51.924110413,0.4740143003462293,0.0,151.45057678,42.49193573,0.0,65000.0
1568,1529.7271968,15.977720260999998,0.6007167100999999,0.6036472321,0.6334935427,1.9893044233000001,52.543437958,0.4777152082574526,0.0,152.66833496,42.429599761999995,0.0,65000.0
1569,1529.8791968,15.979844092999999,0.5940510631,0.5966064334000001,0.6376816034,1.9673218727000001,52.686302185,0.4806731089463285,0.0,154.79867554,42.330295563,0.0,65000.0
1570,1530.0311968,15.982337952,0.5933107138,0.5928611159,0.6416671871999999,1.9609262943,52.546215057,0.4829237973635852,0.0,156.63420105,42.348911285,0.0,65000.0
1571,1530.1831968000001,15.984829903,0.5972641706,0.5955088139,0.6434181929,1.966136694,52.680461883999996,0.48832553271245144,0.0,157.79641724,42.372653961,0.0,65000.0
1572,1530.3351968,15.987324715,0.602250278,0.5998486279999999,0.6399261950999999,1.9681520462,53.868495941000006,0.4875366985051543,0.0,157.81184387,42.363899231,0.0,65000.0
1573,1530.4871968,15.989816666,0.6046475172,0.6042950153,0.6362024546,1.9566708803,56.052814483999995,0.48205216275163,0.0,157.03314209,42.34475708,0.0,65000.0
1574,1530.6391968,15.992311478,0.6069342494,0.6060377359,0.6366999149,1.9405266047,56.618621826,0.4820366713726594,0.0,156.20619202,42.322814941,0.0,65000.0
1575,1530.7911968,15.994344710999998,0.609926641,0.608448863,0.6411870718,1.9467438459,56.550476073999995,0.47773816375706135,0.0,154.74684143,42.300868988000005,0.0,65000.0
1576,1530.9431968000001,15.994775772,0.6110000014,0.6108717918,0.6456521153,1.959384799,56.536247253,0.4777174171279365,0.0,152.54598999,42.314102173,0.0,65000.0
1577,1531.0951968,15.978161812,0.6116368771,0.6113598943,0.6502994299,1.9743032455,57.557487488,0.48142537477610803,0.0,149.73474121,42.359119415,0.0,65000.0
1578,1531.2471968,15.935853004,0.6145365238,0.6129716039,0.6560431718999999,1.9913611412,58.752906798999994,0.4814129499088084,0.0,147.32093811,42.492141724,0.0,65000.0
1579,1531.3991968,15.977110863,0.6197894812,0.6169087290999999,0.6626242399,1.9909136294999998,58.24160766600001,0.48141679370745233,0.0,146.86645508,42.633155823,0.0,65000.0
1580,1531.5511968,15.98388195,0.62765944,0.6239097118,0.6692093611,1.9832541943000002,57.193660736000005,0.4814308957870972,0.0,148.24438477,42.651847839,0.0,65000.0
1581,1531.7031968000001,15.953121185,0.6435254812,0.6360440254,0.6758158803000001,1.9847064018,59.04410553,0.48488719543210335,0.0,150.02514648,42.476673126,0.0,65000.0
1582,1531.8551968,15.986606598,0.6616082788000001,0.654786706,0.6828539968,1.9925454855000002,62.129032135,0.48481582149995095,0.0,150.9740448,42.435913086,0.0,65000.0
1583,1532.0071968,16.065629959000002,0.6754551529999999,0.6709513068,0.6912443042,2.0041246414,64.425590515,0.48482400316631336,0.0,150.7971344,42.573993683000005,0.0,65000.0
1584,1532.1591968,15.92595005,0.6843308806,0.6817828417,0.6999971271,2.0186641216,65.349533081,0.4813735423202469,0.0,149.9655304,42.827941895,0.0,65000.0
1585,1532.3111968,16.030405045,0.6882318854,0.6874018908,0.7081153393,2.0286643505,64.53817749,0.4813802830863301,0.0,149.77833557,42.889564514,0.0,65000.0
1586,1532.4631968,16.107025145999998,0.6865464448999999,0.6878404617,0.7120277286,2.0316874981,63.885955811,0.48138470220247026,0.0,149.61080933,42.655033112,0.0,65000.0
1587,1532.6151968,15.906130790999999,0.6831680536,0.6847690343999999,0.7078535557,2.0260431767,63.704776763999995,0.4813833669947553,0.0,148.4302063,42.484424591,0.0,65000.0
1588,1532.7671968,15.633732795999999,0.6819999814,0.6823170184999999,0.7031590939,2.0216169357,63.30714798,0.4813842979411379,0.0,147.23110962,42.539916991999995,0.0,65000.0
1589,1532.9191968,15.666749001,0.6795786618999999,0.6811389326999999,0.6973239183,2.0221815109,62.898071288999994,0.48137864176772477,0.0,145.48127747,42.472934723,0.0,65000.0
1590,1533.0711968,15.664763450999999,0.6683558225999999,0.6746469140000001,0.6901447773,2.0253372192,62.316848755,0.4813660761053975,0.0,143.08929443,42.450660706,0.0,65000.0
1591,1533.2231968,15.691552162,0.6553997397,0.6599233747,0.6832017898999999,2.0251789093,61.379959106,0.48135247114276847,0.0,140.89628601,42.48859787,0.0,65000.0
1592,1533.3751968000001,15.542971610999999,0.6462204456,0.6492649317,0.6798366308,2.0296645164,60.09437561,0.4813391438141106,0.0,138.91392517,42.499752045,0.0,65000.0
1593,1533.5271968,15.516239165999998,0.647757709,0.6445564032,0.6866532564,2.0332694054,57.728206635,0.4813364395965812,0.0,137.53717041,42.586688995,0.0,65000.0
1594,1533.6791968,15.596736907999999,0.6616584063000001,0.6544200778,0.6910995245,2.0314195156,56.888542175,0.4844936556138595,0.0,136.34339905,42.437896729,0.0,65000.0
1595,1533.8311968,15.810042380999999,0.6801986694,0.6724900603,0.6919699907,2.0308949947,56.600292206000006,0.4844764734312033,0.0,135.7651062,42.113517761,0.0,65000.0
1596,1533.9831968,15.755254745,0.6897604465,0.6886736751000001,0.6799181104,2.0386826992,56.950508118,0.48448662515761143,0.0,136.22230530000002,42.054244995,0.0,65000.0
1597,1534.1351968000001,15.761418342999999,0.6664484143,0.6827960609999999,0.6462066174000001,2.0442585945,57.919384003000005,0.48132658971004794,0.0,137.21018982,42.379497528,0.0,65000.0
1598,1534.2871968,15.767580985999999,0.6367813945,0.6455792189,0.6253673434,2.0411200522999997,56.865203857,0.48136840741756326,0.0,138.89421082,42.853538513000004,0.0,65000.0
1599,1534.4391968,15.773743629,0.6222075224,0.6262747049,0.6130852699,2.0332636833,55.606876373,0.4814167811355451,0.0,140.83311462,43.130619048999996,0.0,65000.0
1600,1534.5911968,15.779907227,0.6203060746,0.6193286179999999,0.6007326840999999,2.019097805,54.931941986000005,0.4814542008947873,0.0,142.81056213,43.03364563,0.0,65000.0
1601,1534.7431968,15.817093849,0.6225739121,0.6221292615,0.5886937976,2.0054938793,53.314746856999996,0.4814995663071263,0.0,146.81497192,42.776367188,0.0,65000.0
1602,1534.8951968000001,15.96594429,0.624142468,0.6238538027,0.5788138509,1.9947080612,52.030849456999995,0.48131776070363474,0.0,149.00584412,42.707843781,0.0,65000.0
1603,1535.0471968,15.894570350999999,0.6204510331,0.6233905554,0.5743448734000001,1.9840811490999999,52.443950653,0.4815095392585175,0.0,147.80851746,42.672176361,0.0,65000.0
1604,1535.1991968,15.679100037000001,0.612472713,0.6159262657,0.5707854032999999,1.9718515873,53.031742096,0.4806835802679352,0.0,149.51368713,42.449268341,0.0,65000.0
1605,1535.3511968,15.879572868,0.6016770601,0.6064667106,0.5712007284,1.9691359997,52.561637878,0.47774322771202743,0.0,153.41107178,42.339660645,0.0,65000.0
1606,1535.5031968,15.984214782999999,0.5892727971,0.5940751433,0.5840985775,1.9591457844,51.994106293,0.4883236076366242,0.0,156.78726196,42.431999207,0.0,65000.0
1607,1535.6551968,15.99106884,0.5784201026,0.5823881625999999,0.6002600193,1.9444828033000001,52.44871521,0.488346664283954,0.0,157.66038513,42.497253418,0.0,65000.0
1608,1535.8071968,15.990883827000001,0.5773317218,0.5748546720000001,0.6164125203999999,1.9350947142,52.504272461000006,0.482928416564109,0.0,155.97250366,42.502998352,0.0,65000.0
1609,1535.9591968,15.992570877,0.5916061997,0.5837612152,0.6325892806,1.9373108149,52.146190643000004,0.48066724217414253,0.0,153.41921997,42.503551483,0.0,65000.0
1610,1536.1111968,15.978764534000002,0.6120083928,0.604280591,0.6489911675,1.9415687323,52.752311707,0.4777376981063364,0.0,152.74591064,42.504550934,0.0,65000.0
1611,1536.2631968,15.859635353,0.6314067841,0.6240007281000001,0.6662795544,1.9444067478,53.311779021999996,0.48066387241152675,0.0,154.1900177,42.487472534,0.0,65000.0
1612,1536.4151968,15.952739715999998,0.6509021521,0.6430170535999999,0.6832225323000001,1.9300029278,53.313659668,0.48066411169517337,0.0,154.21481323,42.461551666,0.0,65000.0
1613,1536.5671968000001,15.987154007000001,0.664339304,0.6609219909,0.6950010657,1.9158600569,53.243442535,0.48066114270759736,0.0,153.79870605,42.665710449,0.0,65000.0
1614,1536.7191968,15.975330353,0.6620622872999999,0.6667275429,0.6927841901999999,1.9111667871,52.789840698,0.4806666507187452,0.0,154.22470093,43.111038208000004,0.0,65000.0
1615,1536.8711968,15.975597382,0.6489434242000001,0.6550029516,0.6852279305,1.9028197527000001,52.598239899,0.4806689647077891,0.0,154.38171387,43.252674103000004,0.0,65000.0
1616,1537.0231968,15.980709075999998,0.634517312,0.6405129433,0.6758214831,1.907237649,52.126228333,0.4806667963004786,0.0,153.57359314,43.087535858,0.0,65000.0
1617,1537.1751968,15.985773087,0.6237456203,0.6272745132,0.6653879881,1.9154151678,51.78004455600001,0.47771391898943694,0.0,151.35232544,43.003807068,0.0,65000.0
1618,1537.3271968000001,15.988977432,0.6178833246000001,0.6198831201,0.6552971600999999,1.9215582609,51.953121185,0.4715781137297626,0.0,149.17704773,42.923740386999995,0.0,65000.0
1619,1537.4791968,15.989487647999999,0.6165264845,0.6159020065999999,0.6554965377,1.9268894196000002,51.801631926999995,0.4715767796154301,0.0,149.04855347,42.753913879,0.0,65000.0
1620,1537.6311968,15.989387512,0.6232861876,0.6187992692000001,0.6626169682,1.9269857407,50.943416595,0.4740085340284703,0.0,150.71594238,42.717479706,0.0,65000.0
1621,1537.7831968,15.98928833,0.6357753277,0.6309844850999999,0.6693660617,1.9184000492,50.51076889,0.4806722847304799,0.0,152.45133972,42.826934814,0.0,65000.0
1622,1537.9351968,15.989188194,0.6482224464,0.6438639164,0.6705290675,1.9203095436000002,51.228649139,0.48067447408209923,0.0,153.47497559,42.812000275,0.0,65000.0
1623,1538.0871968000001,15.988498688,0.6591627597999999,0.6551101208,0.6637476683,1.9379228354,52.914001465,0.480659534172154,0.0,153.55473328,42.779525756999995,0.0,65000.0
1624,1538.2391968,15.983095169,0.6686224936999999,0.6646876335,0.6559152603,1.9650403261000002,56.109390258999994,0.47775100284024774,0.0,152.74778748,42.854171753,0.0,65000.0
1625,1538.3911968,15.973148345999999,0.6781096458,0.6742370725,0.6582729815999999,1.9721683263999998,60.005187988,0.4777326735061492,0.0,151.98171997,42.878627777,0.0,65000.0
1626,1538.5431968,15.945471764,0.6865581274,0.6833558679,0.6643586754999999,1.9716820716999999,61.804855347,0.47773318443085483,0.0,152.1033783,42.84980011,0.0,65000.0
1627,1538.6951968,15.960971832,0.693033874,0.6902720332,0.6699784994,1.9827325344,62.885730743,0.4777519408951392,0.0,153.4493866,42.905254364,0.0,65000.0
1628,1538.8471968000001,15.968400002000001,0.699017942,0.69659549,0.6715000272,1.9796204567,63.006504058999994,0.4819849958787485,0.0,154.32652283,43.038402557,0.0,65000.0
1629,1538.9991968,15.968379974000001,0.7025003433,0.7019196153,0.6715099812,1.9809764624000001,63.45635223399999,0.47775011053943833,0.0,153.32197571,43.155033112,0.0,65000.0
1630,1539.1511968,15.968190193,0.7030000090999999,0.7030000090999999,0.6715999842,1.9926419258,64.724685669,0.47772099905104143,0.0,151.30111694,43.172153473,0.0,65000.0
1631,1539.3031968,15.968090057000001,0.7020099759,0.7027829289,0.6715999842,2.0032911301,65.878204346,0.48137849433248303,0.0,148.54997253,43.094944,0.0,65000.0
1632,1539.4551968,15.967989922000001,0.6970610023,0.6999819875,0.6716091633,2.0148158072999998,65.453109741,0.48136917655723915,0.0,146.28408813,43.049999237,0.0,65000.0
1633,1539.6071968,15.967891693,0.6890823245000001,0.6921874881,0.6712190509,2.0377459526,62.810390471999995,0.48140416470971503,0.0,144.95228577,43.375656128,0.0,65000.0
1634,1539.7591968,15.96780014,0.6806164384000001,0.6841620803,0.6652756333,2.0707058906999998,61.046409607,0.48142049830041367,0.0,143.03837585,43.90933609,0.0,65000.0
1635,1539.9111968,15.968196869000002,0.6711560487999999,0.6754875183,0.6537142992,2.0888381004,60.935302734,0.4813830350934532,0.0,141.07118225,43.955116272,0.0,65000.0
1636,1540.0631968,15.973021507,0.6607007384,0.6647279859,0.6443116664999999,2.0781226158000004,60.11951828,0.4813663321069489,0.0,139.87190247,43.793224335,0.0,65000.0
1637,1540.2151968,15.979168892,0.6506882906,0.6542349458,0.6329064965,2.0631303787,58.17879867600001,0.48139809906339703,0.0,139.55830383,43.873340606999996,0.0,65000.0
1638,1540.3671968,15.974285126,0.6450463532999999,0.6463095546000001,0.6173247099,2.0689952374000002,56.173404694,0.48143399550992866,0.0,139.24272156,43.983947754,0.0,65000.0
1639,1540.5191968000001,15.865296364,0.6477935314,0.6445983052,0.6254466176,2.0648789406,54.188186646000005,0.4814573634798482,0.0,138.8041687,44.01947403,0.0,65000.0
1640,1540.6711968,15.708123207,0.6534145474,0.6523197293,0.6325905919,2.0600039959,52.865207672,0.482447755349988,0.0,137.94721985,44.007270813000005,0.0,65000.0
1641,1540.8231968,15.574300765999999,0.6596887708,0.6558513045000001,0.6366879343999999,2.0659856796000002,52.676254272,0.47767277287853604,0.0,136.0846405,43.861248016000005,0.0,65000.0
1642,1540.9751968,15.376157760999998,0.6701281667,0.6654145122,0.6411899924000001,2.0765521525999997,52.291660308999994,0.476558935812235,0.0,134.06152344,43.578201293999996,0.0,65000.0
1643,1541.1271968,15.151371002000001,0.6820263862999999,0.676466465,0.6503337026,2.0945832729,51.442325591999996,0.4727921147118527,0.0,132.03334045,43.333675385,0.0,65000.0
1644,1541.2791968000001,14.931242942999999,0.7005220651999999,0.6907578111,0.6618927717,2.0971314907,51.72776794399999,0.47241665554672696,0.0,130.18591309,43.228462218999994,0.0,65000.0
1645,1541.4311968,14.85940361,0.7249981761,0.7149369121,0.6734358072,2.0943899155000003,52.778110504,0.472362707499661,0.0,128.87078857,43.229457855,0.0,65000.0
1646,1541.5831968,14.551054955,0.7475669384,0.7394205331999999,0.6861525178,2.0926771164,53.996963501,0.4723271512205667,0.0,128.47558594,43.232276917,0.0,65000.0
1647,1541.7351968,14.24223423,0.7580941319,0.7585946918,0.69972682,2.0935788155,55.557518005,0.4726257086530623,0.0,129.10903931,43.254928588999995,0.0,65000.0
1648,1541.8871968,14.053508759000001,0.7511467338,0.7560400962999999,0.7111158967,2.0847406387,56.680316925,0.47266844487282855,0.0,129.87002563,43.291156769,0.0,65000.0
1649,1542.0391968000001,14.010219574,0.7363901734,0.7428281307,0.7125612497,2.0598540306,56.030910492,0.47267511433788945,0.0,130.30976868,43.220947266,0.0,65000.0
1650,1542.1911968,14.008595467000001,0.7212157845,0.7267006636,0.6969745159,2.0358669758000003,55.142429352,0.472686793642332,0.0,130.86029053,42.991863251000005,0.0,65000.0
1651,1542.3431968,14.008681297,0.7082450986,0.7134534120999999,0.6809651256,2.0159907341,54.499065398999996,0.472729422948412,0.0,131.68525696,42.853824615,0.0,65000.0
1652,1542.4951968,14.013121605,0.6965992451,0.7006183267,0.6661183238,2.0141398907,54.127548218,0.4740649107331762,0.0,133.26319885,42.977977753000005,0.0,65000.0
1653,1542.6471968,14.021499634000001,0.6909999847,0.6913889647,0.6565694213000001,2.0298423767,53.171421051,0.4775975229425314,0.0,134.29354858,43.191661835,0.0,65000.0
1654,1542.7991968000001,14.044884682000001,0.6918695569,0.6911619901999999,0.6475934386,2.0366339684,52.223278046000004,0.4765227173364655,0.0,133.67201233,43.250175476,0.0,65000.0
1655,1542.9511968,14.257575989000001,0.6990487576000001,0.6933335065999999,0.6387643814,2.0495035647999997,52.850910187,0.47277500784054177,0.0,132.40905762,43.07004928600001,0.0,65000.0
1656,1543.1031968,14.176159859,0.7070000171999999,0.7066825628,0.6313834786,2.0717010497999997,53.483253479,0.4726353423931363,0.0,130.93588257,42.939907074000004,0.0,65000.0
1657,1543.2551968,14.272420882999999,0.6976116896,0.7055492997,0.6277505755,2.0883059502,54.094070435,0.4722707966705807,0.0,129.55033875,43.098461151,0.0,65000.0
1658,1543.4071968,14.671032905999999,0.6807585359,0.6847808361,0.6373644471000001,2.0846426487,53.946338653999995,0.4722692254409342,0.0,128.7983551,43.364974976000006,0.0,65000.0
1659,1543.5591968,14.305884360999999,0.6766857505,0.6758623719,0.6482664943,2.0779070854,54.087696075,0.47225789948965824,0.0,128.98330688,43.427623749,0.0,65000.0
1660,1543.7111968,14.219002724000001,0.67900002,0.6788018346,0.65127033,2.0641927719,55.879055023,0.47257974677738185,0.0,129.63737488,43.179382323999995,0.0,65000.0
1661,1543.8631968,14.149301529,0.6794161201000001,0.6789162755,0.6443024278,2.0694169998,57.214492798,0.4726507908493591,0.0,130.50952148,42.917819977,0.0,65000.0
1662,1544.0151968,14.089489937,0.6820676326999999,0.6799620986,0.6384409665999999,2.0886104107,57.69393920899999,0.4738540056490958,0.0,131.36260986,42.854270935,0.0,65000.0
1663,1544.1671968,14.132993698,0.686232388,0.6846339106999999,0.6415536404,2.0892412662999997,55.559551238999994,0.47268700504785877,0.0,131.64109802,42.867645264000004,0.0,65000.0
1664,1544.3191968,14.077788352999999,0.6888170838,0.6877197026999999,0.6464387178000001,2.0746889114,53.347003937,0.47258090467427666,0.0,131.20536804,42.782161713,0.0,65000.0
1665,1544.4711968000001,14.026339531,0.6924357414,0.6902309656000001,0.6513192058,2.0481338500999997,51.698001862,0.47229049809048557,0.0,130.70751953,42.613185883,0.0,65000.0
1666,1544.6231968,14.08729744,0.6972096562000001,0.6957072616,0.6546961069,2.0365278721,50.907829285,0.4723140954203292,0.0,130.21257019,42.587078094,0.0,65000.0
1667,1544.7751968,14.510068893,0.6905863284999999,0.6984933019,0.6531959772,2.0473034381999997,51.92129898100001,0.47228287477222775,0.0,131.02047729,42.773616791,0.0,65000.0
1668,1544.9271968,14.415957450999999,0.6696438192999999,0.6782553196,0.6411329508,2.0572729111,52.818748473999996,0.47282301321508563,0.0,132.9934082,43.06055069,0.0,65000.0
1669,1545.0791968,14.398386955,0.6486978531,0.6573046446,0.6271697879,2.0633695126,52.372745513999995,0.47401947463734423,0.0,134.86535645,43.059143066000004,0.0,65000.0
1670,1545.2311968000001,14.5078125,0.6332517862,0.6364679337,0.6145020723,2.0699470043,52.229839325,0.4777172352866255,0.0,136.87754822,42.838191986,0.0,65000.0
1671,1545.3831968,14.571446419,0.6325103045,0.6297679543,0.6106391549,2.0671298503999997,52.090438843,0.4849624436350192,0.0,138.28901672,42.966300964,0.0,65000.0
1672,1545.5351968,14.621234894,0.6465203166,0.6381852627,0.6138559579999999,2.0617721081,50.760074615,0.4850737851204485,0.0,138.81455994,43.37191391,0.0,65000.0
1673,1545.6871968,14.866026878,0.6650013924,0.6589722037,0.6137030721,2.0590422153,50.814746856999996,0.484707139133273,0.0,138.39807129,43.621616364,0.0,65000.0
1674,1545.8391968,14.806014060999999,0.6749098301,0.6722537875,0.6075175405,2.0604720116,52.257202148000005,0.47771567356102884,0.0,136.67442322,43.663761138999995,0.0,65000.0
1675,1545.9911968000001,14.735675812,0.6734470725,0.6774932742,0.5953573585,2.0646119118,52.518497466999996,0.47413017795298396,0.0,134.72392273,43.678646088,0.0,65000.0
1676,1546.1431968,14.656542778,0.6577135324,0.6655851603,0.5985188484,2.0562992096,52.140491486,0.4765162565225754,0.0,134.03706359999998,43.578983307,0.0,65000.0
1677,1546.2951968,14.673786162999999,0.6398816109000001,0.6445584297,0.6045401096,2.0404222012,52.736312866000006,0.4741493570857426,0.0,134.67797852,43.502788544,0.0,65000.0
1678,1546.4471968,14.543924332000001,0.6326282024000001,0.6334105729999999,0.6106262207,2.0358226299,53.532325745,0.47766724561765145,0.0,135.77172852,43.400413513000004,0.0,65000.0
1679,1546.5991968,14.359770775,0.6334763765,0.6317441463,0.6158360243,2.0394768715000002,54.247463226,0.47778510750806813,0.0,136.67160034,43.090740204,0.0,65000.0
1680,1546.7511968000001,14.481822968,0.6385657190999999,0.6357580423,0.619671464,2.0453004837,54.962081909,0.47572632691037364,0.0,136.57939148,42.687820435,0.0,65000.0
1681,1546.9031968,15.057357788,0.647365272,0.6428347825999999,0.6235563755,2.056191206,55.835327148000005,0.4756441468067418,0.0,136.02583313,42.647930145,0.0,65000.0
1682,1547.0551968,14.987725258,0.6596959232999999,0.6549187303,0.6271591783,2.0601553917,56.095428467,0.4776669066710737,0.0,134.71806335,42.860092163000004,0.0,65000.0
1683,1547.2071968,14.812544823,0.6723014712000001,0.6673731804,0.6303651333,2.0549359322,55.267059326,0.47408438393852176,0.0,133.14369202,43.184196471999996,0.0,65000.0
1684,1547.3591968,14.450200080999998,0.6842709779999999,0.6790800691,0.6434956193,2.0576622486000002,53.154434204,0.47246182571500217,0.0,132.04911804,43.517589568999995,0.0,65000.0
1685,1547.5111968,14.112693787000001,0.6969439983,0.6911257505,0.6633413434000001,2.0746600628,53.690292358,0.4724526327552415,0.0,131.88516235,43.662097931000005,0.0,65000.0
1686,1547.6631968,13.929646492,0.7077530026000001,0.7048134208,0.6717119217,2.0689432621,54.408733368,0.47376777730848213,0.0,132.87806702,43.500427246,0.0,65000.0
1687,1547.8151968,13.892198563,0.7033477426000001,0.7102361320999999,0.6557129025,2.0556228161,54.06533432,0.4776439194986929,0.0,135.53338623,43.37722015399999,0.0,65000.0
1688,1547.9671968,14.016654015,0.6762239932999999,0.6899949312,0.6311767101,2.0469624996,53.487068176,0.4760410423371319,0.0,137.77867126,43.551391601999995,0.0,65000.0
1689,1548.1191968,14.339513779,0.6410394907,0.6542037725,0.6068929434,2.0412209034,53.207904816,0.48220198873800474,0.0,139.27551269999998,43.664344788,0.0,65000.0
1690,1548.2711968,14.694161415,0.6128602624,0.6224065422999999,0.5826660991,2.0505785941999997,52.743549347,0.48255821832335083,0.0,139.67742919999998,43.63848114,0.0,65000.0
1691,1548.4231968000001,15.042464255999999,0.5969767570000001,0.6000654697,0.5635775924,2.0649793148,52.730636597,0.4826374674423535,0.0,139.79057312,43.556991577,0.0,65000.0
1692,1548.5751968,15.154652595999998,0.5919951797,0.5931873322,0.5481043458,2.0677685738,53.693996428999995,0.4814397192771337,0.0,139.85870361,43.514080048000004,0.0,65000.0
1693,1548.7271968,15.29046154,0.5893351435999999,0.5900038481000001,0.5425329804,2.0600707531,54.968883514,0.48110216597953487,0.0,139.84150696,43.506111145,0.0,65000.0
1694,1548.8791968,15.513580322000001,0.5879999995,0.587849021,0.5436864495,2.0333008766,56.367507935,0.4810644059112756,0.0,140.07861328,43.375236511000004,0.0,65000.0
1695,1549.0311968,15.718305588,0.5889813304,0.5877000093,0.5452827811,2.005351305,56.294021606,0.48096659967519306,0.0,139.93437195,43.272327423,0.0,65000.0
1696,1549.1831968000001,15.791395187,0.5929459333,0.5905635953,0.5539907813,1.9881507158,54.810173035,0.4808351177252749,0.0,140.20057678,43.26229858399999,0.0,65000.0
1697,1549.3351968,15.636610030999998,0.5995744467,0.596144259,0.5711934566,1.9741843939,53.031074524,0.481619222933235,0.0,140.59933472,43.156974792,0.0,65000.0
1698,1549.4871968,15.380809784,0.6116991043,0.6047739983,0.5891317129,1.9719060659,52.459506989,0.4996437728,0.0,141.10018921,42.87928009,0.0,65000.0
1699,1549.6391968,15.504410744000001,0.6348618268999999,0.6240053177,0.6070899367,1.9893893003,52.840236663999995,0.4752490222,0.0,141.12643433,42.664115906,0.0,65000.0
1700,1549.7911968,15.563630104000001,0.6627832651,0.6512672901,0.6253100634000001,2.0059752464,52.365242003999995,0.4687909782,0.0,140.58801269999998,42.706565857,0.0,65000.0
1701,1549.9431968000001,15.125173569000001,0.6897795795999999,0.6794754267,0.6450247765,2.0176007748,51.908367157,0.4784187078,0.0,139.26216125,42.729587555,0.0,65000.0
1702,1550.0951968,14.634892464000002,0.7131675482,0.7044408321,0.6651524305,2.0280487537000003,51.39541626,0.47849145530000003,0.0,137.71894836,42.565265656,0.0,65000.0
1703,1550.2471968,14.370846748,0.7337292433,0.7253543735,0.6835716367,2.0398664474,50.381484985,0.47604557869999997,0.0,135.72273254,42.406318665,0.0,65000.0
1704,1550.3991968,14.28423214,0.7499091625,0.7470805645,0.6925258040000001,2.0461483002,48.678024291999996,0.47507742049999996,0.0,133.87167358,42.224292755,0.0,65000.0
1705,1550.5511968,14.123908997000001,0.7423742414,0.7520807384999999,0.6982513666,2.043099165,48.679508209,0.47509002689999996,0.0,132.53504944,42.002960205,0.0,65000.0
1706,1550.7031968000001,13.925522804000002,0.702101469,0.7224996686,0.6930533648,2.0475487709,49.690166473000005,0.4672881961,0.0,132.49147034,41.880893707,0.0,65000.0
1707,1550.8551968,13.794197083,0.6478849053,0.6657619476,0.6742328405,2.0509638786,49.595096588000004,0.46568405630000004,0.0,134.74920654,41.742191315,0.0,65000.0
1708,1551.0071968,14.031840324000001,0.6113820075999999,0.6231714487,0.6522844434,2.044516325,50.244342804,0.46658185119999995,0.0,138.25296021,42.007530212,0.0,65000.0
1709,1551.1591968,14.393740654,0.585745573,0.5960256457,0.6313958168,2.0348036288999998,50.825191498,0.4710591435,0.0,142.61793518,42.309654236,0.0,65000.0
1710,1551.3111968,14.796732902999999,0.5671369433,0.5705744028,0.6150810122,2.0153334141,50.369297028000005,0.4723098278,0.0,146.39901733,42.477005005,0.0,65000.0
1711,1551.4631968,14.31953907,0.5701275468,0.5656660795,0.5993278623,1.9921301603000001,50.508304596,0.46877431869999997,0.0,148.14935303,42.688831329,0.0,65000.0
1712,1551.6151968,14.065093994000001,0.5818704963,0.5803934336,0.5892977118,1.9672627449000002,51.359470367,0.4736799896,0.0,149.13821411,42.821372986,0.0,65000.0
1713,1551.7671968,15.115748405,0.5756453872,0.5793234706,0.5872331262,1.9517302512999999,51.80909729,0.4795861244,0.0,150.32754517,42.760066986,0.0,65000.0
1714,1551.9191968,15.825820923,0.5636751652,0.5680295229,0.5773691535000001,1.9430744647999998,51.057434082,0.4798616767,0.0,151.44180298,42.583839417,0.0,65000.0
1715,1552.0711968,15.787736893,0.5517091751,0.5560156703,0.5659524798,1.9344989061000002,49.972850799999996,0.4825958312,0.0,152.17677307,42.317146301,0.0,65000.0
1716,1552.2231968,15.445355415,0.5400106311,0.5442182422,0.5658069849,1.9234668016,50.295413971,0.48221579189999997,0.0,152.98686218,42.01732254,0.0,65000.0
1717,1552.3751968000001,15.426761627000001,0.5298486352,0.5332270265,0.5696501732,1.8918429612999998,51.00605011,0.48670613770000004,0.0,153.73857117,41.896980286,0.0,65000.0
1718,1552.5271968,15.447309494,0.5255999565,0.525390625,0.5729716420000001,1.8596704006,50.312801361000005,0.49606129530000004,0.0,154.69039917,42.115665436,0.0,65000.0
1719,1552.6791968,15.37050724,0.5315851569,0.5290643573,0.575127542,1.8546226025,49.004833221000005,0.5064695477000001,0.0,155.67449951,42.33764267,0.0,65000.0
1720,1552.8311968,15.006527900999998,0.5373067856,0.53487885,0.576777339,1.8646575212,47.500400543000005,0.5081582665,0.0,156.75988769999998,42.351070404,0.0,65000.0
1721,1552.9831968,14.799385071,0.5425533056,0.5403356552,0.5703899264,1.8487017155,45.961948395,0.5157544017,0.0,157.22366333,42.240913391,0.0,65030.0
1722,1553.1351968000001,15.304075241,0.548792243,0.5464897156,0.5611726642,1.8372449875,43.766914368,0.529148221,0.0,157.54353333,42.257545471,0.0,65030.0
1723,1553.2871968,15.820069313,0.5547607540999999,0.5530307293,0.5533161759,1.8581522703,42.66544342,0.543741107,0.0,157.66760254,42.422389984,0.0,65030.0
1724,1553.4391968,15.974014282,0.5549942255,0.556720674,0.5457384586,1.8882712125999999,43.094093323,0.5463250875,0.0,157.75056458,42.273036956999995,0.0,65030.0
1725,1553.5911968,15.988453865,0.5457725525,0.5499087572,0.5361217856,1.8945108652,44.341953278000005,0.5357174277000001,0.0,157.66789246,42.072853088,0.0,65000.0
1726,1553.7431968,15.988753319,0.5323188901,0.5377854109,0.5251372457,1.876550436,45.903575896999996,0.5220560431,0.0,157.81535339,42.19833374,0.0,65000.0
1727,1553.8951968000001,15.989052773,0.5161408782,0.5229095817,0.5138795972,1.8523057699,46.731204987,0.5229330659,0.0,158.1098175,42.39509964,0.0,65000.0
1728,1554.0471968,15.989352226,0.4966783226,0.5040441751,0.5026966929,1.8359742165000001,47.41669464100001,0.5344145297999999,0.0,158.05851746,42.450855255,0.0,65000.0
1729,1554.1991968,15.98965168,0.4791976511,0.486332804,0.49060246350000003,1.8411347866,46.53433609,0.5309745073,0.0,158.34783936,42.611457825,0.0,65030.0
1730,1554.3511968,15.98995018,0.4634783268,0.46989050509999997,0.47816324229999996,1.8542057276,44.670837402,0.5162069798,0.0,158.28865051,42.655555725,0.0,65030.0
1731,1554.5031968,15.990249634000001,0.45037364960000004,0.4544701576,0.4668646157,1.8495942354,42.81243515,0.5065110922,0.0,158.58676147,42.498943329,0.0,65030.0
1732,1554.6551968,15.990549088,0.44545891880000005,0.4461755753,0.46134963630000003,1.8417289257,42.503650665,0.48958602549999997,0.0,158.5004425,42.752300262,0.0,65000.0
1733,1554.8071968,15.990847588,0.446772784,0.44673609729999997,0.4583678842,1.8375065327000002,44.055412292,0.4855732918,0.0,158.64457703,42.943454742,0.0,65000.0
1734,1554.9591968,15.991147041,0.4457752407,0.4461932778,0.4558392167,1.8377243280000002,44.912460327,0.49974301460000004,0.0,158.93937683,42.910755157,0.0,65000.0
1735,1555.1111968,15.991446495,0.4445562065,0.4450143278,0.4533464909,1.8410212994,45.129211426000005,0.521774292,0.0,158.75559998,42.672534943,0.0,65000.0
1736,1555.2631968,15.991745949,0.44190266729999994,0.44332578780000004,0.45093441009999996,1.8410447836000001,44.852272033999995,0.5250810385,0.0,159.07894897,42.387649536,0.0,65000.0
1737,1555.4151968,15.992044449000002,0.43821656700000006,0.4392459989,0.4482965767,1.8364931345,44.111442566,0.5257977247,0.0,158.9911499,42.149013519,0.0,65000.0
1738,1555.5671968000001,15.992343903,0.4383575618,0.43864411119999996,0.44527757170000004,1.8312687874,44.08291626,0.5225011706,0.0,159.32969666,42.221473694000004,0.0,65000.0
1739,1555.7191968,15.992643355999999,0.4359999895,0.43667304520000005,0.4468891025,1.8230030537000002,44.151416778999995,0.5189433694,0.0,159.40899658,42.432548523,0.0,65000.0
1740,1555.8711968,15.99294281,0.4359999895,0.4358766377,0.4501484632,1.8220274447999998,44.218517303,0.5243627429,0.0,159.48828125,42.636276245,0.0,65000.0
1741,1556.0231968,15.993242264000001,0.4359999895,0.4357999861,0.4548273385,1.8299324512000001,45.194812775,0.5357878208,0.0,159.57019043,42.654079437,0.0,65000.0
1742,1556.1751968,15.99353981,0.43762826920000003,0.4361212254,0.4606183469,1.8420790434,46.372097015,0.5486397147,0.0,159.68186951,42.57875824,0.0,65000.0
1743,1556.3271968000001,15.993920326,0.4468089342,0.44260638950000003,0.4664446115,1.8444398642,47.289524078,0.5511199236,0.0,159.79870605,42.713970184000004,0.0,65000.0
1744,1556.4791968,15.994239807000001,0.4589911103,0.4548121095,0.4693553746,1.8338676691,48.396678925,0.5468710661,0.0,159.80041504,42.968444823999995,0.0,65000.0
1745,1556.6311968,15.994539261,0.46182805299999996,0.4619547129,0.4706750214,1.8318363428,48.721721648999996,0.5360950828000001,0.0,159.94500732,43.14088821399999,0.0,65000.0
1746,1556.7831968,15.995867729,0.4558415711,0.45818591119999996,0.4717718661,1.8458703756000001,47.512214661,0.534551084,0.0,160.26791382,43.20268631,0.0,65000.0
1747,1556.9351968,15.998965262999999,0.4498560429,0.4520799518,0.4729481936,1.8588240147,44.938999176,0.5464155078,0.0,160.16470337,43.295051575,0.0,65000.0
1748,1557.0871968000001,16.002691269,0.4442489743,0.4464699626,0.4744596481,1.8768094778,42.533618927,0.5594984889,0.0,160.27575684,43.580688476999995,0.0,65030.0
1749,1557.2391968,16.006561279,0.4419267476,0.4423175454,0.4762127399,1.8983453512000001,41.839569092,0.5485435128,0.0,160.40290833,43.756973267,0.0,65030.0
1750,1557.3911968,16.010448456,0.44818928840000005,0.4453316629,0.4794150889,1.9025526047,42.702407836999996,0.5319756269,0.0,160.51715088,43.611499786,0.0,65030.0
1751,1557.5431968,16.014263152999998,0.4585401118,0.4551308751,0.48550087210000004,1.8971771002000002,43.477718353,0.5321418046999999,0.0,160.63276672,43.586467743,0.0,65030.0
1752,1557.6951968,16.013158798,0.4615313709,0.4600076675,0.4922036529,1.8982629776,44.356971741,0.5398016572,0.0,160.76194763,43.660324097,0.0,65030.0
1753,1557.8471968000001,16.008573532,0.4645241797,0.4635646343,0.4962549508,1.9062004088999998,45.734672546000006,0.5383708477,0.0,160.75686646,43.179962158,0.0,65000.0
1754,1557.9991968,16.003156662000002,0.46717181799999996,0.4664826393,0.4984655678,1.9032090902,47.69808197,0.5243641138,0.0,160.98545837,42.800292969000004,0.0,65000.0
1755,1558.1511968,15.906400681,0.4685082436,0.46771514420000004,0.5004377960999999,1.9033147097,49.764007568000004,0.5068902372999999,0.0,160.88026428,42.661632538,0.0,65000.0
1756,1558.3031968,15.94036293,0.47199895979999995,0.47058114409999996,0.5023554564,1.9025743008000002,51.594051361000005,0.5097709894,0.0,161.22473145,42.827640533,0.0,65000.0
1757,1558.4551968,15.988975525,0.4784769714,0.47590523960000003,0.5042508245,1.8985347747999999,53.171073914,0.5237358212,0.0,161.11740112,42.985870361,0.0,65000.0
1758,1558.6071968,15.998404503,0.4872894585,0.4836191535,0.5059181452,1.8959534168,54.639358521000005,0.5353179574,0.0,161.478302,43.128814696999996,0.0,65000.0
1759,1558.7591968,15.998727797999999,0.4944767654,0.4921987653,0.5075135827,1.8919351101,55.977500916000004,0.5310495496000001,0.0,161.45916748,43.152519226,0.0,65000.0
1760,1558.9111968,15.999026299,0.496060729,0.4961144626,0.5095632672,1.877040267,55.57363891600001,0.5135526061,0.0,161.48083496,43.581718445,0.0,65000.0
1761,1559.0631968,15.999325752,0.49023193119999997,0.4925575554,0.5153721571000001,1.8564068079,53.408191681000005,0.4966999292,0.0,161.81663513,43.839946747,0.0,65000.0
1762,1559.2151968,15.991292000000001,0.4850925803,0.486995995,0.5230306387,1.8463704586,51.840713501,0.497979939,0.0,161.82841492,43.732196808000005,0.0,65000.0
1763,1559.3671968,15.705010414,0.4804448783,0.48126241560000005,0.5309080482,1.8576631546,50.18976593,0.5105439425,0.0,161.88790894,43.566600799999996,0.0,65000.0
1764,1559.5191968000001,14.953148842000001,0.4837296307,0.4821852744,0.538117826,1.9022516012000001,48.554821014,0.5229212046,0.0,161.9487915,43.390193939,0.0,65000.0
1765,1559.6711968,14.839788437000001,0.489572823,0.4867127538,0.5433157086,1.9520136118,48.386856079,0.5281276703,0.0,162.07254028,43.250862122,0.0,65000.0
1766,1559.8231968,15.276515007,0.5016717315,0.49628895520000005,0.5459061861,1.9762673378,48.256000519,0.5206850171,0.0,162.41012573,43.325229645,0.0,65000.0
1767,1559.9751968,15.032446860999999,0.5184130073,0.5131338239,0.5402072072,1.9970616102,47.191184998000004,0.5124918222,0.0,162.30540466,43.601894378999994,0.0,65000.0
1768,1560.1271968,14.84335804,0.5189704299,0.5201573968,0.5404247642,2.0158584118,45.857303619,0.5123634338,0.0,162.41070557,43.835975647,0.0,65000.0
1769,1560.2791968000001,15.153283119000001,0.5016322136,0.5096282959,0.5524253249000001,2.0095942019999997,44.771858215,0.5262479186,0.0,162.30482483,43.848514557,0.0,65030.0
1770,1560.4311968,15.695108414000002,0.4737799764,0.4823032022,0.5632839799,1.979995966,44.430690765,0.5399264693,0.0,162.40948486,43.805088043000005,0.0,65030.0
1771,1560.5831968,15.968334197999999,0.48065155740000004,0.47740873689999996,0.5687088370000001,1.9504292011000002,44.266277313,0.5408002138,0.0,162.06140137,43.793029785,0.0,65030.0
1772,1560.7351968,16.008939743,0.4938702881,0.488506496,0.5726974607,1.9332659245,43.346794128,0.5367127657,0.0,161.33224487,43.733547211,0.0,65030.0
1773,1560.8871968,15.74789238,0.5091911554,0.5026673675,0.5775538087,1.9362413883,41.458518982,0.5304467678,0.0,158.8455658,43.580749512,0.0,65030.0
1774,1561.0391968000001,15.155534744,0.5272699594,0.5197868347,0.5839614868,1.9501610994,40.107749939,0.5269899964,0.0,154.44325256,43.399974823,0.0,65030.0
1775,1561.1911968,14.492195129,0.5476307869,0.5385149121,0.5932807326,1.9685732126,40.424949646,0.5296962857,0.0,152.7724762,43.317234039,0.0,65030.0
1776,1561.3431968,14.181137085,0.5776256323,0.5661689043,0.6037657261,1.9810233116,40.87317276,0.534211874,0.0,152.05595398,43.438117981000005,0.0,65030.0
1777,1561.4951968,14.165383339000002,0.5995653272,0.5912455916,0.6144105196,1.9751226902,40.417392731,0.526040256,0.0,152.63478088,43.602111816000004,0.0,65030.0
1778,1561.6471968,14.352158545999998,0.6157006621,0.6082848907,0.6207588315,1.975425601,39.74671936,0.5116443038,0.0,154.53208923,43.602890015,0.0,65030.0
1779,1561.7991968000001,14.801687241,0.6486625671,0.6366021633,0.6190644503,1.9911189079,40.016105652,0.5080059767,0.0,151.85099792,43.599338531,0.0,65030.0
1780,1561.9511968,15.437496185,0.6658235192,0.6627016068,0.6121047139,1.9919375181,40.360557555999996,0.5106906295,0.0,146.65809631,43.573169708,0.0,65030.0
1781,1562.1031968,15.795640945,0.6153332590999999,0.6354492903,0.603464365,1.975086689,39.77312088,0.5139420629,0.0,146.91238403,43.535144806000005,0.0,65030.0
1782,1562.2551968,15.694644927999999,0.5597946048,0.5821014046999999,0.5928449035,1.9541459084000001,39.624202728,0.5190171003,0.0,151.57772827,43.485126495,0.0,65030.0
1783,1562.4071968,15.44260788,0.5102741718,0.5281700492,0.5792483687,1.9396648407,40.492492676,0.5259453058,0.0,156.32739258,43.430919646999996,0.0,65030.0
1784,1562.5591968,15.387703896,0.49762311579999996,0.4998407364,0.5797900558,1.9502384662999999,41.073474884,0.5348533988,0.0,158.20462036,43.529678345,0.0,65030.0
1785,1562.7111968,15.55240345,0.5434157848,0.5220410228,0.6051234007,1.9981220961000001,40.593593596999995,0.5246161818999999,0.0,156.62580872,43.660953522,0.0,65030.0
1786,1562.8631968,15.365758896,0.6560580134,0.6127343774,0.627810657,2.0689313412,39.745475769,0.514023304,0.0,152.66337585,43.52835083,0.0,65030.0
1787,1563.0151968,14.551849365,0.7336855531,0.7094653248999999,0.6376466155,2.1442446709,40.070495605,0.5044341086999999,0.0,147.92961121,43.397102356000005,0.0,65030.0
1788,1563.1671968,14.081895828,0.6573672295,0.6877141595,0.6365972757,2.1985046863999997,41.009059906,0.4811411798,0.0,146.49493408,43.281536102,0.0,65030.0
1789,1563.3191968,13.86404705,0.5578390956,0.5955173373,0.6295590997,2.1946897507,42.082122803000004,0.4693174064,0.0,147.12870789,43.172756195,0.0,65030.0
1790,1563.4711968000001,13.646198273,0.5081352592,0.5271127224000001,0.6206704974,2.1308116913,43.201389313,0.48008501530000003,0.0,147.72895813,43.126487732,0.0,65030.0
1791,1563.6231968,13.901802063,0.485178262,0.4938836992,0.6091361046,2.0497124195,43.808444977,0.5005676746,0.0,151.27766418,43.158390045,0.0,65030.0
1792,1563.7751968,14.601043700999998,0.4746380448,0.4787773192,0.5960649847999999,1.9926656484999998,43.445957183999994,0.5281229019,0.0,157.67500305,43.188724518,0.0,65030.0
1793,1563.9271968,15.466071129000001,0.46999999880000004,0.4719218314,0.5838056803,1.9609078169,42.638156891,0.5541563034,0.0,160.27032471,43.195018768000004,0.0,65030.0
1794,1564.0791968,15.911794662,0.4702012241,0.47043329479999996,0.572835207,1.9484010935,41.862628937,0.5710976124,0.0,160.17041016,43.15164566,0.0,65030.0
1795,1564.2311968000001,15.983478545999999,0.4733844399,0.4720264971,0.5617337822999999,1.9534679651,41.902587890999996,0.5831662416,0.0,160.09677124,43.097949981999996,0.0,65000.0
1796,1564.3831968,15.977471352,0.4799265265,0.4767670631,0.5498336554,1.9553809166,42.187770844,0.5777435303,0.0,160.03279114,42.981040955,0.0,65000.0
1797,1564.5351968,15.973848343,0.4961740971,0.4885442257,0.5382601618999999,1.928427577,41.944034576,0.5492320061,0.0,160.14910889,42.751255035,0.0,65000.0
1798,1564.6871968,15.96467495,0.5337664485,0.5181292892,0.5313174129,1.8982410431,41.805290221999996,0.5185358524,0.0,159.92596436,42.482524872,0.0,65000.0
1799,1564.8391968,15.227115630999998,0.581068933,0.5628960132999999,0.529111743,1.8906764984,42.726978302,0.5124948621000001,0.0,159.91809082,42.738739014000004,0.0,65000.0
1800,1564.9911968000001,14.520540237,0.5964167714,0.5923609734,0.5259363651,1.8955303431000001,43.351161956999995,0.5194113851,0.0,160.02947998,42.670558929,0.0,65000.0
1801,1565.1431968,15.124414444000001,0.5267241000999999,0.5543029904,0.5172039866,1.8949475288,44.039558411,0.5165246725,0.0,159.70643616,42.466732025,0.0,65000.0
1802,1565.2951968,15.832758904,0.4614402354,0.4870730042,0.4995504618,1.8751963377,43.603912353999995,0.5132418275,0.0,159.79032898,42.265117645,0.0,65000.0
1803,1565.4471968,15.9945364,0.4283026457,0.44144585729999997,0.4710389078,1.8455891609000001,42.690265656,0.5179866552,0.0,159.79130554,42.235721588000004,0.0,65000.0
1804,1565.5991968,15.99144268,0.41239157320000003,0.4187005758,0.4420503378,1.8271455765,43.269886017,0.52562958,0.0,159.57955933,42.464740753,0.0,65000.0
1805,1565.7511968000001,15.661351204,0.39773207899999996,0.4035538733,0.42203360799999995,1.8316359519999998,44.588302612,0.5340114236,0.0,159.66218567,42.837730408,0.0,65000.0
1806,1565.9031968,15.69564724,0.390894264,0.3934747875,0.41270804409999995,1.8374253511,45.828884125,0.5373904705,0.0,159.68739319,42.847118378000005,0.0,65000.0
1807,1566.0551968,15.940992355,0.3880988955,0.38930884,0.4086764753,1.8318294287,46.14276886,0.5387647152,0.0,159.45610046,42.599254608,0.0,65000.0
1808,1566.2071968,16.008993149000002,0.39129933710000003,0.39038875700000003,0.40907397869999995,1.8274185658000002,45.656700134,0.5359743237,0.0,159.33258057,42.465866089,0.0,65000.0
1809,1566.3591968,15.999998093,0.40127652880000003,0.3973941505,0.4154552221,1.8358038663999998,45.155700683999996,0.5396687388,0.0,159.42269897,42.661502838000004,0.0,65000.0
1810,1566.5111968,15.992315292,0.4112708271,0.407330066,0.42550465460000003,1.8484665155000002,45.861557006999995,0.5569589734,0.0,159.33317566,42.851158141999996,0.0,65000.0
1811,1566.6631968,15.990450859000001,0.4222234488,0.41766589880000005,0.4371849895,1.8651479483000002,47.78037262,0.5684086084000001,0.0,159.10777283,42.695827484,0.0,65000.0
1812,1566.8151968,15.978096962,0.43223166469999996,0.42810440060000005,0.4491716325,1.8886440991999998,49.68846130399999,0.5590876937,0.0,159.13371277,42.559585571,0.0,65000.0
1813,1566.9671968,15.957094193,0.4441362917,0.4391305447,0.4601754844,1.912314415,51.363407135,0.5510899425,0.0,159.18908691,42.693218230999996,0.0,65000.0
1814,1567.1191968,15.956806183,0.4520699382,0.44853603840000006,0.46991160509999996,1.9302351475,52.148464203,0.542784512,0.0,159.10317993,42.820999146,0.0,65000.0
1815,1567.2711968,15.961838722000001,0.4570117295,0.45512387159999995,0.47839123009999995,1.9423363209,52.66083526600001,0.5350652933,0.0,158.87254333,42.82106781,0.0,65000.0
1816,1567.4231968000001,15.484350204000002,0.45805683729999996,0.4577870667,0.4873448312,1.9541540146,53.476421356,0.5350264907,0.0,159.04966736,42.827358245999996,0.0,65000.0
1817,1567.5751968,14.912797928,0.46405777340000004,0.46149411799999995,0.49364560840000005,1.9744130373,54.01739502,0.5300784111,0.0,157.60598755,42.86523819,0.0,65000.0
1818,1567.7271968,14.519629477999999,0.473062396,0.46913170810000004,0.4973519742,1.99908638,53.32472229,0.5280916095,0.0,155.52182007,42.902282715,0.0,65000.0
1819,1567.8791968,14.130421638,0.4880144,0.48171177509999996,0.5040469766,2.0211160183000003,52.602478027,0.5327644348,0.0,153.06575012,42.970111847,0.0,65000.0
1820,1568.0311968,13.723274231,0.5009850264,0.4955963194,0.5172910094,2.0315134525,52.404521941999995,0.5436740518,0.0,150.98548889,43.070884705,0.0,65000.0
1821,1568.1831968000001,13.519516945,0.5119537711,0.5073906779,0.5361263156,2.0304989815,51.52897644,0.5441406965,0.0,148.54716492,43.10684585600001,0.0,65000.0
1822,1568.3351968,13.524974822999999,0.5388254523,0.5278674364,0.5567136407,2.0357961655000003,50.817481995,0.5234246254,0.0,146.46777344,43.079177856,0.0,65000.0
1823,1568.4871968,13.503622055,0.5687145591,0.5568410158,0.5764311552,2.0556492805,53.087432861,0.4934638739,0.0,144.5473175,43.051265717,0.0,65000.0
1824,1568.6391968,13.498706817999999,0.5996348858,0.5872212052,0.5917034745,2.0743849277,55.933460236,0.4727501571,0.0,142.43812561,43.026294708,0.0,65000.0
1825,1568.7911968,13.313292503,0.629555285,0.6171841025,0.6033970714,2.0829508305,57.478504181000005,0.4738897681,0.0,139.67884827,43.019104004,0.0,65000.0
1826,1568.9431968000001,13.044548987999999,0.6447436213000001,0.6384137869,0.6142338514,2.084433794,58.247901917,0.48452600840000004,0.0,137.1396637,42.71036911,0.0,65000.0
1827,1569.0951968,12.96066761,0.6449999809,0.6451479793,0.6204980612,2.0826499462,56.758335114,0.4875399768,0.0,133.71469116,42.161174774,0.0,65000.0
1828,1569.2471968,12.978786469000001,0.6332688928,0.6384148002000001,0.6129097342000001,2.0811958313,53.80567932100001,0.487161845,0.0,130.7565155,41.969146729,0.0,65000.0
1829,1569.3991968,12.986284256,0.6105672717,0.6200820208,0.5979520082,2.0737161636000003,51.009807587,0.4880746901,0.0,129.32676697,42.040100098,0.0,65000.0
1830,1569.5511968,12.985572815,0.5818032026,0.5933121443,0.5901556611,2.0553016663,49.583740234,0.48975837229999997,0.0,130.06411743,42.003105164000004,0.0,65000.0
1831,1569.7031968000001,13.006015778,0.5518993139,0.5635755062,0.5833631158,2.033144474,50.11058044399999,0.4947995543,0.0,131.44914246,41.876869201999995,0.0,65000.0
1832,1569.8551968,13.036170959000001,0.5268252492000001,0.5367598534,0.5733766556000001,2.0109364986,51.165554047,0.5036233664,0.0,134.87394714,41.763729095,0.0,65000.0
1833,1570.0071968,13.020924568,0.5211764574000001,0.5233360529,0.5626824497999999,1.9901007413999998,51.305496216,0.4935034811,0.0,139.19236755,42.001174927,0.0,65000.0
1834,1570.1591968,12.977544785,0.5383102298,0.5309115648,0.5520179868,1.9892907143,50.705631256000004,0.47062367200000005,0.0,140.88687134,42.177330016999996,0.0,65000.0
1835,1570.3111968,12.99028492,0.5562691092000001,0.5489487052,0.5433652401,2.0103304386,50.899585724,0.4627292454,0.0,137.59138489,42.182079315,0.0,65000.0
1836,1570.4631968,13.246963501,0.5751710534000001,0.5678761601,0.5382094383,2.031986475,51.952415466000005,0.46041929719999997,0.0,134.11775208,42.296764374,0.0,65000.0
1837,1570.6151968,13.824579239,0.5817245245,0.5789458156,0.5361465812,2.0542447566999997,53.046859741000006,0.4563057125,0.0,133.57383728,42.498538971,0.0,65000.0
1838,1570.7671968,13.596240997,0.5449085832,0.5601652861,0.5357000232,2.0758764744,53.645317078000005,0.4504149258,0.0,133.96131897,42.601203918,0.0,65000.0
1839,1570.9191968,13.065470695,0.49840795990000003,0.5176405311,0.5357548594,2.0841097831999997,53.194019318,0.4473130405,0.0,134.64173889,42.559509277,0.0,65000.0
1840,1571.0711968,13.200111389000002,0.510186255,0.5050609708,0.5370554924000001,2.0832719803,52.586658478000004,0.4424413145,0.0,134.56164551,42.534301758000005,0.0,65000.0
1841,1571.2231968,13.303776740999998,0.562889874,0.5414859056,0.5414133668,2.0908648968,52.090305328,0.432576865,0.0,133.6257019,42.495262146,0.0,65000.0
1842,1571.3751968000001,13.215858459000001,0.6064714193,0.5891195536,0.5511190891,2.1035218239,51.641262053999995,0.42647832630000004,0.0,132.18400574,42.387584686,0.0,65000.0
1843,1571.5271968,13.201948166,0.623072803,0.6167218089000001,0.5638309121,2.112334013,52.010456085,0.42795071009999996,0.0,129.26814270000003,42.367866516,0.0,65000.0
1844,1571.6791968,13.226324081,0.6127694249,0.6171700954,0.5751594901,2.114033699,52.24697876,0.432915628,0.0,127.21922302,42.353897095,0.0,65000.0
1845,1571.8311968,13.256926537,0.5924096107,0.6007956266,0.5837876797,2.1109557152000002,51.665100098,0.4372834861,0.0,126.11177826,41.885627747,0.0,65000.0
1846,1571.9831968,13.297476768,0.5854165554,0.5879024863000001,0.589319706,2.1063144207,51.366203308,0.443015486,0.0,126.0426178,41.428592682,0.0,65000.0
1847,1572.1351968000001,13.331912040999999,0.5812897086,0.582901895,0.5887746811,2.1019237041,51.41153335600001,0.4530433118,0.0,126.90500641,41.345054626,0.0,65000.0
1848,1572.2871968,13.34754467,0.5745232105,0.5772654414,0.5814588070000001,2.0927307606,50.752815247,0.4687053263,0.0,127.51715851,41.107837677,0.0,65000.0
1849,1572.4391968,13.351196289,0.5656996965,0.5691591501,0.572989881,2.0848169327,49.761672974,0.4840242267,0.0,128.36805725,41.160015105999996,0.0,65000.0
1850,1572.5911968,13.347049712999999,0.5567205547999999,0.5604820848,0.5673708916,2.0868523121,49.252101898,0.4938428104,0.0,129.03057861,41.369308472,0.0,65000.0
1851,1572.7431968,13.338806152,0.5477474332,0.5515986681,0.5631784797,2.0796873569,49.14315795899999,0.4965733886,0.0,130.00466919,41.570392609,0.0,65000.0
1852,1572.8951968000001,13.333314896,0.5341952443,0.5396444798,0.5583245158,2.0586242676,49.032062531,0.49621117119999997,0.0,132.31314087,41.704986571999996,0.0,65000.0
1853,1573.0471968,13.324935913,0.5175021290999999,0.5240053535,0.553448379,2.0386006832,48.655105591,0.498646915,0.0,136.52404785,42.046924591,0.0,65000.0
1854,1573.1991968,13.316522597999999,0.5087255239,0.5119802356,0.5511981845,2.0211367607,47.71628952,0.5000908971,0.0,139.37173462,42.212669373000004,0.0,65000.0
1855,1573.3511968,13.427322388,0.5152564049,0.5122006536,0.5511000156,2.0046532154,46.115520477,0.49099096659999997,0.0,139.04670715,41.954788208000004,0.0,99000.0
1856,1573.5031968,13.614982605,0.5331774354,0.5256713033,0.5496895313,2.002086401,45.290233612,0.4727264345,0.0,137.22677612,41.66753006,0.0,99000.0
1857,1573.6551968,13.577749252,0.536803484,0.5358015299000001,0.5441910028,2.0101571083,46.073936462,0.4548821747,0.0,135.21238708,41.521869659000004,0.0,99000.0
1858,1573.8071968,13.401595116,0.5253160596,0.5302195549000001,0.5359628797,2.0046274662,47.264259338,0.45322990420000003,0.0,134.29545593,41.247459412,0.0,99000.0
1859,1573.9591968,13.389915466,0.5114499927,0.517008543,0.5292218924000001,1.9839011431,47.240768433,0.472342521,0.0,134.81463623,41.064712524,0.0,99000.0
1860,1574.1111968,13.425034522999999,0.501065433,0.5052165985,0.5266492963,1.9623317719,47.08234024,0.4956051111,0.0,136.09371948,41.088096619,0.0,99000.0
1861,1574.2631968,13.386855125,0.4928711057,0.49608194829999996,0.5263566971,1.9628508090999999,47.655464171999995,0.5105670690999999,0.0,138.26298523,41.456573485999996,0.0,99000.0
1862,1574.4151968,13.371054649000001,0.4875592589,0.48969993,0.521999836,1.9946715832,47.886425018000004,0.5142682195,0.0,140.54895019999998,41.714157104,0.0,99000.0
1863,1574.5671968000001,13.382052422000001,0.4976295829,0.4931308031,0.5129969120000001,2.0260210037,47.682926178,0.5087454319,0.0,140.99043274,41.830463409000004,0.0,99000.0
1864,1574.7191968,13.443510056,0.5104768872,0.5052244663000001,0.5035091043,2.0393671989,47.234806061,0.4991643727,0.0,139.59771729,41.916156769000004,0.0,99000.0
1865,1574.8711968,13.480723380999999,0.5260877609000001,0.5196254849,0.49721652270000005,2.0460350513,46.871753693,0.4919008017,0.0,137.44366455,41.751663208000004,0.0,99000.0
1866,1575.0231968,13.399483681,0.5332651138000001,0.5308177471,0.4979356825,2.0475194454,46.10284042399999,0.48442861439999996,0.0,135.19688416,41.278705597,0.0,99000.0
1867,1575.1751968,13.302574157999999,0.5287489891,0.5312402843999999,0.5033546686,2.0455200672,44.805427551,0.4756803513,0.0,134.01086426,41.363903046,0.0,99000.0
1868,1575.3271968000001,13.246014595,0.5218945146,0.5248523950999999,0.5092335939,2.0475084782,43.847671508999994,0.47837013009999996,0.0,134.96572876,41.362323761,0.0,99000.0
1869,1575.4791968,13.263003349000002,0.5157808661,0.5180412531,0.5156874657,2.049025774,43.796813965,0.4861635566,0.0,135.17408752,41.32768631,0.0,99000.0
1870,1575.6311968,13.360502242999999,0.5262787938,0.5207704902,0.5177656412,2.0468595028,43.966918945,0.4804026484,0.0,134.23420715,41.467891693,0.0,99000.0
1871,1575.7831968,13.3560009,0.5401051043999999,0.5341077447,0.5106066465,2.0465965271,43.395759583,0.46892103549999997,0.0,131.5222168,41.164024353,0.0,99000.0
1872,1575.9351968,13.249578475999998,0.5411376953,0.5413153172,0.4982677698,2.0455534458,42.412559509,0.4615609646,0.0,128.68080139,41.088855743,0.0,99000.0
1873,1576.0871968000001,13.229821205,0.5367032885999999,0.5385295153,0.4854917526,2.0398654938,42.033500671,0.45864591,0.0,128.13905334,41.381473541,0.0,99000.0
1874,1576.2391968,13.261013985,0.5205745101,0.5275598764,0.47539499399999996,2.0341939926,42.477581024,0.4615748823,0.0,129.77409363,41.738510131999995,0.0,99000.0
1875,1576.3911968,13.29710865,0.501773417,0.5093887448,0.46769717340000005,2.0302674769999998,42.412548065,0.4656352103,0.0,132.17732239,41.887359619,0.0,99000.0
1876,1576.5431968,13.326981544,0.4836701751,0.4909169972,0.4610292017,2.0252194405,41.442710876,0.46757265929999997,0.0,133.46582031,41.932106018,0.0,99000.0
1877,1576.6951968,13.33330822,0.4665717185,0.4735323489,0.45543378590000005,2.0250251293,40.542022705,0.48213812710000004,0.0,133.9462738,42.155971527,0.0,99000.0
1878,1576.8471968000001,13.322842598,0.46061462159999994,0.4623617828,0.4508846104,2.0253801346,40.055049896,0.5056986809,0.0,134.3860321,41.922477721999996,0.0,99000.0
1879,1576.9991968,13.385357857,0.4760248065,0.4686698318,0.45143896340000006,2.0192828178,39.57144928,0.5184919238,0.0,133.75227356,41.788658141999996,0.0,99000.0
1880,1577.1511968,13.45508194,0.4907744229,0.48542761799999995,0.4571890831,2.0228919983,39.212207794,0.5283341408,0.0,132.24711609,41.761222839,0.0,99000.0
1881,1577.3031968,13.476587295999998,0.5013810396,0.4972746372,0.4632726014,2.0416464806,39.680171967,0.5397003889,0.0,130.76025391,41.586353302,0.0,99000.0
1882,1577.4551968,13.460022925999999,0.5080143213,0.5052438378,0.4694002569,2.0625731945,41.17773819,0.5438143015,0.0,129.66694641,41.242115021,0.0,99000.0
1883,1577.6071968,13.274820327999999,0.5140007138,0.5115267634,0.4757565856,2.0726492405,43.874752045,0.53210783,0.0,127.94820404,40.897624969,0.0,99000.0
1884,1577.7591968,13.10300827,0.5224748254,0.5189289451,0.4823824465,2.0722954273,46.154094696,0.5071086287,0.0,125.33439636,41.017906189,0.0,99000.0
1885,1577.9111968,13.063096045999998,0.5331096053000001,0.5287025571,0.4891070127,2.0672371387,46.781459808,0.4821774364,0.0,123.67314911,41.000999451,0.0,99000.0
1886,1578.0631968,13.079522133,0.5465531945000001,0.5409911871,0.49741902950000005,2.0609002113,46.889545441,0.4689629972,0.0,123.97103882,40.71849823,0.0,99000.0
1887,1578.2151968,13.11124897,0.5703935622999999,0.5599080324,0.5085929632,2.0533647537,46.672504425,0.4684175551,0.0,125.93917084,40.629734039,0.0,99000.0
1888,1578.3671968,13.139609337000001,0.5774597525999999,0.5758329034,0.5222457051,2.0374305248,45.817157745,0.4784198403,0.0,128.8997345,40.701713561999995,0.0,99000.0
1889,1578.5191968000001,13.191010475,0.5420292616,0.5592242479,0.54614079,2.0176296234,44.612106323,0.49563750619999997,0.0,132.19671631,40.899669646999996,0.0,99000.0
1890,1578.6711968,13.244866370999999,0.5144494176,0.5243957043,0.5830572248,2.0141501427,43.673156738,0.5050214529,0.0,130.55566406,41.115955353000004,0.0,99000.0
1891,1578.8231968,13.252245903,0.5774127841,0.5445187688,0.6219097376,2.0405743122,43.012702942,0.49418610329999996,0.0,123.79079437,41.186862946,0.0,99000.0
1892,1578.9751968,13.259625435,0.6480322479999999,0.6199877858,0.6549017429,2.0739245415000003,42.257705688,0.4716441631,0.0,118.59299469,41.144634247,0.0,99000.0
1893,1579.1271968,13.217484474,0.6610000134,0.6599593759000001,0.6608875394,2.0872781277000003,41.38501358,0.4434657097,0.0,117.76138306,41.01599884,0.0,99000.0
1894,1579.2791968000001,13.138430595,0.6264284849,0.6432555914,0.6352915168,2.0843918324,40.995479584,0.4245164692,0.0,119.42124939,40.829612732,0.0,99000.0
1895,1579.4311968,13.11989212,0.5971590877,0.6079019904,0.6037766337,2.0823168755,40.978782654,0.425375402,0.0,120.90610504,40.636295319,0.0,99000.0
1896,1579.5831968,13.116600037000001,0.5512347817000001,0.5712282658,0.575273633,2.0792856216,40.497245789000004,0.437282145,0.0,120.87692261,40.468509674,0.0,99000.0
1897,1579.7351968,13.116640090999999,0.5027716756,0.5216624140999999,0.5500181913000001,2.0688967705000003,39.324718475,0.4444097579,0.0,121.08648682,40.415294646999996,0.0,99000.0
1898,1579.8871968,13.123780251,0.4810899198,0.487538904,0.5256346464,2.0470871925,39.046520233,0.4427033365,0.0,122.49591827,40.352039337,0.0,99000.0
1899,1580.0391968000001,13.145212172999999,0.47879111770000005,0.47877356409999994,0.5050910115,2.0232417583,40.158428191999995,0.4469332099,0.0,124.03376770000001,39.86233139,0.0,99000.0
1900,1580.1911968,13.17141819,0.48688688869999996,0.482925266,0.48877480630000003,2.0043120384,41.479480743,0.4613341093,0.0,125.70444489,39.807983398000005,0.0,99000.0
1901,1580.3431968,13.241099358,0.49135741590000004,0.4898408055,0.4730177522,1.9920306206,43.416202545,0.4776414335,0.0,126.75870514,40.063526154,0.0,99000.0
1902,1580.4951968,13.340016365,0.49043324590000004,0.4908876121,0.459513396,1.9852370024000001,45.969600676999995,0.4837073386,0.0,126.38025665,40.382595062,0.0,99000.0
1903,1580.6471968,13.290742874000001,0.4884390235,0.48917767409999996,0.4495205879,1.9803487062,47.233226776,0.48312482240000004,0.0,125.58576965,40.673877716,0.0,99000.0
1904,1580.7991968000001,13.128472327999999,0.49578061700000003,0.4916987121,0.4430657923,1.9778512716,46.695644378999994,0.4895722568,0.0,125.94897461,40.956970215,0.0,99000.0
1905,1580.9511968,13.027245522000001,0.5073022246,0.5022608638,0.4436239302,1.9845113753999999,45.576942444,0.49878621100000003,0.0,126.99528503,41.025424957,0.0,99000.0
1906,1581.1031968,12.993041039000001,0.5022725463000001,0.5062394142000001,0.4540071785,1.9925279616999998,45.197631836000006,0.5050837398,0.0,128.37687683,40.906452179,0.0,99000.0
1907,1581.2551968,12.994523048,0.4938410223,0.49740421770000004,0.4686998129,2.0040683746,46.258026123,0.503052175,0.0,129.46351624,40.760139465,0.0,99000.0
1908,1581.4071968,13.003529549000001,0.503511548,0.49762582780000003,0.48642134670000003,2.0193464756,47.418731689,0.4911111295,0.0,129.58900452,40.685558319,0.0,99000.0
1909,1581.5591968,13.022367477000001,0.5222913027,0.5141636132999999,0.5103227496,2.0270030499000002,47.781143188,0.4712447226,0.0,129.59010315,40.645477295,0.0,99000.0
1910,1581.7111968,13.044769287000001,0.5422423482000001,0.5340588093,0.5357393622,2.0296430588,47.209209441999995,0.4561262429,0.0,127.95394897,40.554691315,0.0,99000.0
1911,1581.8631968,13.061262131,0.5553585290999999,0.5507029295,0.5631203651,2.030600071,46.726104736,0.4506291449,0.0,125.80039215,40.694652557,0.0,99000.0
1912,1582.0151968,13.075141907,0.5769249797,0.5673666596,0.5937997103,2.0310993195,46.242004395,0.44936043020000005,0.0,124.42208099,41.011192322,0.0,99000.0
1913,1582.1671968,13.094312667999999,0.6403456926,0.6103368402,0.6251481175,2.0372025967,45.39692688,0.4570004046,0.0,122.52920532,41.503456116,0.0,99000.0
1914,1582.3191968,13.11328125,0.6792955995000001,0.6677707434000001,0.6548815966,2.05555439,45.296321868999996,0.4602864385,0.0,120.8059845,42.019363403,0.0,99000.0
1915,1582.4711968000001,13.118844032,0.6635229588,0.6745210886,0.6808451414,2.0766408443,46.165756226000006,0.45769366619999996,0.0,121.67700958,42.103294373000004,0.0,99000.0
1916,1582.6231968,13.119334220999999,0.6209201813,0.6393736004999999,0.7023639083,2.080966711,47.022041321,0.4568651617,0.0,124.56590271,41.659832001,0.0,65030.0
1917,1582.7751968,13.126643180999999,0.6052803993,0.6076298952,0.7166879773,2.0620331764,46.970851898,0.4637178481,0.0,127.07243347,41.188907623,0.0,65030.0
1918,1582.9271968,13.168611526,0.6403124332,0.6213515400999999,0.7270171045999999,2.0328636169,47.140487671,0.4765963554,0.0,126.89096832,40.852455139,0.0,65030.0
1919,1583.0791968,13.26581955,0.6825442314,0.6663889885000001,0.7325814962,2.0168952942,47.960243225,0.4783133864,0.0,124.07832336,40.929847717,0.0,65030.0
1920,1583.2311968000001,13.32388401,0.7128655314,0.7023969889,0.7335585952,2.041410923,49.13924408,0.4625087082,0.0,120.22985077,41.246929169,0.0,65030.0
1921,1583.3831968,13.233451843,0.736132443,0.7273967862,0.7274350524,2.0956604481,50.147953033,0.439902842,0.0,116.62454987,41.50012207,0.0,65030.0
1922,1583.5351968,13.133621216,0.7522262931,0.74645859,0.7200964689,2.1302392483,50.07364273100001,0.42600968479999995,0.0,114.30158997,41.60401535,0.0,65030.0
1923,1583.6871968,13.083850860999998,0.761823833,0.7583918570999999,0.722637713,2.1474115849,49.016742706,0.42668530340000005,0.0,113.44032288,41.334178925,0.0,65030.0
1924,1583.8391968,13.073073387,0.7589199543,0.7612569331999999,0.7279229164,2.15325737,47.808589935,0.4369885921,0.0,113.09783173,40.972270965999996,0.0,65030.0
1925,1583.9911968000001,13.089603424000002,0.7418193817000001,0.7499874234,0.7330483198000001,2.1465258598,47.367477416999996,0.45000305770000004,0.0,113.23096466,41.249008179,0.0,65030.0
1926,1584.1431968,13.114663124000002,0.7273551226,0.732198894,0.7378668189,2.1377470493,47.98393631,0.45532211659999994,0.0,114.19453429999999,41.492858887,0.0,65030.0
1927,1584.2951968,13.135147095,0.7239999771,0.7238365412000001,0.7402799726,2.1456663609,48.69228363,0.4470426738,0.0,115.85801697,41.75875473,0.0,65030.0
1928,1584.4471968,13.162646294000002,0.7225698233,0.7232282757999999,0.7348095775,2.1582891941,48.30731582600001,0.4439408183,0.0,117.98715209999999,42.142616272,0.0,65030.0
1929,1584.5991968,13.207561493,0.7198631763,0.7212329506999999,0.7249539495,2.1551730633,47.191558838,0.4507937729,0.0,119.67961884,42.578384399,0.0,65030.0
1930,1584.7511968000001,13.267629623,0.7168706656,0.7179871202,0.713044405,2.133877039,45.982387543,0.4621478319,0.0,120.34742737,42.958972931000005,0.0,65030.0
1931,1584.9031968,13.336519241,0.7089304328,0.7126482725,0.6906006932,2.1120963097,44.706253052,0.4708825946,0.0,120.87730408,42.698623657,0.0,99000.0
1932,1585.0551968,13.410871506,0.6975464225,0.7024629712,0.6685589552000001,2.1025161743000003,43.536888123000004,0.4729899466,0.0,122.19997406,42.192245483,0.0,99000.0
1933,1585.2071968,13.503752708,0.6645308732999999,0.6810032129000001,0.6505758166,2.0923542976,42.501670837,0.4769996703,0.0,123.78224945,42.108253479,0.0,99000.0
1934,1585.3591968,13.610492705999999,0.6023602486,0.6301147342,0.6440851092000001,2.0693371296,41.467453003,0.4837119579,0.0,124.93984222,42.226890564,0.0,99000.0
1935,1585.5111968,13.622790337,0.5747329593,0.578666985,0.6476442814,2.0379457474000002,41.778381348,0.4864038825,0.0,127.19368744,42.304298401,0.0,99000.0
1936,1585.6631968,13.4211483,0.6177932620000001,0.5924007297,0.6451654434,2.0110886097,42.575973511,0.48600322009999997,0.0,129.03952026,42.15447998,0.0,99000.0
1937,1585.8151968,13.29269886,0.6788032651000001,0.6544163227,0.62668854,2.0019130707,42.091835022,0.4908926785,0.0,127.96402739999999,41.828575134,0.0,99000.0
1938,1585.9671968,13.269144058,0.6832245588,0.690207839,0.6103847027,2.0256533623,40.830741882,0.48372712729999995,0.0,125.26346588,41.465286255,0.0,99000.0
1939,1586.1191968,13.162722588,0.6543532014,0.6678315401,0.6064416765999999,2.0811522007,40.337093353,0.4673289359,0.0,122.22000122,41.112491608,0.0,99000.0
1940,1586.2711968,13.100216865999998,0.6200788617,0.6339616776,0.6120342611999999,2.120724678,41.490650177,0.4649096429,0.0,120.06376648,40.763786316,0.0,99000.0
1941,1586.4231968000001,13.106900215,0.5851666927,0.5989610553,0.5998370647,2.1125216484,41.750400543000005,0.4666765332,0.0,121.02575684,40.435775756999995,0.0,99000.0
1942,1586.5751968,13.140986443,0.5563679934,0.5664763451,0.5985566378,2.0760865211,41.117332458,0.467705518,0.0,123.37143707,40.243804931999996,0.0,99000.0
1943,1586.7271968,13.201648712,0.5412436128,0.5450600386,0.61420995,2.0327949524,40.82182312,0.4650000334,0.0,125.11983490000001,40.261806488000005,0.0,99000.0
1944,1586.8791968,13.305020332,0.5440555811,0.5406344532999999,0.6135573983,1.9971696138,40.955432892,0.4563930333,0.0,127.19153595,40.432296753,0.0,99000.0
1945,1587.0311968,13.557587624000002,0.5724722743,0.5574861765,0.6008728147,1.9746515751,40.306461334,0.45024842020000005,0.0,127.72828674,40.692710876,0.0,99000.0
1946,1587.1831968000001,13.92370224,0.615038991,0.5969047546,0.5931776762,1.9788560866999998,39.43586731,0.4545680285,0.0,124.97779083,40.911159515,0.0,99000.0
1947,1587.3351968,13.852403640999999,0.6612554789,0.6424989104,0.5892011522999999,2.0141999722,39.763004303,0.4533068836,0.0,120.48970032,40.996940613,0.0,99000.0
1948,1587.4871968,13.426292419000001,0.6962044239,0.6846274734000001,0.5858874917,2.0616953372999998,41.426696777,0.4382258058,0.0,116.12414551,41.248062134,0.0,99000.0
1949,1587.6391968,13.221932411,0.7046806216,0.7054768204999999,0.5819122791,2.0946481228000002,42.787387848,0.42010384799999995,0.0,113.03872681,41.569229125999996,0.0,99000.0
1950,1587.7911968,13.215061188,0.6678697467,0.6896530986,0.5758416653,2.1185276508,41.96843338,0.4256386757,0.0,112.37731171,41.853965759,0.0,99000.0
1951,1587.9431968000001,13.257486343,0.5999213457,0.6298483014,0.5722000003000001,2.1238718033,40.371887207,0.4468787014,0.0,115.12137604,42.162982940999996,0.0,99000.0
1952,1588.0951968,13.307730675,0.5511755943,0.5649986267,0.5723508596,2.1119840145,39.499359131,0.4671394229,0.0,120.20709229,42.499679565,0.0,99000.0
1953,1588.2471968,13.357018470999998,0.5441947578999999,0.5411420465,0.574418664,2.1047716141,40.568073273,0.4735782146,0.0,123.97257996,42.83782959,0.0,99000.0
1954,1588.3991968,13.502789497,0.5618766546,0.5528388022999999,0.5838541389,2.1073505878,41.207145691,0.4709769189,0.0,125.60308075,42.979930878000005,0.0,99000.0
1955,1588.5511968,13.845980644,0.5912532806,0.5777939558,0.6088892221,2.1068587303,40.227279663000004,0.47359773520000004,0.0,126.48124695,42.951137543,0.0,99000.0
1956,1588.7031968000001,14.055616379000002,0.6241694093,0.6107409,0.659316957,2.1070523262000003,38.473400116,0.49010157590000003,0.0,125.64153290000002,42.881813049,0.0,99000.0
1957,1588.8551968,13.772025108,0.694124341,0.6580713390999999,0.7255588174,2.1137416363,36.682754517,0.5116317868,0.0,122.40409851,42.810649872,0.0,99000.0
1958,1589.0071968,13.556383132999999,0.797616303,0.7531389594,0.7904565334,2.131521225,34.181129456,0.5044139624,0.0,117.7495575,42.748737335,0.0,99000.0
1959,1589.1591968,13.530451775,0.8760051727,0.851219058,0.8499376773999999,2.1677930355,33.248413086,0.48864778880000004,0.0,113.30789948,42.749538422,0.0,99000.0
1960,1589.3111968,13.565590858,0.9232347608,0.90702492,0.9015733004,2.189119339,35.23084259,0.46884289380000005,0.0,111.57928467,42.763893126999996,0.0,99000.0
1961,1589.4631968,13.604856491,0.930462718,0.934509933,0.948787272,2.1735603809,38.166362762,0.45264866950000004,0.0,111.93623352,42.602321625,0.0,99000.0
1962,1589.6151968,13.623532295,0.9328811169,0.9283094406,0.988966465,2.133156538,39.922775269,0.45859065649999997,0.0,111.27165985,42.548538208000004,0.0,99000.0
1963,1589.7671968,13.63698864,0.9731223582999999,0.9509915112999999,1.0290731192,2.1102447509999998,41.357723236,0.4654417932,0.0,109.66772461,42.692955016999996,0.0,99000.0
1964,1589.9191968,13.709547042999999,1.0278728008,1.0067296028000001,1.0607303381,2.1134562492,41.659435271999996,0.45816743369999996,0.0,108.71595764,42.845630646,0.0,99000.0
1965,1590.0711968,13.905513763,1.0356403589,1.0427879095,1.0514023304,2.1239950657,41.682289124,0.4477872849,0.0,109.24544525,42.966068268,0.0,99000.0
1966,1590.2231968,13.954234122999999,0.970783174,1.0070419312,0.9996520281,2.1349303722,41.295650482,0.44368860130000004,0.0,111.26109314,43.017383575,0.0,99000.0
1967,1590.3751968000001,13.951255798,0.8731203079000001,0.9132758379000001,0.9339003562999999,2.1477596759999997,42.150657654,0.4485085607,0.0,113.67309569999999,43.053859711,0.0,99000.0
1968,1590.5271968,13.771105766,0.7852060198999999,0.817925036,0.8782082795999999,2.1526231766,44.810005188000005,0.45186814670000003,0.0,115.59591675,43.159389496,0.0,99000.0
1969,1590.6791968,13.661587715,0.746711731,0.7530300020999999,0.8819874525,2.1454112530000002,46.262828827,0.4465457499,0.0,116.05744171,43.141727448000005,0.0,99000.0
1970,1590.8311968,13.633606911,0.7704169154,0.7521653175,0.9131191373,2.1421430111,47.831214905,0.4436849058,0.0,114.92797089,42.856781006,0.0,65030.0
1971,1590.9831968,13.681612015,0.8714797497,0.8175300956,0.9454052448,2.1444923878,49.026390076000006,0.4494278431,0.0,113.38179016,42.422252655,0.0,70000.0
1972,1591.1351968000001,13.746915817,1.0680353642,0.9734176397,0.9744633436,2.1558582783,47.029582977,0.4510943294,0.0,109.06360626,42.230209351,0.0,70000.0
1973,1591.2871968,13.804732323,1.284732461,1.2028193474,0.9885608554,2.1771962643,45.348506926999995,0.43532919880000004,0.0,102.52122498,42.124153137,0.0,70000.0
1974,1591.4391968,13.838957787,1.2315690517,1.3163752556000001,0.9895948768,2.2006752491,45.340923309,0.41339764,0.0,98.95574188200001,41.905719757,0.0,70000.0
1975,1591.5911968,13.857671737999999,1.0023834704999999,1.0952899456,0.9721011519,2.2265901566,46.064811707,0.3982283175,0.0,99.40627288799999,41.738536835,0.0,70000.0
1976,1591.7431968,13.870699883,0.863848567,0.8970129490000001,0.9385299683,2.2173862456999998,46.56098175,0.40225061770000003,0.0,103.54569244,41.755813599,0.0,70000.0
1977,1591.8951968000001,13.863236427,0.8007645011,0.8223755359999999,0.8810238838,2.1766867638,46.468978881999995,0.4269805253,0.0,109.84093475,41.602069855,0.0,70000.0
1978,1592.0471968,13.816665649,0.7540624142,0.7706376909999999,0.8202607632,2.153696537,46.078155518,0.4456816614,0.0,114.89913177,41.545322418000005,0.0,65030.0
1979,1592.1991968,13.760302544000002,0.7189851999,0.7317158579999999,0.7668734193000001,2.1452748775,45.92150116,0.44618111850000003,0.0,117.63864899,41.750442505,0.0,65030.0
1980,1592.3511968,13.812410355,0.7019503117,0.7049385309,0.722974062,2.1361241341,45.25231552100001,0.4474240839,0.0,118.86382294,41.888397217,0.0,65030.0
1981,1592.5031968,13.940975189000001,0.7335487008,0.7099659443,0.686311245,2.1321446896,44.68839263899999,0.4409060776,0.0,119.07775879,41.868236542,0.0,65030.0
1982,1592.6551968,13.971327782000001,0.7664518356000001,0.7606886029000001,0.6596755385,2.1444349289,44.397899628000005,0.4399133027,0.0,119.24306488,41.706451416,0.0,65030.0
1983,1592.8071968,13.952127457000001,0.7326353788,0.7597928047,0.6510989070000001,2.1516041756,43.499458313000005,0.44015026090000003,0.0,119.18175507,41.470798492,0.0,99000.0
1984,1592.9591968,13.929161072000001,0.6751728654000001,0.6945517063,0.6565309167,2.1563098431,42.656822205,0.44466671350000003,0.0,118.09855652,41.308643341,0.0,99000.0
1985,1593.1111968,13.91189003,0.6647385954999999,0.6578844786,0.6769918203,2.1593716145,41.242286682,0.44926112890000003,0.0,116.65650177,41.163265228,0.0,99000.0
1986,1593.2631968,13.91026783,0.694940865,0.6793876886,0.7283777595,2.152428627,39.396080016999996,0.4353623688,0.0,115.44425964,40.964042664000004,0.0,99000.0
1987,1593.4151968,13.942184447999999,0.7467126846,0.7224701643000001,0.7953417897,2.1399815083,38.194553375,0.41785556079999997,0.0,114.26377106,40.69083786,0.0,99000.0
1988,1593.5671968000001,13.98156929,0.8258263469,0.7889937758,0.8536362051999999,2.135083437,36.893367767,0.410600394,0.0,112.87055206,40.57006073,0.0,99000.0
1989,1593.7191968,14.008077620999998,0.9562860727,0.8932058811,0.8976656795,2.1303722858,35.499530792,0.41299140450000005,0.0,110.80651855,40.648666381999995,0.0,99000.0
1990,1593.8711968,13.992379189000001,1.1223849058,1.0546075106000001,0.9275573492,2.1209192276,34.172920227,0.4167193472,0.0,108.2281189,40.770202637,0.0,70000.0
1991,1594.0231968,13.972137450999998,1.2077882290000002,1.1991837025,0.9440594315999999,2.1097416878,33.259487152,0.413200289,0.0,104.25054932,40.891716003,0.0,70000.0
1992,1594.1751968,13.882678985999998,1.0980180501999999,1.1771290302,0.9457056522,2.0976660252,34.143672943,0.4125176668,0.0,96.86782074,40.843963623,0.0,70000.0
1993,1594.3271968000001,13.745820045,0.91498667,0.9783348440999999,0.9270230531999999,2.0896816254,36.176197052,0.4212331474,0.0,87.860229492,40.568286896,0.0,70000.0
1994,1594.4791968,13.589037895,0.7823298573,0.828176558,0.8777636886,2.0953834057,38.393283844,0.4399336278,0.0,85.063201904,40.426502228000004,0.0,70000.0
1995,1594.6311968,13.545054436,0.6841005683,0.7193726897,0.8044422865,2.0983834267,40.243198395,0.4503886402,0.0,93.667106628,40.469955444,0.0,70000.0
1996,1594.7831968,13.550372124,0.6193261743,0.6381264329,0.7258102298000001,2.096955061,41.489582062,0.440996021,0.0,106.54306793,40.606178284,0.0,70000.0
1997,1594.9351968,13.472970009,0.5835884809,0.5948576927,0.6471039653,2.0816442966,41.905044556,0.42894613740000004,0.0,116.95874786,41.041870116999995,0.0,99000.0
1998,1595.0871968000001,13.482059479,0.561440587,0.5683905482,0.5785397291,2.0587742329,41.097373962,0.42995613810000005,0.0,122.76522064,41.315227509,0.0,99000.0
1999,1595.2391968,13.532681465,0.5429595113,0.5501337647,0.5531328321,2.0354828835,39.905796050999996,0.4414989948,0.0,125.54409027,41.399578094,0.0,99000.0
2000,1595.3911968,13.548013687000001,0.5382061601,0.5353497863000001,0.5465205312,2.0226202011,39.353820801,0.4620450139,0.0,125.59246063,41.661296844,0.0,99000.0
2001,1595.5431968,13.558724403,0.580188632,0.5523887277,0.5628998876,2.0294847488,38.583202362,0.4853566885,0.0,123.1608429,41.925949097,0.0,99000.0
2002,1595.6951968,13.571591377,0.6623616815,0.6271784902,0.5876806378,2.0441796780000003,37.384262085,0.5008642673,0.0,119.86338806,42.156032562,0.0,99000.0
2003,1595.8471968000001,13.582091330999999,0.7080712318000001,0.7046290040000001,0.610629499,2.0539982319,36.909183502,0.4969166815,0.0,118.37632751,42.38325882,0.0,99000.0
2004,1595.9991968,13.588784217999999,0.690939486,0.7050992845999999,0.6269150971999999,2.0521874428,35.985801697,0.49179434780000003,0.0,117.91900635,42.457698822,0.0,99000.0
2005,1596.1511968,13.642687797999999,0.6622374058,0.6706531048,0.6369709373,2.0481219291999997,34.108909607,0.4980636835,0.0,118.75841522,42.415084839,0.0,99000.0
2006,1596.3031968,13.859199524000001,0.6555716991,0.6529734731,0.6433312297,2.0341389179,32.390148163,0.5044517517,0.0,121.51634216,42.400020599,0.0,99000.0
2007,1596.4551968,14.020187378,0.655446887,0.6576435566,0.6463458538,2.0298907756999998,31.946485519,0.49515679479999997,0.0,121.77944946,42.466983795,0.0,99000.0
2008,1596.6071968,13.943067550999999,0.6408914924,0.6491720676,0.649546802,2.0525517464,32.112773895,0.4940433204,0.0,121.52003479,42.670360565,0.0,99000.0
2009,1596.7591968,13.932079315,0.6184476614,0.6278572083,0.6529212594,2.0549511909000002,32.960834503,0.48634639380000005,0.0,123.56343079,42.81955719,0.0,99000.0
2010,1596.9111968,14.03325367,0.5980068445000001,0.6056039929,0.6574980021,2.0414619446,33.97693634,0.47655743359999997,0.0,125.56130219,42.627655029,0.0,99000.0
2011,1597.0631968,14.009858131,0.5840303302000001,0.5884345174,0.6675602198,2.0355482101,34.899860382,0.4884335697,0.0,126.66880798,42.272914886,0.0,99000.0
2012,1597.2151968,14.288678169,0.5849316715999999,0.580575645,0.6871373653,2.0546267033000003,35.879867554,0.5021473765,0.0,124.12557983,42.174877167,0.0,99000.0
2013,1597.3671968,14.188957214,0.6249241829,0.5971900821,0.7024966478,2.0949835777000003,37.7149086,0.5052842498,0.0,118.69326782,42.327346802,0.0,99000.0
2014,1597.5191968000001,14.089236259000002,0.7069430946999999,0.6687464714,0.7208178639,2.1363391876,37.914463043000005,0.4924484789,0.0,115.77030182,42.552204132,0.0,99000.0
2015,1597.6711968,13.987364769000001,0.7968529462999999,0.7635557055,0.7387815118000001,2.1583042144999998,37.031745911,0.47202292079999997,0.0,117.03516388,42.657680511,0.0,99000.0
2016,1597.8231968,13.871673584000002,0.8283917308,0.8377026320000001,0.757979393,2.1603581905,36.235328674,0.4538925886,0.0,120.18752289,42.559932709,0.0,99000.0
2017,1597.9751968,13.853107452,0.7707827091,0.8074701428,0.7868707776,2.1461644173,35.612682343,0.4492157996,0.0,122.61396027,42.571510315,0.0,99000.0
2018,1598.1271968,13.870560646,0.7310888767,0.7241346240000001,0.7966586351,2.12434268,34.318199158,0.4593511522,0.0,122.0370636,42.796634674,0.0,99000.0
2019,1598.2791968000001,13.933170319,0.7657575011,0.7447201014,0.7819662094,2.1108312607,33.153430939,0.46944665909999994,0.0,118.23757172,42.94657135,0.0,99000.0
2020,1598.4311968,14.142994881,0.7778488994,0.7898779511,0.7633501887,2.1106951237000002,32.246376038,0.4559550881,0.0,115.48207092,42.831478119,0.0,99000.0
2021,1598.5831968,14.068928719,0.7384019493999999,0.7574439645000001,0.7474942206999999,2.1205847263,31.588850021,0.43014547229999994,0.0,115.95034790000001,42.579540253000005,0.0,99000.0
2022,1598.7351968,13.983647346,0.7190861106,0.7144060731,0.7450608015000001,2.1365394591999998,31.829479218000003,0.4110588133,0.0,117.88208008,42.414546967,0.0,99000.0
2023,1598.8871968,13.961486815999999,0.7474120259,0.7296537161,0.7491447926000001,2.1420404911,32.937679291,0.4108872414,0.0,120.04325104,42.167655945,0.0,99000.0
2024,1599.0391968000001,14.016042709,0.7696857452,0.7713958025,0.7573437095000001,2.1348598003,34.532764435,0.4166978896,0.0,121.36183929,41.651584625,0.0,99000.0
2025,1599.1911968,14.193144797999999,0.7568764091,0.7655685543999999,0.7643030881999999,2.1249604225,35.361972809,0.42186343670000004,0.0,121.07558441,41.293708801,0.0,99000.0
2026,1599.3431968,14.176086426,0.7527782320999999,0.7460639477,0.7713478208,2.1178109646000003,36.57781601,0.4341981113,0.0,119.61568451,41.384654999,0.0,99000.0
2027,1599.4951968,14.111189842,0.7797391415,0.7639418244,0.7861818670999999,2.1112380028,36.872932434,0.4431750178,0.0,118.02947998,41.585578918,0.0,99000.0
2028,1599.6471968,14.087116240999999,0.8426052331999999,0.8067164420999999,0.8054917455,2.1069846153,35.404434204,0.4300348461,0.0,116.66683197,41.654949188,0.0,99000.0
2029,1599.7991968000001,14.082010269000001,0.9348068237,0.8977965712999999,0.8241123557,2.1103756428000002,34.301631926999995,0.4145403504,0.0,114.67614746,41.753311157,0.0,99000.0
2030,1599.9511968,14.045017242,0.9766146540999999,0.9833369851,0.839993,2.1121842861,34.554275513,0.41573646659999997,0.0,112.19410706,41.84425354,0.0,99000.0
2031,1600.1031968,13.977024078,0.9290180206,0.9603791832999999,0.8515027165000001,2.1201438904,35.877929688,0.42510947590000003,0.0,110.82870483,41.737598419,0.0,99000.0
2032,1600.2551968,13.935365677,0.8632442951,0.8818327785,0.8421606421,2.124710083,35.060287476,0.43809688090000004,0.0,111.08676147,41.491867065,0.0,99000.0
2033,1600.4071968,13.992083549,0.8264662623000001,0.836139977,0.8199076653,2.1102442741,33.440624237,0.4401087761,0.0,112.81953429999999,41.181865691999995,0.0,99000.0
2034,1600.5591968,14.121601105,0.7990272045,0.8117926121,0.7974686623,2.0843803883,33.749820709,0.4358202517,0.0,113.97422791,40.925842285,0.0,99000.0
2035,1600.7111968,14.244368553,0.7480124235,0.7776139379000001,0.7721988559,2.0732033253,34.890434265,0.4444555044,0.0,112.52697754,40.715187073,0.0,99000.0
2036,1600.8631968,14.307085037,0.6834331155,0.703766048,0.7462629676000001,2.0668241978,34.92987442,0.45170706509999997,0.0,113.84069824,40.54352951,0.0,99000.0
2037,1601.0151968,14.195761680999999,0.6858690381,0.6586439013000001,0.7233163118000001,2.0390229225,34.580310822,0.4552544057,0.0,118.19077301,40.632049561,0.0,99000.0
2038,1601.1671968,14.089267731,0.7627859116,0.7287648320000001,0.7140591145,2.0099945068,35.049762726,0.46427968140000003,0.0,121.86555481,40.921840668,0.0,99000.0
2039,1601.3191968,14.131829262,0.8160811067,0.8107799887999999,0.7200918794,2.0140149593,35.188182831,0.4855899811,0.0,122.96029663,41.178730011,0.0,99000.0
2040,1601.4711968000001,14.296699524000001,0.8082752228,0.8214724659999999,0.73225981,2.0395588875,34.546779633,0.5014393926,0.0,120.95082855,41.380729675,0.0,99000.0
2041,1601.6231968,14.316022873,0.7867456675,0.7885237335999999,0.744217813,2.0604081154,33.807983398000005,0.49837985630000003,0.0,118.25461578,41.37796402,0.0,99000.0
2042,1601.7751968,14.142045975,0.7829230428,0.7844330072,0.7559630870999999,2.0659251213,34.217273712,0.48144117,0.0,116.99800873,41.214878082,0.0,99000.0
2043,1601.9271968,14.072246552000001,0.7808256148999999,0.7804265618,0.7720380425,2.0554184913999998,34.139434814,0.4779611826,0.0,116.45743561,41.051753998,0.0,99000.0
2044,1602.0791968,14.045460701,0.784460485,0.7824628949,0.7898985744,2.0567810535,32.956264495999996,0.482558459,0.0,114.04896545,40.740558624,0.0,99000.0
2045,1602.2311968000001,13.996582030999999,0.7912600040000001,0.7881678939,0.8078429103,2.0550041199,33.739078522,0.4877976179,0.0,110.11215973,40.499610901,0.0,99000.0
2046,1602.3831968,13.919518470999998,0.8024814725,0.796689868,0.8257185221,2.0431120396,34.538455963000004,0.4874587953,0.0,106.30453491,40.29460144,0.0,99000.0
2047,1602.5351968,13.870464325,0.8212761283,0.8123624920999999,0.8463870287,2.045239687,35.731006621999995,0.48025807740000004,0.0,100.57135773,40.108226776,0.0,99000.0
2048,1602.6871968,13.820344925,0.8494263887000001,0.8357147573999999,0.8789297937999999,2.0600042343,36.481388091999996,0.46458882090000003,0.0,89.812713623,39.966129303,0.0,99000.0
2049,1602.8391968,13.687252045,0.891695857,0.8713057041,0.9507098198,2.0701730251,37.182243346999996,0.43767130369999996,0.0,76.645362854,39.941036224,0.0,99000.0
2050,1602.9911968000001,13.579229355,0.9637286663,0.922647655,1.0694164038,2.0925898552,38.11233139,0.41909113530000003,0.0,69.563827515,40.12663269,0.0,70000.0
2051,1603.1431968,13.509002685999999,1.0939341784,1.0253614187,1.1929140091,2.1297330856,39.013336181999996,0.41473078729999996,0.0,70.60382843,40.452983855999996,0.0,70000.0
2052,1603.2951968,13.502988815,1.3105726242,1.1980272532,1.3676078319999998,2.1784996986,40.60030365,0.4013377726,0.0,75.619247437,40.700199127,0.0,70000.0
2053,1603.4471968,13.497437477,1.6368486881,1.4857884645,1.4920511246000001,2.235881567,42.031532288,0.3527123332,0.0,82.047142029,40.945423126,0.0,70000.0
2054,1603.5991968,13.491887092999999,1.7653173208000001,1.8624209165999999,1.5257925987,2.2667253016999998,41.903102875,0.33496996760000003,0.0,89.24848938,41.32950592,0.0,70000.0
2055,1603.7511968000001,13.508302689,1.4948055744,1.5942620039,1.4720816612,2.2416622639,43.352119446,0.36210379,0.0,95.482116699,41.707275390999996,0.0,70000.0
2056,1603.9031968,13.544927597000001,1.298525095,1.3514586687,1.3622158765999999,2.2060477734,46.098743438999996,0.3882543445,0.0,100.44500732,41.920204163,0.0,70000.0
2057,1604.0551968,13.640361786,1.188180089,1.2240920067,1.2688528299,2.1953356266,48.161201477,0.3831339478,0.0,103.72484589,41.82421875,0.0,70000.0
2058,1604.2071968,13.727910042000001,1.1227654219,1.1378371716,1.1757410765,2.2008457184,48.64566803,0.37481954689999997,0.0,104.93404388,41.638175964,0.0,65030.0
2059,1604.3591968,13.759930611,1.0913543701000001,1.1047035456,1.0827481747,2.1941018105000003,49.093837738000005,0.3931573033,0.0,105.31065369,41.627815247,0.0,65030.0
2060,1604.5111968,13.783173561,1.0511723757,1.070481658,1.0141414404,2.1799528599,49.07870483399999,0.4111340046,0.0,107.13574982,41.708507538,0.0,65030.0
2061,1604.6631968,13.834726334,0.9962695837000001,1.0209896564,0.9606909156,2.1686775684,48.515720367,0.4135359228,0.0,109.78872681,41.751194,0.0,65030.0
2062,1604.8151968,13.906142235,0.9187951087999999,0.9588082433,0.9087149501,2.1537549496,47.74698257399999,0.40945804119999996,0.0,113.61952209,41.669525146,0.0,65030.0
2063,1604.9671968,13.965977669,0.8321279287000001,0.8572329879,0.8847940564,2.1285033226,46.261199951,0.4157384336,0.0,118.00417328,41.276679993,0.0,65030.0
2064,1605.1191968,14.024147987000001,0.7837339640000001,0.7998430729000001,0.8875401615999999,2.1087243556999997,44.750534058,0.4283573627,0.0,117.06751251,41.141792296999995,0.0,65030.0
2065,1605.2711968,14.059281349,0.7710360289,0.7622367144,0.8883689642,2.0979614258000003,43.237659453999996,0.4282310605,0.0,112.36795044,41.082344055,0.0,99000.0
2066,1605.4231968000001,14.082156180999998,0.8326808809999999,0.7901549935,0.8649466634,2.0852966309,41.468601227,0.423528403,0.0,108.63732147,41.051654815999996,0.0,99000.0
2067,1605.5751968,14.099071503,0.9504145979999999,0.9028883576000001,0.8147609234000001,2.0722501278,39.328227997,0.4073337913,0.0,107.28132629,41.34444046,0.0,99000.0
2068,1605.7271968,14.114215850999999,1.0120172501,1.0189609528,0.7622365354999999,2.0756766796,38.368480682,0.38933983450000004,0.0,107.32279968,41.714015961,0.0,99000.0
2069,1605.8791968,14.129270554000001,0.8982769847,0.9807711840000001,0.7365350127,2.0720252991,39.384708405,0.401819855,0.0,108.52166748,42.088481903,0.0,99000.0
2070,1606.0311968,14.143204689000001,0.7051186562,0.7503349184999999,0.7556579112999999,2.0527563095,40.815670013,0.4303171635,0.0,110.91223907,42.302455902,0.0,99000.0
2071,1606.1831968000001,14.154994965,0.6579120159,0.6524862647,0.7770106792,2.0376915932,41.833759308000005,0.4491974413,0.0,113.36257172,41.997489929000004,0.0,99000.0
2072,1606.3351968,14.161980629,0.7130925655,0.6792544127,0.8129854798,2.0261130333,41.312107086,0.45030000810000004,0.0,114.35523224,41.8878479,0.0,99000.0
2073,1606.4871968,14.142683029,0.8155334592,0.7700784206,0.8499677777,2.046705246,40.927742004,0.440862149,0.0,113.76052094,42.028411865,0.0,99000.0
2074,1606.6391968,14.113801956,0.9378908277,0.8866643906,0.8863296509,2.0784010887,40.904247284,0.43973395229999995,0.0,112.89739227,41.967891693,0.0,99000.0
2075,1606.7911968,14.212239265,1.054685235,1.0164160728,0.9145368934,2.1091244221000003,41.070983887,0.42724964020000006,0.0,111.10377502,41.811378479,0.0,99000.0
2076,1606.9431968000001,14.307391167,1.1100552082,1.1054064035,0.9386509657,2.1279828548,41.489089966,0.415270865,0.0,109.39817047,41.832935333,0.0,99000.0
2077,1607.0951968,14.292128563,1.0705866814,1.1028313637,0.9407695531999999,2.1339190006,42.224681854,0.4266868234,0.0,106.70523071,41.696601868,0.0,99000.0
2078,1607.2471968,14.33001709,0.9684894681,1.0093967915000002,0.922093451,2.1248085499,43.106895447,0.4295429885,0.0,104.2502594,41.484012604,0.0,99000.0
2079,1607.3991968,14.32668972,0.8687294722,0.908012569,0.9122267365000001,2.1316297054,44.431045532,0.42197832469999996,0.0,104.96390533,41.281822205,0.0,99000.0
2080,1607.5511968,14.317396164000002,0.7839550972,0.8106482625,0.9114999771,2.1417374611,47.624771118000005,0.41635221240000003,0.0,105.77639008,41.106479645,0.0,99000.0
2081,1607.7031968000001,14.276387215,0.7330766320000001,0.7498574256999999,0.9031832218000001,2.1362938881,51.217506408999995,0.41571721429999997,0.0,107.69295502,41.10748291,0.0,99000.0
2082,1607.8551968,14.220220565999998,0.7066884637,0.7109217048,0.8750715852,2.1229467391999997,54.591724396000004,0.41779518130000004,0.0,112.58092499,41.410964966,0.0,99000.0
2083,1608.0071968,14.192565918,0.71496135,0.7062370777,0.8293314576,2.1108875275,57.617050171,0.4244512022,0.0,117.08690643,41.748867035,0.0,99000.0
2084,1608.1591968,14.167205810999999,0.7441861033,0.732544601,0.7728353143000001,2.1060869694,62.57434082,0.42582452299999995,0.0,118.41518402,42.020706177,0.0,65000.0
2085,1608.3111968,13.943580627000001,0.7653036714,0.7619475126,0.7195248604000001,2.1116616726,67.573677063,0.4135247171,0.0,117.20904541,42.236782074000004,0.0,65000.0
2086,1608.4631968,13.778999329000001,0.7488493323000001,0.7657003403,0.673345089,2.1124799252,71.60730743399999,0.3989652097,0.0,117.57373047,42.43132782,0.0,65000.0
2087,1608.6151968,13.723978042999999,0.6890076995000001,0.7147940993,0.6370111704,2.0953483582,74.75660705600001,0.4005531669,0.0,120.07082367,42.407047272,0.0,65000.0
2088,1608.7671968,13.7374897,0.6254478693,0.6492128372,0.6053859590999999,2.0697715282,75.52455139199999,0.4178158343,0.0,122.54376984,42.253482819,0.0,65000.0
2089,1608.9191968,13.782180786,0.5745697618,0.5919423103,0.5740699172,2.0401303768,74.004920959,0.4392603338,0.0,124.22925568,42.126831055,0.0,65000.0
2090,1609.0711968,13.834454535999999,0.5458389521,0.5516462921999999,0.5469448565999999,2.0172374249000002,70.240242004,0.4559243023,0.0,125.94836426,42.078937531,0.0,65000.0
2091,1609.2231968,13.871890067999999,0.5493310094,0.5440280437,0.5338840485,2.0282878876,64.809135437,0.46045082810000004,0.0,129.96943665,42.077346802,0.0,65000.0
2092,1609.3751968000001,13.900327682,0.5749731064,0.5625412464,0.5218017101,2.0483217239,61.603794098,0.45451575520000004,0.0,132.32412720000002,42.122505188000005,0.0,65000.0
2093,1609.5271968,13.940903664,0.6050843596,0.5954339504,0.5139603615,2.0643732548,60.463535308999994,0.4475249946,0.0,131.65248108,42.208572388,0.0,65000.0
2094,1609.6791968,14.013204575,0.6126869917000001,0.61507231,0.5092289447999999,2.0713906288,60.174560547,0.4476677775,0.0,129.63533020000003,42.298683167,0.0,65000.0
2095,1609.8311968,14.128847122,0.5901239514,0.6008908749,0.5079985261,2.0786762238,60.273082733,0.4524472058,0.0,129.43638611,42.392742157,0.0,65000.0
2096,1609.9831968,14.242965697999999,0.5598526000999999,0.5712288618,0.5078999996,2.0799496174,62.387310028,0.4604456127,0.0,132.63780212,42.441001891999996,0.0,65000.0
2097,1610.1351968000001,14.369451523,0.534198463,0.5446404219,0.5041524768,2.0664913654,62.583892821999996,0.4691694081,0.0,138.88314819,42.385608673,0.0,65000.0
2098,1610.2871968,14.624063492000001,0.5100690125999999,0.5196577907,0.4972551167,2.052331686,62.184070587,0.4727336764,0.0,143.62379456,42.243289948000005,0.0,65000.0
2099,1610.4391968,15.20561409,0.49026551840000004,0.49717006090000004,0.4930950105,2.0429639816,62.796131134,0.48323470350000003,0.0,145.09700012,41.967376709,0.0,65000.0
2100,1610.5911968,15.383281708,0.47947141530000004,0.48193332549999995,0.4993380308,2.0309154987,64.425933838,0.4899830818,0.0,143.98855591,41.666889190999996,0.0,65000.0
2101,1610.7431968,15.443628311,0.48270577189999997,0.47888082270000004,0.5040158033,2.0240347385,65.77689361600001,0.483912766,0.0,142.78633118,41.470947265999996,0.0,65000.0
2102,1610.8951968000001,15.582613945,0.5022152662,0.4938960671,0.5082058907,2.031699419,65.11184692399999,0.4921580255,0.0,142.30177307,41.54189682,0.0,65000.0
2103,1611.0471968,15.404604912,0.5246101022,0.5163353086,0.5113667846,2.052179575,62.306587218999994,0.49797797200000005,0.0,142.66775513,41.673885345,0.0,65000.0
2104,1611.1991968,15.221329689000001,0.5400292873,0.5353992581,0.5124825835,2.0670890808,61.032901763999995,0.4926421344,0.0,143.74766541,41.91835022,0.0,65000.0
2105,1611.3511968,15.028774260999999,0.5452475548,0.5450723171,0.5144706368,2.0663790703,60.254253387,0.48760366439999997,0.0,144.12280273,42.072776794,0.0,99000.0
2106,1611.5031968,14.869245529,0.5410131812,0.5434171557,0.517937243,2.0536053181000002,58.550914764,0.48274526,0.0,144.62512207,41.886096954,0.0,99000.0
2107,1611.6551968,14.833299637,0.5308266878,0.5359656214999999,0.5207832456,2.0513999462,56.155769348,0.4823382497,0.0,145.39802551,42.004852295,0.0,99000.0
2108,1611.8071968,15.10850811,0.513864994,0.5204580426,0.5188403725999999,2.0529170036,54.523643494,0.4880462289,0.0,146.89167786,42.206077576,0.0,99000.0
2109,1611.9591968,15.653159142,0.5007591844,0.5033462047999999,0.5142823458,2.0555529594,54.457035065,0.4974193573,0.0,150.59117126,42.403526305999996,0.0,99000.0
2110,1612.1111968,15.926006317,0.4992862344,0.5001813172999999,0.5065495372,2.0513105391999997,54.346576691,0.5069553852,0.0,154.07691956,42.469566345,0.0,99000.0
2111,1612.2631968,15.97683239,0.4941743016,0.4970939159,0.5009413958,2.0352027416,52.891613007,0.5083329678,0.0,154.9214325,42.22347641,0.0,99000.0
2112,1612.4151968,15.979999542,0.48313915729999996,0.4873469174,0.4998503625,2.0075697899000002,50.755599976000006,0.5007278919,0.0,153.94325256,41.931682587,0.0,99000.0
2113,1612.5671968000001,15.979999542,0.4749284983,0.4782815278,0.5055249929,1.9882459640999999,47.902496338,0.49405580759999995,0.0,152.92088318,41.682746887,0.0,99000.0
2114,1612.7191968,15.979999542,0.4664089382,0.46960693600000003,0.5125702024000001,1.986374855,45.123088837,0.4959764481,0.0,153.40130615,41.666824341,0.0,99000.0
2115,1612.8711968,15.979999542,0.4650473893,0.4627414346,0.5223737359,1.9887434244,44.634292603,0.49041703340000004,0.0,154.73358154,41.87065506,0.0,99000.0
2116,1613.0231968,15.979999542,0.4865472615,0.47605806590000005,0.5314289927,1.9782743454,45.52223205600001,0.4840068221,0.0,153.86831665,41.936698914000004,0.0,99000.0
2117,1613.1751968,15.979999542,0.5228795409,0.5068030357,0.5396345854,1.9605013132,46.603027344,0.47364437579999996,0.0,150.62731934,41.801944733,0.0,99000.0
2118,1613.3271968000001,15.979999542,0.5690498948,0.5504438281,0.5564439892999999,1.9655065536,48.064880371,0.4618875682,0.0,147.20565796,41.722015381,0.0,99000.0
2119,1613.4791968,15.982115746,0.6141417027,0.5995069146,0.5774773359,2.00467062,49.38104248,0.4583165944,0.0,145.23623657,41.890419006,0.0,99000.0
2120,1613.6311968,15.989984512000001,0.6349021792,0.6285196543,0.5964317917999999,2.052233696,49.966030121,0.45783770079999997,0.0,143.81419373,42.00056839,0.0,99000.0
2121,1613.7831968,15.870247841,0.639492929,0.640134871,0.6058836579,2.0881457328999997,50.053325653,0.45448473100000003,0.0,142.40368652,41.699325562,0.0,99000.0
2122,1613.9351968,15.219359398,0.6244370341,0.6319643855,0.6126208901,2.1048998833000003,51.330364227,0.45095893740000004,0.0,141.21531677,41.334365845,0.0,99000.0
2123,1614.0871968000001,14.802624702000001,0.5974979401,0.6081520319,0.6135786772,2.1045885086,52.367515563999994,0.45254921909999996,0.0,140.04045105,41.281768799,0.0,99000.0
2124,1614.2391968,15.021272659000001,0.5705631971,0.581276238,0.6118181347999999,2.0898845196,52.240062714,0.45398098229999995,0.0,139.03334045,41.468852997,0.0,99000.0
2125,1614.3911968,15.477247238,0.5490000248,0.5546736121,0.6090060472,2.0706796646,52.114742279,0.44853430990000004,0.0,139.03788757,41.781433105,0.0,99000.0
2126,1614.5431968,15.356416702,0.5517447591,0.5495386720000001,0.6037856936,2.0662226677,52.713455200000006,0.44423598049999996,0.0,140.32090759,41.962806701999995,0.0,99000.0
2127,1614.6951968,15.184331894000001,0.5651246904999999,0.560301125,0.5980024934,2.0615024567,53.46913147,0.45332920549999994,0.0,141.40022278,41.98841095,0.0,99000.0
2128,1614.8471968000001,15.071339607,0.5762888789,0.5716347098,0.5940341353,2.0549261569999997,53.125312805,0.4674377143,0.0,142.60571289,42.328746796,0.0,99000.0
2129,1614.9991968,15.325449944,0.5846851467999999,0.5835846066,0.5932999849,2.057751894,51.650669098,0.4642010629,0.0,143.92643738,42.550575256,0.0,99000.0
2130,1615.1511968,15.585638046,0.5778874159,0.5806269646,0.5932999849,2.0723223686,50.568901061999995,0.45574954149999997,0.0,143.68911743,42.432556152,0.0,99000.0
2131,1615.3031968,15.481653214000001,0.5733650327,0.5745640993,0.5925961733,2.0856974125,49.659500122,0.447565347,0.0,143.59942627,42.494686127,0.0,99000.0
2132,1615.4551968,15.593334197999999,0.5739192367,0.5747033358,0.5902950168,2.0933117866999997,49.15663147,0.4495421946,0.0,143.88827515,42.779651642,0.0,99000.0
2133,1615.6071968,15.447266579,0.5686455965,0.5700470805,0.5952970385999999,2.0946223736,48.999858856,0.45417588950000004,0.0,145.06486511,42.871166229,0.0,99000.0
2134,1615.7591968,15.710906982000001,0.5673496127000001,0.5672059059000001,0.6032508016,2.0883264541999997,48.595375061000006,0.4627900124,0.0,145.99768066,42.933662415,0.0,99000.0
2135,1615.9111968,15.937141418,0.5714065433,0.5689617395000001,0.6087286472,2.0759227276,48.231731415,0.47897419329999996,0.0,146.57424927,42.930198669,0.0,99000.0
2136,1616.0631968,15.981214523,0.5831696391,0.5797531604999999,0.6097230911,2.0661849975999997,49.263637543,0.48579216,0.0,146.82359314,42.552932739,0.0,99000.0
2137,1616.2151968,15.985743523,0.5829964876,0.5838734508,0.6070930957999999,2.0632798672,51.093658446999996,0.4783958793,0.0,147.2671814,41.916797638,0.0,99000.0
2138,1616.3671968,15.886785507,0.5770140886,0.579311192,0.6029389501,2.0710206032,52.443283081000004,0.47421947119999996,0.0,147.03042603,41.653621674,0.0,99000.0
2139,1616.5191968000001,15.928463935999998,0.5685993433,0.5733075738000001,0.5959608555,2.0825610161,52.617645264,0.4760604203,0.0,146.78521729,41.871265410999996,0.0,99000.0
2140,1616.6711968,15.986548424,0.547660768,0.5561218858,0.581887126,2.0891170502,51.418498993,0.4739933312,0.0,146.47143555,42.297794341999996,0.0,99000.0
2141,1616.8231968,15.98895359,0.5318794847,0.535448432,0.5649948716,2.0912075043000002,50.639984131000006,0.4727975428,0.0,147.19932556,42.280540466,0.0,99000.0
2142,1616.9751968,15.970206261,0.5424610972,0.5395143628,0.5607246757,2.0911989212,50.148040771000005,0.4781234264,0.0,148.34730530000002,42.222328186,0.0,99000.0
2143,1617.1271968,15.913870810999999,0.5459079146,0.5443770289000001,0.5657303333,2.0874960422999997,49.93567276,0.4759207666,0.0,148.20088196,42.590656281,0.0,99000.0
2144,1617.2791968000001,15.951948166,0.5517418981000001,0.5496372581,0.5693446397999999,2.080466032,50.147930145,0.4710098803,0.0,147.11860657,42.916866301999995,0.0,99000.0
2145,1617.4311968,15.992417335999999,0.5542479157,0.5545547009,0.5653779507,2.0828237534,49.893936157,0.47158917780000004,0.0,145.5861969,43.148899078,0.0,99000.0
2146,1617.5831968,15.994552612,0.5419970751,0.5472339988,0.5579331517,2.0936572552,49.484523773,0.4776954949,0.0,144.78677368,43.498901366999995,0.0,99000.0
2147,1617.7351968,15.931043625,0.5285930037,0.533937633,0.5539015532,2.0980103016,49.523921967,0.48256066439999995,0.0,145.24833679,43.608123778999996,0.0,99000.0
2148,1617.8871968,15.95456028,0.5206887722,0.5227732657999999,0.5558565259,2.0896189213,50.583583831999995,0.4768849909,0.0,145.10656738,43.186038971,0.0,99000.0
2149,1618.0391968000001,15.986991882,0.5262194276,0.5237753391,0.5594462752,2.0754003525,50.583072662,0.4691340029,0.0,143.56140137,42.954971313,0.0,99000.0
2150,1618.1911968,15.988064765999999,0.5354644656,0.5314003228999999,0.5638432503,2.0692021847,49.873306273999994,0.47372013329999996,0.0,142.13726807,42.741424561,0.0,99000.0
2151,1618.3431968,15.982505798,0.5464320183,0.5419462919,0.5688947439,2.0757706165000003,49.493362427,0.4763919115,0.0,140.95565796,42.659004210999996,0.0,99000.0
2152,1618.4951968,15.894043922,0.5575338602000001,0.5533638000000001,0.5741546154,2.0905003548,49.828926086,0.46624526380000003,0.0,139.99708557,42.818466187,0.0,99000.0
2153,1618.6471968,15.868572235,0.5694984197999999,0.564758718,0.5840760468999999,2.1014475822,50.376472473,0.4523301721,0.0,138.81546021,43.049491882,0.0,99000.0
2154,1618.7991968000001,15.93620491,0.5814701319,0.5765636563000001,0.5974075794,2.1031057834999998,51.022045135,0.4351435304,0.0,137.72869873,43.071407318,0.0,99000.0
2155,1618.9511968,15.911147117999999,0.5915217996000001,0.5883139372,0.602091074,2.1019370556,52.23002243,0.4307191372,0.0,137.3896637,42.776027679,0.0,99000.0
2156,1619.1031968,15.495000839000001,0.5870623589,0.5887333751,0.598745048,2.10790658,52.800930023,0.4422515333,0.0,137.85432434,42.963077545,0.0,99000.0
2157,1619.2551968,15.294798851,0.5795429945,0.5818893313,0.5925887227000001,2.1122558117,51.910400391,0.45655083659999995,0.0,138.33020019999998,43.020721436,0.0,99000.0
2158,1619.4071968,15.183503150999998,0.5756642818,0.5766835213,0.5822350383,2.1045348644,50.826366425,0.4657639563,0.0,138.68780518,42.873184204,0.0,99000.0
2159,1619.5591968,14.957642555,0.5726732612,0.5737995505,0.5702977777,2.0967781544,51.387268066000004,0.4703089595,0.0,139.05250549,42.852813721,0.0,99000.0
2160,1619.7111968,14.959969521,0.5695736408,0.5705583096,0.5583276153,2.0949292183000003,52.130317688000005,0.4724296629,0.0,139.86395264,43.090003967,0.0,99000.0
2161,1619.8631968,15.197052955999999,0.5651710629,0.5667552948,0.5502958297999999,2.095533371,52.34370040899999,0.4804303646,0.0,140.00109863,43.342708588,0.0,99000.0
2162,1620.0151968,15.049271584000001,0.5571898222,0.5604129434,0.5486803651,2.0946784019,52.030967712,0.48724496359999997,0.0,139.89358521,43.630950928000004,0.0,99000.0
2163,1620.1671968,15.056183815,0.5484272242,0.552472651,0.5518732071,2.0882630347999998,51.204521179,0.4854474068,0.0,140.34342957,43.496574402,0.0,99000.0
2164,1620.3191968,15.215589523,0.5321751833,0.5388696789999999,0.5561912656,2.0825695991999997,50.977134705,0.4771130979,0.0,139.9032135,43.231456757,0.0,99000.0
2165,1620.4711968000001,15.212590217999999,0.5149999857,0.5206916332,0.560480535,2.0830714703,52.350563048999994,0.4695252478,0.0,139.18939209,43.135204315,0.0,99000.0
2166,1620.6231968,15.560216904,0.5161794424,0.5153523088,0.5647684336,2.0876967907,53.828681946,0.4715039432,0.0,138.93751526,43.474197388,0.0,99000.0
2167,1620.7751968,15.376081467,0.529060781,0.5237851739,0.5690576434000001,2.099098444,55.04775238,0.47192433479999996,0.0,138.69973755,43.82949829100001,0.0,99000.0
2168,1620.9271968,14.821056365999999,0.5410249829,0.5357888341,0.5733456015999999,2.1067197322999998,55.24124527,0.4692449272,0.0,139.84765625,43.627048492,0.0,99000.0
2169,1621.0791968,15.037726402,0.5539110899,0.5477901696999999,0.5755190253,2.1056065559,54.939071655,0.4695285261,0.0,140.10676575,43.381778716999996,0.0,99000.0
2170,1621.2311968000001,15.301503181,0.5769223571000001,0.5677772164,0.5737928748,2.1140518188,55.514064788999995,0.4693523049,0.0,138.41613769999998,43.282619476,0.0,99000.0
2171,1621.3831968,15.138624191,0.5989999771,0.5907725096,0.5760505795,2.1301124096,57.099060058999996,0.4684582353,0.0,136.05583191,43.437286377,0.0,99000.0
2172,1621.5351968,15.186845779,0.5988504291,0.5985046625,0.58259058,2.129193306,58.518260956000006,0.4739998877,0.0,134.93663025,43.397556305,0.0,99000.0
2173,1621.6871968,14.880648613,0.5959854125999999,0.5970874429,0.5816405416,2.1191794872,59.365760803,0.4846611023,0.0,135.99920654,43.159248352,0.0,99000.0
2174,1621.8391968,14.571743965,0.5819579363,0.5875948071,0.5679466128,2.1129205227,59.032577515,0.4945266843,0.0,135.95451355,43.188278198,0.0,99000.0
2175,1621.9911968000001,14.622296333,0.5670597553,0.5728306174000001,0.5497301221,2.1028311253,57.921482086000005,0.5064356923,0.0,134.49398804,43.174537658999995,0.0,99000.0
2176,1622.1431968,14.722809792,0.552139461,0.5585653186,0.5327051878,2.0886681080000002,56.557975768999995,0.5039246678,0.0,132.60095215,42.966259003000005,0.0,99000.0
2177,1622.2951968,14.803215981,0.5232667327,0.5347494482999999,0.5171447396,2.0845599174,55.06223678600001,0.4810171425,0.0,132.72674561,43.473178864,0.0,99000.0
2178,1622.4471968,15.07435894,0.4957484603,0.5068433285,0.5049486756,2.0902719498,54.19235611,0.45989695189999996,0.0,135.17816162,43.566387176999996,0.0,99000.0
2179,1622.5991968,15.504245758,0.4756039083,0.4835225046,0.5038592815,2.0888001919,52.740566253999994,0.4516063631,0.0,139.26043701,43.329845428,0.0,99000.0
2180,1622.7511968000001,15.798332214,0.46932572130000005,0.47175490859999997,0.5063112974,2.0781021118000003,50.249565125,0.4562485814,0.0,141.86038208,43.503391266,0.0,99000.0
2181,1622.9031968,15.914608002000001,0.47561526299999995,0.4732403755,0.5032548904,2.065007925,48.319221497,0.46851277350000003,0.0,142.36317444,43.66300201399999,0.0,99000.0
2182,1623.0551968,15.958640099,0.4876366854,0.4829508364,0.49442720409999996,2.0524897575,46.474369048999996,0.47301095719999997,0.0,140.6206665,43.573917388999995,0.0,99000.0
2183,1623.2071968,15.975468635999999,0.5005515218,0.4952991307,0.48669725659999996,2.0480709076,46.449672699,0.4713151157,0.0,138.16601563,43.273277283,0.0,99000.0
2184,1623.3591968,15.948511124000001,0.5124366879,0.5077096224000001,0.48302096130000005,2.0661344528,47.793582916000005,0.4650982916,0.0,137.75631714,43.136711121000005,0.0,99000.0
2185,1623.5111968,15.926065445,0.5221626163,0.5184388757,0.48751443619999996,2.0974576472999997,48.578083038,0.4590266049,0.0,137.72941589,43.65681076,0.0,99000.0
2186,1623.6631968,15.925451279,0.5260767341,0.5244234204,0.5007677674000001,2.1083159447,49.090606689,0.462657094,0.0,136.43542480000002,43.666599274,0.0,99000.0
2187,1623.8151968,15.948742867,0.5286712646,0.5275779366,0.5189186931,2.1012866497,48.924938202,0.47147834299999997,0.0,133.89956665,43.425380706999995,0.0,99000.0
2188,1623.9671968,15.945363045,0.5475948453,0.5399837493999999,0.5423800349,2.0988016129,49.766803741000004,0.47385135289999997,0.0,130.65246582,43.267044067,0.0,99000.0
2189,1624.1191968,15.721713066,0.5656303167,0.5585103631,0.568158567,2.1046674252,50.960754395,0.46699821950000003,0.0,128.17887878,43.120140076000006,0.0,99000.0
2190,1624.2711968,15.492501259,0.5865552425,0.5784875750999999,0.5933226943,2.1067588328999998,51.503871918,0.45570823549999995,0.0,127.09450531,43.058917998999995,0.0,99000.0
2191,1624.4231968000001,15.399982452,0.6063312888,0.5985097885,0.6152222157,2.1022634506,51.907512665,0.44895049929999997,0.0,126.78944397,43.021152496000006,0.0,99000.0
2192,1624.5751968,15.371284485,0.6188653708,0.613925159,0.6269059181000001,2.0951719284,52.179824829,0.451394856,0.0,126.35289764,43.029155731,0.0,99000.0
2193,1624.7271968,15.307085991,0.612798214,0.6152685881000001,0.6300815343999999,2.0869717598,52.018009186,0.4572314322,0.0,126.38198853,43.127681732,0.0,99000.0
2194,1624.8791968,15.134655952000001,0.6028115153,0.6065619588000001,0.6243937016,2.0836999416,52.742435455,0.45243018869999996,0.0,127.38289642,43.358753203999996,0.0,99000.0
2195,1625.0311968,14.889262199000001,0.5918662548,0.5962347984,0.6141505240999999,2.0939576626,54.208137512,0.4419576526,0.0,128.74642944,43.57294464100001,0.0,99000.0
2196,1625.1831968000001,14.595025063,0.5829645395,0.5867354274000001,0.6065533757,2.1090219021000003,54.503738403,0.4343699217,0.0,129.24337769,43.50168609600001,0.0,99000.0
2197,1625.3351968,14.298740387,0.5799808502,0.5809469818999999,0.6043000221,2.1037220955000002,54.781841278,0.43084305520000005,0.0,129.9994812,43.39144516,0.0,99000.0
2198,1625.4871968,14.125993729000001,0.5780130029,0.5785301328,0.6044818759,2.0826153755,55.301151276000006,0.43852588530000003,0.0,130.20910645,43.333427429,0.0,99000.0
2199,1625.6391968,14.162878035999999,0.5800084472,0.5790468454,0.6059882641,2.0654928684000002,55.541069031000006,0.44937208289999997,0.0,130.01429749,43.245239258000005,0.0,99000.0
2200,1625.7911968,14.373130798,0.5820142627,0.5810618401,0.6084622145,2.0599994659,55.301261902,0.4532605112,0.0,130.1958313,43.067169189,0.0,99000.0
2201,1625.9431968000001,14.704077720999999,0.5939871669,0.5889598131,0.6097991467,2.0641076565,54.17440414399999,0.4541581273,0.0,129.85862732,43.206851959,0.0,99000.0
2202,1626.0951968,14.914543152,0.6139175892000001,0.6055014729,0.6100000143,2.0768942833,52.76607132,0.44613629579999997,0.0,129.44233704,43.438041686999995,0.0,99000.0
2203,1626.2471968,15.006635666,0.6348659992,0.6261966825,0.6136784554,2.0906603336000003,51.890960693000004,0.43102580310000005,0.0,127.93428802,43.475765228,0.0,99000.0
2204,1626.3991968,14.969795227,0.6558019519,0.6474823356,0.6224025488,2.099398613,51.172050476,0.4215873182,0.0,126.58051299999998,43.441333771000004,0.0,99000.0
2205,1626.5511968,14.737892150999999,0.67774266,0.6687830686999999,0.6340498924,2.1054515839,50.290328978999995,0.4202055931,0.0,125.47846985,43.405418396,0.0,99000.0
2206,1626.7031968000001,14.514317513,0.6967349648000001,0.6886641979000001,0.6468102932,2.1132442951,49.556163788,0.4154898822,0.0,123.99641418,43.308364868000005,0.0,99000.0
2207,1626.8551968,14.392884254,0.6979830265000001,0.6975488067,0.660066247,2.1244418621000003,49.594287871999995,0.4103432894,0.0,122.46813202,43.149719238,0.0,99000.0
2208,1627.0071968,14.292165756,0.6862311959,0.6909328103,0.6716749668,2.1376471519,49.440124512,0.4075016975,0.0,121.62353516,42.985176086,0.0,99000.0
2209,1627.1591968,14.201518059000001,0.6693792343,0.6760156155,0.6754803657999999,2.1501553059000003,49.810943603999995,0.4022738636,0.0,121.72322845,43.394584656000006,0.0,99000.0
2210,1627.3111968,14.146918297000001,0.6524178386,0.6594586968,0.6680876613000001,2.1567094326,51.087459564,0.400089711,0.0,122.67306519,43.469352721999996,0.0,99000.0
2211,1627.4631968,14.12377739,0.6364418267999999,0.6429037452,0.6560352445000001,2.1561839581,52.393180846999996,0.40328869219999997,0.0,122.93228912,43.622692108,0.0,99000.0
2212,1627.6151968,14.074679375,0.6214483975999999,0.6273719072,0.6446928382,2.1555263996000003,53.601760864,0.4078056514,0.0,123.06867981,43.819080353000004,0.0,99000.0
2213,1627.7671968,14.009736061,0.6084280014,0.6141422986999999,0.6375629306,2.1565668583,54.572509766,0.4090765715,0.0,123.86213684,43.925575256,0.0,99000.0
2214,1627.9191968,13.990942955,0.6205422878,0.6161211133,0.6331613064,2.1543483734,54.506183623999995,0.4080922604,0.0,125.74331665,43.980133056999996,0.0,99000.0
2215,1628.0711968,14.012550354000002,0.6421588659,0.6336683631000001,0.6258620024,2.1466808319,53.569381713999995,0.4101161361,0.0,127.74250031,43.877166748,0.0,99000.0
2216,1628.2231968,14.034667969000001,0.6602706313000001,0.653065443,0.6165554523,2.1390566825999997,52.56747055100001,0.4107138515,0.0,129.47390747,43.652320861999996,0.0,99000.0
2217,1628.3751968000001,14.042835235999998,0.6667387486,0.6640611887,0.6113868356000001,2.1338839531000002,51.893749237,0.4069170952,0.0,129.84710693,43.409622192,0.0,99000.0
2218,1628.5271968,14.033320427,0.6603208779999999,0.6628443599,0.6105553508,2.1373386383,51.82201767,0.4073586464,0.0,128.37786865,43.073627472,0.0,99000.0
2219,1628.6791968,14.001922607000001,0.6514328718,0.6549937725,0.6105999947,2.146320343,52.232769012,0.4147370458,0.0,126.49542236,42.809551239,0.0,99000.0
2220,1628.8311968,13.973809242,0.6339199543,0.641290307,0.6105999947,2.1486287117,51.878101349,0.42366284130000004,0.0,124.39464569,42.884296417,0.0,99000.0
2221,1628.9831968,13.975226402,0.6159613132,0.6235820651,0.6102178097,2.1426410675,50.488994598000005,0.4306665361,0.0,123.92516327,43.087783813,0.0,99000.0
2222,1629.1351968000001,14.019407272,0.6046205759000001,0.6089808941,0.6081072092,2.1374590397,50.179584503,0.43281105159999994,0.0,125.29138184,43.096168518,0.0,99000.0
2223,1629.2871968,14.135520935,0.5955284834000001,0.5990127325,0.6058430672,2.1372568607,51.054443359,0.4326162338,0.0,126.73456573,42.74678421,0.0,99000.0
2224,1629.4391968,14.374864578,0.5940617322999999,0.59482342,0.6051999927,2.1359097958,51.133197784,0.4300564528,0.0,128.75405884,42.40504837,0.0,99000.0
2225,1629.5911968,14.442886352999999,0.5968078971,0.5958383083,0.6051999927,2.1349494457,51.05317688,0.43010896439999996,0.0,129.74574280000002,42.174343109,0.0,99000.0
2226,1629.7431968,14.397201538,0.5997989178,0.5986511707,0.6072240472,2.1354935169,51.075550078999996,0.43885803219999997,0.0,130.14779663,42.225307465,0.0,99000.0
2227,1629.8951968000001,14.463690758,0.602791965,0.6016899943,0.6123920679,2.1313719749,50.795612335,0.44098994140000003,0.0,130.81158447,42.443119049,0.0,99000.0
2228,1630.0471968,14.543603897,0.6067106128,0.6049998999,0.6186193228,2.1245279312,50.592037201000004,0.43616950509999997,0.0,130.65464783,42.760486603000004,0.0,99000.0
2229,1630.1991968,14.606769562,0.6107013226,0.6092203856,0.623390317,2.1119384766,49.665908813,0.4363227189,0.0,130.00738525,43.09954071,0.0,99000.0
2230,1630.3511968,14.635958672000001,0.6165340543,0.6142166853000001,0.6270329952,2.0914449692,48.320774078,0.4378567338,0.0,129.58039856,43.23475647,0.0,99000.0
2231,1630.5031968,14.610848427,0.6243602037,0.6208581328,0.6317626834000001,2.0748267174,47.514213561999995,0.4388836026,0.0,129.79463196,43.240322113000005,0.0,99000.0
2232,1630.6551968,14.541251183,0.625,0.625010252,0.6376027465,2.0706410408,47.13067627,0.44166508320000003,0.0,130.23440552,43.519916534,0.0,99000.0
2233,1630.8071968,14.48541832,0.6213408709,0.6231392621999999,0.643535316,2.0761213303,46.811630249,0.4473069906,0.0,130.24621582,43.82126236,0.0,99000.0
2234,1630.9591968,14.545584679000001,0.618262589,0.6197692752,0.649010241,2.0850622654,46.23033905,0.4511047304,0.0,129.18824768,43.623451233000004,0.0,99000.0
2235,1631.1111968,14.73520565,0.6261851788,0.6225731969,0.6526201367,2.0906164646,45.590583801,0.4443246722,0.0,127.97358704,43.280960083000004,0.0,99000.0
2236,1631.2631968,14.912844658,0.6387927532,0.6331857443,0.6546623707,2.094792366,45.359516144,0.43329477310000003,0.0,126.95778656,43.249000548999994,0.0,99000.0
2237,1631.4151968,14.902359962,0.6499457359,0.6453933716,0.6563053727,2.0990581512,46.075115204,0.4296542406,0.0,125.7362442,43.088058472,0.0,99000.0
2238,1631.5671968000001,14.782079697,0.6519018411999999,0.6513007283,0.6559976339,2.0951883793,47.243499756000006,0.427593857,0.0,124.63323975,42.781513214,0.0,99000.0
2239,1631.7191968,14.718837738,0.6466069221,0.6486088634,0.6537536383,2.0897016525,47.81394577,0.4222581089,0.0,124.55580902,42.394954681,0.0,99000.0
2240,1631.8711968,14.699303627,0.628069818,0.6360297203,0.6463016272,2.0912320614,48.372413635,0.4211363792,0.0,125.09154509999999,41.969501495,0.0,99000.0
2241,1632.0231968,14.694129944,0.6134904622999999,0.619394958,0.6314673424,2.0934987068,49.225822449,0.4270416796,0.0,125.95648193,41.796329498,0.0,99000.0
2242,1632.1751968,14.761334419,0.5995232463,0.605481267,0.6153416634000001,2.0904605389,49.849422455,0.4323811233,0.0,126.64196014,41.790802002,0.0,99000.0
2243,1632.3271968000001,15.035564423,0.5837883949,0.5904895663,0.606674552,2.0803637505,50.16204071,0.43237459659999994,0.0,127.21412659,41.762687683,0.0,99000.0
2244,1632.4791968,15.324295998,0.5678258538000001,0.5743809938000001,0.6041916013,2.0647010803,50.29642868,0.43202847240000003,0.0,127.55366516,41.971611023,0.0,99000.0
2245,1632.6311968,15.328473091,0.5686487556,0.5678387284,0.6015891433,2.0464267731,50.45936203,0.4375332594,0.0,128.04641724,42.255046844,0.0,99000.0
2246,1632.7831968,15.165711403,0.5901336074,0.580699861,0.600399971,2.0292468071000003,50.844165802,0.4501894414,0.0,128.65791321,42.573421478,0.0,99000.0
2247,1632.9351968,15.16075325,0.6070529819,0.6004815698,0.6014031172,2.0221166611,51.857204437,0.4603584707,0.0,129.50708008,42.811378479,0.0,99000.0
2248,1633.0871968000001,15.501847267,0.6160027981,0.6128527522,0.6038300991,2.0290279388,53.025939941000004,0.4589372575,0.0,130.20419312,42.870513916,0.0,99000.0
2249,1633.2391968,15.601365089000002,0.6143810153,0.6153939962,0.604449749,2.0495455265,53.357521057,0.4506070912,0.0,130.70561218,42.97714233399999,0.0,99000.0
2250,1633.3911968,15.174283980999999,0.601819396,0.607352674,0.6024196148,2.0767838955,53.091464996000006,0.45035025479999996,0.0,131.70295715,43.345237732,0.0,99000.0
2251,1633.5431968,14.809358597000001,0.5869847536,0.5931542516,0.5997521877,2.0965049266999998,52.693435668999996,0.46064403649999996,0.0,132.8192749,43.375442505,0.0,99000.0
2252,1633.6951968,14.761972427,0.5720289946,0.5778944492,0.5960101485,2.1001238822999997,52.15870285,0.4702081978,0.0,133.53288269,43.090099335,0.0,99000.0
2253,1633.8471968000001,14.975140572,0.5639634132,0.5668373108,0.5897215009000001,2.088704586,51.596946716000005,0.4747846723,0.0,133.94769287,43.01581955,0.0,99000.0
2254,1633.9991968,15.27558136,0.5681565404,0.5660250782999999,0.5848786235,2.0761139393,50.612545013,0.4647160769,0.0,134.21659851,42.646606445,0.0,99000.0
2255,1634.1511968,15.482138634000002,0.5767135024,0.5731077193999999,0.5845000147999999,2.0726692677000003,49.898571014,0.44246762990000005,0.0,134.36685181,42.725845336999996,0.0,99000.0
2256,1634.3031968,15.621219635,0.5848329067,0.5816332698,0.585226655,2.0759804249,50.72423172,0.4240872264,0.0,134.66040039,42.507286072,0.0,99000.0
2257,1634.4551968,15.559475899,0.5911104679,0.5885286331,0.5872288346,2.0780000687,51.898895264,0.4127522111,0.0,134.40802002,42.647422791,0.0,99000.0
2258,1634.6071968,15.233734130999999,0.5962440372,0.5940237641,0.5904851556,2.0796158314,52.173755646000004,0.4125986695,0.0,133.49879456,42.911571503000005,0.0,99000.0
2259,1634.7591968,15.235646248,0.6003857255,0.5986956358,0.5955666304,2.08436656,51.51651001,0.4196510613,0.0,132.25532532,42.909832001,0.0,99000.0
2260,1634.9111968,15.432435989000002,0.601000011,0.6008443236,0.6017054915,2.0851387978,50.35994339,0.41846224670000004,0.0,131.46376038,43.014274596999996,0.0,99000.0
2261,1635.0631968,15.417575836,0.601000011,0.6008999944,0.6057173014,2.0769939422999997,49.511508942,0.41210722920000004,0.0,131.05081177,43.032478333,0.0,99000.0
2262,1635.2151968,15.3227911,0.6026777029,0.6019955277000001,0.6065000296,2.0722584724,49.010574341,0.4077100754,0.0,130.84835815,42.802154541,0.0,99000.0
2263,1635.3671968,15.207344055,0.605507791,0.6047068238000001,0.6065000296,2.0772669315,48.314693451000004,0.4046238661,0.0,130.47610474,42.859985351999995,0.0,99000.0
2264,1635.5191968000001,15.084682465,0.6068335175999999,0.6064865589,0.6060238481,2.0842273235,47.518585205,0.40431213380000003,0.0,130.94752502,43.083385468,0.0,99000.0
2265,1635.6711968,15.000905037,0.6069999933,0.6065999865999999,0.6043673158,2.0897793769999997,47.523147583000004,0.4117090404,0.0,131.84936523,43.02432632399999,0.0,99000.0
2266,1635.8231968,14.953680038,0.603687048,0.6050179601,0.6013324261,2.0930843353,48.166175842,0.42855036259999996,0.0,132.05407715,42.598167419,0.0,99000.0
2267,1635.9751968,14.96384716,0.6013494134,0.6021350622,0.5950201154,2.092895031,48.157215118,0.44653737549999994,0.0,131.67211914,42.569297791,0.0,99000.0
2268,1636.1271968,15.12799263,0.5952395797,0.5979329348,0.5865440965,2.0893731117,48.032444,0.45092180369999996,0.0,131.04107666,42.859966278,0.0,99000.0
2269,1636.2791968000001,15.257091522,0.5890799761,0.5911638737,0.5818279386,2.0828619003,48.783210753999995,0.4435698986,0.0,130.89846802,42.920822144,0.0,99000.0
2270,1636.4311968,15.018474579000001,0.5847296119,0.5862137675,0.5822775364,2.0750701427,49.70432663,0.4411775172,0.0,131.51660156,43.059993743999996,0.0,99000.0
2271,1636.5831968,14.668448448,0.5807412267000001,0.5825485587,0.5836194158,2.0730588436,50.088741301999995,0.4469567239,0.0,132.27073669,43.34355545,0.0,99000.0
2272,1636.7351968,14.697000504000002,0.5816245675,0.5809945464,0.5818108916,2.077955246,49.584518433,0.457839936,0.0,132.73745728,43.604885101,0.0,99000.0
2273,1636.8871968,15.221768379,0.5836200714,0.5824778676,0.5816690922,2.0852434635,49.122253418,0.4680972695,0.0,132.76615906,43.753253937,0.0,99000.0
2274,1637.0391968000001,15.784516335,0.5856142639999999,0.584413588,0.5855747461,2.0965206622999997,49.242702484,0.47117117049999996,0.0,132.32040405,43.838340759,0.0,99000.0
2275,1637.1911968,15.874938011,0.5876094103,0.5864485502000001,0.5907011628,2.109098196,50.138038635,0.4687837064,0.0,131.56304932,43.761260986,0.0,99000.0
2276,1637.3431968,15.584758759000001,0.5896036029,0.5885030031,0.5950446129,2.1140174866,51.849479675,0.4622244537,0.0,132.18974304,43.646789551000005,0.0,99000.0
2277,1637.4951968,15.402374267999999,0.5907993913,0.5900588632,0.5975379944,2.1141963005,53.536590576,0.45141425729999995,0.0,132.93266296,43.451332092,0.0,99000.0
2278,1637.6471968,15.42372036,0.5910000205,0.5906000136999999,0.5991339086999999,2.1184959412,54.624061583999996,0.442202121,0.0,132.201828,43.085414886,0.0,99000.0
2279,1637.7991968000001,15.233821869000002,0.5910000205,0.5906393528,0.6007688642,2.1220638752000003,55.28282547,0.4341753721,0.0,130.10310364,43.049057006999995,0.0,99000.0
2280,1637.9511968,15.091142654,0.5910000205,0.5907390714,0.6026599407,2.1201756001,54.44393920899999,0.4220795035,0.0,128.70610046,42.995330811,0.0,99000.0
2281,1638.1031968,15.038140297,0.5933663249000001,0.5920032263,0.6048926711,2.1161310673,52.54341507,0.4145657718,0.0,128.28237915,42.829711914,0.0,99000.0
2282,1638.2551968,15.13601017,0.5971435307999999,0.5955194235,0.6061843038,2.109991312,51.90769577,0.4209292829,0.0,127.96530151,42.64068222,0.0,99000.0
2283,1638.4071968,15.388546944000002,0.6019172668,0.5998226999999999,0.6052343845,2.1040937901,51.440231323,0.4357571006,0.0,127.05110168,42.691661835,0.0,99000.0
2284,1638.5591968,15.396145821,0.6076834797999999,0.6048833728,0.6033530235,2.1080145836,51.077289581,0.447635591,0.0,126.48992157,42.807548523,0.0,99000.0
2285,1638.7111968,15.045342445,0.6121125817,0.6101498008,0.6033583879,2.1241209507,51.264053345,0.4516755939,0.0,127.11296082,42.899917603,0.0,99000.0
2286,1638.8631968,14.901335715999998,0.6129999757,0.6127750278,0.6066760421,2.1343345642,50.955745697,0.4498862326,0.0,128.18327332,42.93529129,0.0,99000.0
2287,1639.0151968,14.859817505,0.6052698493,0.6092476249000001,0.6094490886,2.1162781715,50.942066193,0.446811825,0.0,128.15594482,42.861152649,0.0,99000.0
2288,1639.1671968,14.637343407000001,0.5875884890999999,0.5956643224,0.6043359637,2.0853784084,52.33215332,0.44951555130000004,0.0,128.27267456,42.933551788,0.0,99000.0
2289,1639.3191968,14.433158875,0.561504364,0.5726031065,0.5895790458,2.0535011292,55.122570038,0.4557103813,0.0,130.04942322,42.922847748,0.0,99000.0
2290,1639.4711968000001,14.383115768,0.5373990536,0.5466783642999999,0.5758162737,2.0265905856999997,57.746807098000005,0.46151587369999997,0.0,132.70631409,42.816871643,0.0,99000.0
2291,1639.6231968,14.333073615999998,0.5281880498,0.5308534503,0.5675776005,2.0021378994,59.249042511000006,0.46962934729999994,0.0,134.90925598,42.827644348,0.0,65000.0
2292,1639.7751968,14.28303051,0.5345994829999999,0.5310133696,0.5646298528,1.9887831211000002,59.512557983,0.4742957056,0.0,137.33992004,42.997310638,0.0,65000.0
2293,1639.9271968,14.232987404000001,0.5430566669,0.5399184227,0.5620080829,1.9936418533000002,58.067653656000005,0.47122108939999996,0.0,139.39414978,43.00157547,0.0,65000.0
2294,1640.0791968,14.55755806,0.5517917275,0.5481505394,0.5619221926,2.0131576061,55.782081604,0.4747027159,0.0,139.93251038,42.798339844000004,0.0,65000.0
2295,1640.2311968000001,15.436048507999999,0.5577588677,0.5555166602,0.5647351742,2.0283257961000003,54.107967377,0.47557169200000005,0.0,138.37901306,42.63250351,0.0,99000.0
2296,1640.3831968,15.892952919,0.5597493052,0.5589184165,0.5662295818,2.0488622188999996,52.872348785,0.4606356919,0.0,136.23126221,42.747116089,0.0,99000.0
2297,1640.5351968,15.964243889,0.5600000024,0.5597000122,0.5705628395000001,2.0780754088999998,51.57036972,0.4445357919,0.0,136.06530762,42.982120513999995,0.0,99000.0
2298,1640.6871968,15.969151497,0.5600000024,0.5597000122,0.5721181035,2.0946347713,50.192253113,0.4384470582,0.0,137.68858337,43.116424561,0.0,99000.0
2299,1640.8391968,15.976002693,0.5562942624,0.557960391,0.5669510365,2.0977892876,48.854709625,0.4409031868,0.0,138.96861267,43.453025818,0.0,99000.0
2300,1640.9911968000001,15.979404449,0.5483518243,0.5516204834,0.5609378219,2.1003432274000002,47.946670532,0.4440000057,0.0,138.7699585,43.543533325,0.0,99000.0
2301,1641.1431968,15.979999542,0.5408449769,0.5434830189000001,0.5555874705,2.1041183472,47.356010436999995,0.4430262148,0.0,137.35452271,43.487659453999996,0.0,99000.0
2302,1641.2951968,15.97793293,0.5345984697,0.5368004440999999,0.5526666045,2.1108996868000003,46.697101593,0.44040015340000005,0.0,135.71617126,43.180233002,0.0,99000.0
2303,1641.4471968,15.960878372,0.5373867153999999,0.5346820354,0.5566734672,2.1142024994,45.794395447,0.43933048840000005,0.0,134.54029846,42.725524902,0.0,99000.0
2304,1641.5991968,15.871108055,0.5499241948,0.5439505577,0.5668355227,2.1126489639,45.75713729899999,0.44305002689999995,0.0,134.2297821,42.696773529,0.0,99000.0
2305,1641.7511968000001,15.681001663,0.5663386583,0.5598602891,0.5791271329,2.1088140011000003,47.019065857,0.45368969439999995,0.0,134.64120483,42.947387695,0.0,99000.0
2306,1641.9031968,15.645853996,0.5803985596,0.575529933,0.5920944214,2.1034803391,48.343296051,0.4645100534,0.0,135.02330017,43.189220428,0.0,99000.0
2307,1642.0551968,15.646830559000001,0.5883229375,0.5859912038,0.6031709313,2.1016833781999997,49.550598145,0.4642298222,0.0,134.97132874,43.272613525,0.0,99000.0
2308,1642.2071968,15.186301231,0.5871293545,0.5887210369,0.6079682707999999,2.1032478809,49.44436264,0.4510812461,0.0,134.23620605,43.22215271,0.0,99000.0
2309,1642.3591968,15.204051018,0.5860000253000001,0.5863685608,0.6065789461,2.0984005928,48.426738738999994,0.43719735740000004,0.0,132.81234741,43.231899261,0.0,99000.0
2310,1642.5111968,15.645137787000001,0.5845752954,0.5855505465999999,0.6019824743,2.0908322334,48.589191437,0.43024984,0.0,131.42868042,43.299850463999995,0.0,99000.0
2311,1642.6631968,15.724282265,0.5790309906000001,0.5816386342000001,0.5968369842,2.0873522758000003,49.333164215,0.4325966835,0.0,130.3790741,43.456165313999996,0.0,99000.0
2312,1642.8151968,15.340864182,0.57134372,0.5742977858,0.5925721526,2.0866773129,49.046268463000004,0.43776646259999996,0.0,129.69781494,43.329998016000005,0.0,99000.0
2313,1642.9671968,15.123922347999999,0.5647727251,0.5671514273,0.5888257027,2.0852429867,49.061828613,0.4389690161,0.0,129.98905945,43.208499908,0.0,99000.0
2314,1643.1191968,15.003408432,0.5587862134,0.5611011982,0.5865396857,2.0832335949000003,49.903190613,0.43331694600000004,0.0,131.51976013,43.42918396,0.0,99000.0
2315,1643.2711968,14.75706768,0.5535026193,0.555814445,0.586429894,2.0823965073,52.031417847,0.4283983111,0.0,133.26634216,43.670894623,0.0,99000.0
2316,1643.4231968000001,14.780963898,0.5485150814,0.5505294204,0.5863221884,2.0747478008,54.89448165899999,0.432911545,0.0,134.61314392,43.6926651,0.0,99000.0
2317,1643.5751968,15.027369499,0.5435291529,0.5454776883,0.58319664,2.0663440228,56.241416931,0.445412904,0.0,135.45381165,43.516342163000004,0.0,65000.0
2318,1643.7271968,15.202814102,0.5392333268999999,0.5410485864,0.573527813,2.0584471226,56.369087218999994,0.4610176682,0.0,135.91522217,43.268241882,0.0,65000.0
2319,1643.8791968,15.223502159,0.5373111367,0.5377114414999999,0.5636937022,2.0584561825,55.925498962,0.4701675773,0.0,136.61315918,43.11598205600001,0.0,65000.0
2320,1644.0311968,15.676026344,0.5397453904,0.5381999612,0.5565857290999999,2.0606000423,54.900249481,0.4753428102,0.0,137.09454346,43.111141205,0.0,65000.0
2321,1644.1831968000001,15.712645531,0.5437341928,0.5422195792,0.5498457551,2.0568635464,54.009407043,0.4817849696,0.0,136.67102051,42.998226166,0.0,65000.0
2322,1644.3351968,15.283052444,0.5450000167,0.5449401736,0.5428251028,2.0596544743000003,54.518829346000004,0.47804644700000004,0.0,136.04135132,42.974052429,0.0,65000.0
2323,1644.4871968,15.27421093,0.5450000167,0.5453277826,0.5362771749,2.075407505,55.8554039,0.4643149078,0.0,136.09385681,43.232131958000004,0.0,65000.0
2324,1644.6391968,15.555895805,0.5450000167,0.5454000235,0.5322197676,2.0868680477,56.937473297,0.4534870684,0.0,137.09899902,43.658508301000005,0.0,65000.0
2325,1644.7911968,15.770310402,0.5470187664,0.5461912154999999,0.5290542245000001,2.089717865,58.574790955,0.4496909678,0.0,138.19685364,44.071113586,0.0,65000.0
2326,1644.9431968000001,15.819731712000001,0.5520224571,0.5498951077,0.5285031796,2.0853266716,61.580101013000004,0.448469758,0.0,138.17607117,44.219783783000004,0.0,65000.0
2327,1645.0951968,15.868189812,0.5620177984,0.5572763681,0.5359891057,2.0823791027,63.70898819,0.44179368020000004,0.0,137.40106201,44.19726181,0.0,65000.0
2328,1645.2471968,15.533273697,0.5739843249000001,0.568960011,0.5474780798,2.0805723667,63.317626953,0.43600845340000005,0.0,136.37411499,44.186988831,0.0,65000.0
2329,1645.3991968,14.995583534000001,0.5859540105,0.5812250376,0.5609396696,2.0791537762,60.690891266,0.4353835285,0.0,134.99139404,44.261585236,0.0,65000.0
2330,1645.5511968,14.851139069,0.5979205966,0.5933129191,0.5739908218,2.0866596699,57.884963989,0.4371726811,0.0,133.18139648,44.367305756,0.0,65000.0
2331,1645.7031968000001,15.327306747,0.6066026688,0.6037238836,0.5850862265,2.1056587696,56.569156647,0.44036331770000003,0.0,130.97711182,43.876983643,0.0,65000.0
2332,1645.8551968,15.349014282,0.6129284501,0.610424757,0.5918781161,2.1308174133,56.764434814,0.4380823076,0.0,129.42082214,43.564369201999995,0.0,65000.0
2333,1646.0071968,14.476140022000001,0.6169565915999999,0.6153798699,0.5927270651,2.1467521191,57.005458831999995,0.4355528057,0.0,128.275177,43.435081482,0.0,65000.0
2334,1646.1591968,13.710337639,0.6186494231,0.6180736423,0.5943974853,2.143266201,57.729866028000004,0.43767222759999996,0.0,126.85439301,43.210094452,0.0,65000.0
2335,1646.3111968,13.487116814,0.6164124608,0.6182395815999999,0.5968447328,2.1251673697999998,59.087413788,0.44081264729999997,0.0,126.60800171,43.119354248,0.0,65000.0
2336,1646.4631968,13.567480087,0.6117793918,0.6139103174,0.5979243517,2.1107223034,59.880397797,0.4464450479,0.0,128.62339783,42.981155396000005,0.0,65000.0
2337,1646.6151968,13.594923019000001,0.6067920923,0.608515799,0.59799999,2.1069881916,59.07098770100001,0.45819979909999997,0.0,130.17500305,42.95439910899999,0.0,65000.0
2338,1646.7671968,13.489868164,0.6081940532,0.6063888668999999,0.5973793864,2.1026306152000003,59.197601318000004,0.4617551565,0.0,129.61560059,43.069515228,0.0,65000.0
2339,1646.9191968,13.482403755,0.6189077497,0.6136183143,0.5933683515,2.0998923779,60.536769867,0.4524802864,0.0,128.47128296,42.913486481,0.0,65000.0
2340,1647.0711968,13.59188652,0.6214659810000001,0.6226732135,0.5841162205,2.1052703857,60.884449005,0.45037993789999997,0.0,129.30084229,42.661697388,0.0,65000.0
2341,1647.2231968,13.686525345,0.5890833139,0.6082385778,0.5756232738,2.1163027287,60.585723877,0.4517942369,0.0,132.40512085,42.723442078000005,0.0,65000.0
2342,1647.3751968000001,13.781455994000002,0.5420799851,0.5609322786,0.5813522935000001,2.1306228637999998,59.965099335,0.4637226462,0.0,135.54820251,42.759735107,0.0,65000.0
2343,1647.5271968,13.787965775,0.5256259441,0.5258835554,0.600574553,2.132550478,59.279594421000006,0.4668918848,0.0,136.90267944,42.712970734,0.0,65000.0
2344,1647.6791968,13.716093062999999,0.5515586734000001,0.5360873342,0.6156406403,2.1197462082,59.042446136,0.4426447153,0.0,135.52923584,42.538295745999996,0.0,65000.0
2345,1647.8311968,13.806378365,0.5905838609,0.5754936934,0.6293318272,2.1019430161000003,58.949100494,0.42809638380000004,0.0,132.97000122,42.554195404,0.0,65000.0
2346,1647.9831968,14.272069930999999,0.6272504329999999,0.6129186153,0.6405002475,2.0863256454,58.480892181,0.4389921129,0.0,131.47929382,42.73525238,0.0,65000.0
2347,1648.1351968000001,14.863681793,0.6539216638,0.645365417,0.6473404765,2.078312397,57.777011871000006,0.45765349270000005,0.0,131.00216675,42.540645599,0.0,65000.0
2348,1648.2871968,14.701569557000001,0.6656765342000001,0.6635242105,0.6525999903999999,2.0873391628,56.655918121000006,0.45870012039999997,0.0,131.17127991,42.192173004000004,0.0,65000.0
2349,1648.4391968,14.271250725,0.6600698829,0.6650159955,0.6514467000999999,2.101033926,55.256465911999996,0.4476080239,0.0,132.75950623,42.054039001,0.0,65000.0
2350,1648.5911968,14.499915123,0.6422437429,0.65055722,0.6456937194,2.1105611324,55.002357483000004,0.44700592759999996,0.0,135.94842529,42.21251297,0.0,65000.0
2351,1648.7431968,14.836515427,0.6134402752,0.627006948,0.6385204792,2.1188454628,54.945552826000004,0.4560295045,0.0,139.6494751,42.36693573,0.0,65000.0
2352,1648.8951968000001,15.012839317000001,0.5650767088,0.5885172486,0.6298213005,2.1228756905,53.408752441000004,0.45917877549999997,0.0,143.55265808,42.611766815,0.0,99000.0
2353,1649.0471968,15.166550635999998,0.5186238289,0.5346699357,0.6187955141,2.1198055744,50.441635131999995,0.44862997530000004,0.0,148.35118103,42.861690521,0.0,99000.0
2354,1649.1991968,15.452220917,0.49345102909999994,0.5004312992000001,0.5977009535,2.1107559204,48.732219696,0.43961867689999995,0.0,153.69876099,42.967018126999996,0.0,99000.0
2355,1649.3511968,15.845059395,0.4858109057,0.4870346189,0.5702803135,2.0905528069,47.18637085,0.4483740926,0.0,157.31193542,43.050643921,0.0,99000.0
2356,1649.5031968,15.971591949,0.48322454090000005,0.48450633880000005,0.5400084257,2.0614380836,45.654132843,0.464391619,0.0,156.56152344,43.115673065,0.0,99000.0
2357,1649.6551968,15.979981422,0.4749290943,0.47975564,0.5390210747999999,2.0448534488999996,44.209529877,0.4727056921,0.0,153.89808655,43.15851593,0.0,99000.0
2358,1649.8071968,15.97988224,0.4787977338,0.47294875979999995,0.5571880937,2.0378274918,43.143634796,0.4715924561,0.0,153.15962219,43.188140868999994,0.0,30000.0
2359,1649.9591968,15.979690552000001,0.5025178194,0.4908619225,0.5708277225,2.038216114,43.261390686000006,0.4677485228,0.0,153.86444092,42.934402466,0.0,30000.0
2360,1650.1111968,15.978349686,0.5289489031,0.5195412636,0.5828279853,2.0493886471000002,43.880794525,0.4638211727,0.0,153.43545532,42.874702454,0.0,30000.0
2361,1650.2631968,15.973467827,0.5546225309,0.5439340471999999,0.5910364985000001,2.0602788925,44.57221603399999,0.4606482983,0.0,151.09928894,43.376815796,0.0,30000.0
2362,1650.4151968,15.967681885,0.5775179267,0.5692412853000001,0.5953214169,2.0633778572,44.634376526000004,0.45752060409999995,0.0,148.948349,43.642597198000004,0.0,30000.0
2363,1650.5671968000001,15.960517883,0.5819869041,0.5842431784000001,0.596108675,2.050501585,43.603363037,0.45452377200000005,0.0,148.07041931,43.596790313999996,0.0,30000.0
2364,1650.7191968,15.938731194,0.5630236268,0.5740177035,0.5891570449,2.0148918629,44.138778687,0.45454511049999996,0.0,148.51582336,43.620941162,0.0,30000.0
2365,1650.8711968,15.899010658,0.5402082801,0.5480204225,0.5820122957,1.9818829297999998,44.287719726999995,0.4638109803,0.0,150.37033081,43.808898926000005,0.0,30000.0
2366,1651.0231968,15.957108498,0.5240861773,0.5299052596,0.5755764842000001,1.963128686,43.66278457600001,0.48023852710000003,0.0,152.06045532,43.903560638,0.0,30000.0
2367,1651.1751968,15.978867530999999,0.5123733282,0.5165753961,0.5689194202000001,1.9823073149000001,43.499652863,0.4941563308,0.0,152.57723999,43.767524718999994,0.0,30000.0
2368,1651.3271968000001,15.978683472,0.5029562712,0.5063898563,0.5594306588,2.0278410912,43.503734589,0.48476246,0.0,152.64457703,43.330661774,0.0,30000.0
2369,1651.4791968,15.97858429,0.4990000129,0.4994685352,0.5479631424,2.0555820465,43.561012268,0.4603491426,0.0,152.48782349,43.140426636,0.0,30000.0
2370,1651.6311968,15.978485107000001,0.5023306012,0.5002421737,0.5379489064,2.0652668476,44.349555968999994,0.4582031667,0.0,151.97729492,43.08731842,0.0,30000.0
2371,1651.7831968,15.978384972,0.5110763907,0.5069664121,0.5298833251,2.0525557995,45.03289032,0.4630866349,0.0,151.82743835,43.065364838,0.0,30000.0
2372,1651.9351968,15.978270531,0.5170995593,0.5160579085,0.5223543048,2.0607450008000003,45.497959136999995,0.46608337759999996,0.0,153.84919739,43.277938843,0.0,99000.0
2373,1652.0871968000001,15.978085518,0.5218296051,0.5190540552,0.5181000232999999,2.0694229603,45.725780487,0.4674504995,0.0,156.40596008,43.493175507,0.0,99000.0
2374,1652.2391968,15.977985382,0.5337115526,0.5270164013,0.5183157325,2.0624601841,45.485294341999996,0.46548220520000005,0.0,154.95709229,43.702030182,0.0,99000.0
2375,1652.3911968,15.977885246,0.546959579,0.5429278016,0.5216511488000001,2.0671238899,46.360206604,0.4610561132,0.0,150.55229187,43.691474915,0.0,99000.0
2376,1652.5431968,15.977786064000002,0.5530782938000001,0.5524631739,0.5345848203,2.0796034336,47.416439056,0.451043874,0.0,146.5521698,43.28830719,0.0,99000.0
2377,1652.6951968,15.977672577,0.5561459064000001,0.5545765161999999,0.5376135707,2.0827484131,48.45267868,0.437607497,0.0,144.38722229,43.171409607,0.0,99000.0
2378,1652.8471968000001,15.97748661,0.5580000281,0.5576133132,0.5376999974000001,2.0678832531,49.441421508999994,0.4258797169,0.0,144.56784058,43.459159851,0.0,99000.0
2379,1652.9991968,15.977385520999999,0.5553441644,0.5570714474,0.5365869403,2.0443394184,50.88380432100001,0.42934992909999997,0.0,146.59449768,43.744102478,0.0,99000.0
2380,1653.1511968,15.961843491,0.5434864759,0.5506368876,0.5283127427000001,2.0196139812,52.085411072,0.4406600296,0.0,149.29092407,43.890838623,0.0,99000.0
2381,1653.3031968,15.778819084,0.5229054689,0.5323351025999999,0.5194858313,1.9990518093,51.560848236000005,0.4424844086,0.0,149.85072327,43.989246368,0.0,99000.0
2382,1653.4551968,15.219934464000001,0.4973499775,0.5083098412,0.4982481003,2.0037312508,50.460800171,0.4399381876,0.0,149.23292542,44.028697968,0.0,99000.0
2383,1653.6071968,15.129284859,0.4793113768,0.4831171334,0.48600670700000004,2.0217416286,51.256690979,0.4545980692,0.0,148.99494934,43.931671143,0.0,99000.0
2384,1653.7591968,15.114945412,0.4817377329,0.4766863883,0.481975317,2.0388627052,52.082901001,0.4732638597,0.0,149.58621216,43.704257965,0.0,99000.0
2385,1653.9111968,14.511537552,0.49573469159999994,0.48955956100000003,0.4791335166,2.0502140522,51.09198761,0.4879475236,0.0,149.67443848,43.412742615,0.0,99000.0
2386,1654.0631968,14.737466812000001,0.5106946826,0.5047672986999999,0.482308358,2.0543351173,49.623287201000004,0.49192002420000003,0.0,146.86526489,43.114280701000006,0.0,99000.0
2387,1654.2151968,15.486079215999998,0.5241239667,0.5192052722,0.4880981743,2.0623581409000002,48.162750243999994,0.47663855549999995,0.0,142.97351074,42.924362183,0.0,99000.0
2388,1654.3671968,15.417923927,0.5350766778,0.5309271216,0.4972627461,2.0688378811000003,48.373199463,0.4665180743,0.0,140.24923706,42.970657349,0.0,99000.0
2389,1654.5191968000001,15.589956284000001,0.5394949913,0.5401852131,0.5069245696,2.0797717571,47.887592316,0.467197299,0.0,138.97276306,43.154586791999996,0.0,99000.0
2390,1654.6711968,15.902546883,0.5364881754,0.5386183858,0.5146938562,2.0933184624,47.833518982,0.46456938979999995,0.0,138.86312866,43.395126343,0.0,99000.0
2391,1654.8231968,15.975979805,0.5310017467,0.5329056382,0.5214537978,2.1018159388999997,48.283927917,0.4656472504,0.0,138.12200928,43.504512786999996,0.0,99000.0
2392,1654.9751968,15.960456848,0.5250177383,0.5269288421,0.5277969241,2.1043126583,48.672870636000006,0.4782969058,0.0,137.02220154,43.574947357,0.0,99000.0
2393,1655.1271968,15.822240829000002,0.5190336704,0.5210331678,0.5316322446,2.0912702084,47.952571868999996,0.4813764691,0.0,136.19975281,43.733268738,0.0,99000.0
2394,1655.2791968000001,15.878593445,0.5130495429,0.5150510669,0.5326803923,2.0827174187,46.683368683000005,0.474768728,0.0,136.00320435,43.79260635399999,0.0,99000.0
2395,1655.4311968,15.969166756,0.5070655346,0.5090739131,0.5301433206,2.0972354412,45.584640503,0.4685178101,0.0,136.70372009,43.679870605,0.0,99000.0
2396,1655.5831968,15.981608390999998,0.5064340829999999,0.5041567683,0.5268791914000001,2.1110899448,45.52729415899999,0.4693980217,0.0,137.81188965,43.624984741000006,0.0,99000.0
2397,1655.7351968,15.976291655999999,0.5230410099,0.5114569068,0.5319314003,2.1020302773,46.692008971999996,0.4767580628,0.0,138.35855103,43.784221648999996,0.0,99000.0
2398,1655.8871968,15.975091934000002,0.5514820814,0.5405156016,0.5447849035,2.0973124504,48.393978118999996,0.4740034938,0.0,137.37400818,43.93529892,0.0,99000.0
2399,1656.0391968000001,15.974991798,0.5679154396,0.5660298467,0.5634362102,2.1027069091999997,50.302597046,0.4464155436,0.0,136.39456177,43.988269806000005,0.0,99000.0
2400,1656.1911968,15.974892615999998,0.5728571415,0.5703306198,0.5705071688000001,2.1107809544,51.928722382,0.42887157200000003,0.0,137.25946045,43.898761748999995,0.0,99000.0
2401,1656.3431968,15.949277878,0.5778942108,0.5759149194,0.5657439232,2.1070966721,52.147323608,0.4278346002,0.0,138.95211792,43.706867218,0.0,99000.0
2402,1656.4951968,15.588485718,0.58047086,0.5800194143999999,0.5665106772999999,2.0931568146,51.537830353000004,0.43556922670000003,0.0,139.30516052,43.493221283000004,0.0,99000.0
2403,1656.6471968,15.065858840999999,0.5856824517,0.5822181106000001,0.5695309639,2.0753686428,50.346698761000006,0.44924902920000004,0.0,137.45210266,43.229019165,0.0,99000.0
2404,1656.7991968000001,14.736587524,0.5947244763,0.5912647843,0.5726351142,2.0570156574,50.389163971,0.4606922567,0.0,134.09255981,42.915519714,0.0,99000.0
2405,1656.9511968,14.318974495,0.6003887653,0.5995314717,0.5712178349,2.0557749271,51.89786148100001,0.457618624,0.0,131.64120483,42.510959625,0.0,99000.0
2406,1657.1031968,13.848028183,0.5964770317,0.6008085608,0.5637317896,2.0546548366999997,53.160251617,0.4564059675,0.0,130.6658783,42.159046173,0.0,99000.0
2407,1657.2551968,13.835828780999998,0.5863389969,0.5894297361,0.559499979,2.0413746834,52.663806915,0.4563738108,0.0,130.89775085,42.067710876,0.0,99000.0
2408,1657.4071968,13.747209549,0.5792704225,0.5814027786,0.5594944954,2.0133328437999998,51.664215088,0.4546853304,0.0,132.18122864,42.244853973000005,0.0,99000.0
2409,1657.5591968,13.568152428,0.5723785758,0.5758837461,0.5593375564,1.9600219727000001,51.883846283000004,0.4617943168,0.0,134.07524109,42.476772308,0.0,99000.0
2410,1657.7111968,13.491212845,0.5648496151,0.5679468513,0.5581353307,1.9175107479,50.860092163000004,0.4704568088,0.0,136.01708984,42.572704315,0.0,99000.0
2411,1657.8631968,13.463339805999999,0.5587632060000001,0.5609664321,0.5568392873,1.9361536503,51.097557068,0.4641149044,0.0,137.96171569999998,42.787944794,0.0,99000.0
2412,1658.0151968,13.430957794000001,0.5573342443,0.5563066602000001,0.5556177497,2.0030546188,50.489738464,0.4682334065,0.0,139.6685791,43.039241791,0.0,99000.0
2413,1658.1671968,13.334400177000001,0.5594420433,0.5586538315,0.5561697483,2.0593707561000003,48.716876983999995,0.46219357850000004,0.0,141.36763,42.895317078000005,0.0,99000.0
2414,1658.3191968,13.413898468,0.5586816669,0.559774816,0.5602095723,2.0915343761000003,45.646511078,0.45495525,0.0,143.20010376,42.617660522,0.0,99000.0
2415,1658.4711968000001,13.493397713,0.5574367642,0.5567396879,0.5629902482,2.1020088196,43.142795563,0.45165628189999996,0.0,144.32626343,42.686145782,0.0,30000.0
2416,1658.6231968,13.617750167999999,0.558868289,0.557877779,0.5654608607,2.0965247153999997,41.663337708,0.4586555362,0.0,144.87594604,42.930839539000004,0.0,30000.0
2417,1658.7751968,15.003199577,0.5600000024,0.5601031184,0.5672554374000001,2.0855321884,41.45243454,0.4630168676,0.0,145.26000977,43.039196014,0.0,30000.0
2418,1658.9271968,15.844807625,0.5600000024,0.560199976,0.5690427423,2.0772881508000003,41.88841629,0.4602774382,0.0,144.53588867,43.027271271000004,0.0,30000.0
2419,1659.0791968,15.97311306,0.5600000024,0.5602025389999999,0.5705000162,2.0842423438999997,42.035755157,0.45631644130000004,0.0,142.62872314,42.914764404,0.0,30000.0
2420,1659.2311968000001,15.643701553,0.5600000024,0.5602999926,0.5704373717,2.1054594517,43.126316071000005,0.4643818438,0.0,140.28555298,42.905220031999995,0.0,30000.0
2421,1659.3831968,15.137651443,0.5600000024,0.5603020786999999,0.5677036643,2.1249799728,44.83108902,0.45476871729999996,0.0,139.21955872,43.211738586,0.0,99000.0
2422,1659.5351968,15.683105469000001,0.5595818162,0.5603821278,0.5630729198,2.1332514286,45.994827271000005,0.4344496727,0.0,139.22280884,43.572807311999995,0.0,99000.0
2423,1659.6871968,15.969161034,0.5565071106,0.5593000054,0.5559124947,2.1248233318,46.236309051999996,0.42614531520000004,0.0,139.85896301,43.715019226,0.0,99000.0
2424,1659.8391968,15.99189949,0.5480413437,0.5528553128,0.543949008,2.1072928905,45.797058105,0.42267858979999995,0.0,140.70524597,43.362586975,0.0,99000.0
2425,1659.9911968000001,15.991799355,0.5356617570000001,0.5413637757,0.5320010185,2.0988268852000003,45.89629364,0.4210979939,0.0,141.83145142,42.912181854,0.0,99000.0
2426,1660.1431968,15.991699219000001,0.5182102323,0.5281262994,0.5224353075,2.0918240547,46.69921875,0.4306031764,0.0,142.64041138,42.95998764,0.0,99000.0
2427,1660.2951968,15.991599082999999,0.49386686090000004,0.5042723417,0.5135909915,2.0950853825,47.703292847,0.4446734786,0.0,142.91719055,43.061569213999995,0.0,99000.0
2428,1660.4471968,15.991499901,0.4737662971,0.4788742065,0.5118001699,2.0921878815,48.477027893,0.43940153719999997,0.0,142.40995789,42.994129181000005,0.0,99000.0
2429,1660.5991968,15.991299629,0.4712001979,0.46570402380000003,0.5118999481000001,2.0860018730000003,48.746917725,0.4401997626,0.0,141.25134277,42.945201874,0.0,99000.0
2430,1660.7511968000001,15.991199493,0.4921102226,0.47945365310000004,0.5140926242,2.0763325691,47.95646286,0.44309026,0.0,139.98800659,43.011878967,0.0,99000.0
2431,1660.9031968,15.991101265,0.5242359042,0.5117179750999999,0.5208618045000001,2.0617821217,46.554409027,0.45463481549999996,0.0,138.23675537,42.936168671,0.0,99000.0
2432,1661.0551968,15.990802765,0.5520151853999999,0.5428295135,0.5279384254999999,2.0706219672999997,44.475311278999996,0.4617384672,0.0,136.98722839,42.605953217,0.0,99000.0
2433,1661.2071968,15.987733840999999,0.5632742047,0.5654529333,0.5356158614000001,2.0893933773,44.334060668999996,0.45537105200000005,0.0,137.24842834,42.52009964,0.0,99000.0
2434,1661.3591968,15.982766151,0.5516536236,0.5584962368,0.5457654595,2.1017379761000003,45.910217285,0.4434582591,0.0,138.28181458,42.62707901,0.0,99000.0
2435,1661.5111968,15.977484703,0.5353909731000001,0.5404954553,0.5566230416,2.1155743599,47.336711883999996,0.4316915274,0.0,138.26153564,42.667991638000004,0.0,99000.0
2436,1661.6631968,15.972296715,0.5314320325999999,0.5287165046,0.561216712,2.1248297690999998,47.739639282,0.42207762600000004,0.0,137.64886475,42.831920624,0.0,99000.0
2437,1661.8151968,15.970536232,0.5358627439,0.5369147658,0.5590495467000001,2.127250433,48.042980193999995,0.4215086102,0.0,137.34469604,43.075775146000005,0.0,99000.0
2438,1661.9671968,15.970304489,0.5317408442,0.5338786244,0.5503119826,2.1242740153999997,48.425819397,0.4262832999,0.0,137.75253296,43.550479888999995,0.0,99000.0
2439,1662.1191968,15.970202445999998,0.5302425623,0.5282530785,0.5490295887,2.125756979,45.66152954100001,0.4316549897,0.0,139.76907349,43.912006378,0.0,99000.0
2440,1662.2711968,15.970005989,0.5403106213000001,0.5342164636,0.5630775689999999,2.1432757378,45.639854431,0.4319941998,0.0,141.73171997,43.728069305,0.0,99000.0
2441,1662.4231968000001,15.969903945999999,0.5550529957,0.5508532524,0.573662281,2.1648020744,46.548557281,0.4277415276,0.0,142.00317383,43.363090515,0.0,99000.0
2442,1662.5751968,15.96980381,0.5598045588,0.5611521006,0.5771863461,2.1555547714,45.652927399,0.4358072281,0.0,140.93153381,43.016624451000006,0.0,99000.0
2443,1662.7271968,15.969703674000002,0.549826622,0.5563986301,0.5773000121,2.118335247,43.728919983000004,0.4448589981,0.0,140.2701416,42.85716629,0.0,99000.0
2444,1662.8791968,15.969604492,0.532869935,0.5397799015,0.5747073293,2.1186285019,44.871253967,0.43569362159999997,0.0,141.42532349,42.661117554,0.0,99000.0
2445,1663.0311968,15.969408989000001,0.5187795758,0.5225400925,0.5655064583,2.1382272243,45.663444518999995,0.4176872075,0.0,144.37791443,42.511909485,0.0,99000.0
2446,1663.1831968000001,15.969305038,0.5130000114,0.5133966804,0.5541183352,2.1426334381,46.002368927,0.40830567479999996,0.0,146.72792053,42.650112152,0.0,99000.0
2447,1663.3351968,15.969204903,0.5130000114,0.5129047036,0.5409294963,2.1344165802,46.131118773999994,0.42695340509999996,0.0,147.14082336,42.814937592,0.0,99000.0
2448,1663.4871968,15.969104767000001,0.5074004531,0.5129950047,0.5187428594,2.1300115585,44.966259003000005,0.45591476560000005,0.0,146.78938293,42.823299408000004,0.0,99000.0
2449,1663.6391968,15.969005585,0.4893617034,0.4981265068,0.5014002323,2.1271474361,45.425907135,0.47445240619999995,0.0,147.56280518,42.90983963,0.0,99000.0
2450,1663.7911968,15.968811035,0.4677562714,0.4761467278,0.4864292741,2.1202008724,47.276157379,0.47105604409999996,0.0,149.53189087,43.185035706,0.0,99000.0
2451,1663.9431968000001,15.968706131,0.4502334893,0.454928726,0.4717519879,2.1151840687,49.580249786,0.4781479239,0.0,151.85870361,43.476863861000005,0.0,99000.0
2452,1664.0951968,15.968605995,0.44503775240000004,0.44412186740000004,0.4609462321,2.1064486504,50.286800385,0.47784879799999996,0.0,152.93644714,43.630905151,0.0,99000.0
2453,1664.2471968,15.968506813,0.4500112832,0.4482772946,0.4560847282,2.0992491245,50.21786499,0.4807975292,0.0,153.37559509,43.646282196,0.0,99000.0
2454,1664.3991968,15.968406677,0.4523343146,0.4514945447,0.45579999689999995,2.0924506187,49.793323517,0.48034641149999996,0.0,154.64639282,43.685302734,0.0,99000.0
2455,1664.5511968,15.968213080999998,0.4546589553,0.4532833993,0.4647415876,2.0852007865999997,48.199951172,0.4803931415,0.0,156.28874207,43.550197601,0.0,99000.0
2456,1664.7031968000001,15.968107224,0.46096098420000003,0.45748502020000004,0.47551971670000004,2.0779225826,47.530628203999996,0.47622212770000005,0.0,157.91761780000002,43.312774658,0.0,99000.0
2457,1664.8551968,15.968933105,0.4702647924,0.46594968439999995,0.48454228039999997,2.0721213818,47.08171463,0.47080644969999996,0.0,157.89337158,43.184997558999996,0.0,99000.0
2458,1665.0071968,15.970570564,0.47926577929999997,0.4762926102,0.4935079217,2.070223093,47.644886017,0.4737231731,0.0,157.31396484,42.92621994,0.0,99000.0
2459,1665.1591968,15.972541809,0.48271530869999996,0.4833613634,0.5015662909,2.071665287,48.850177765,0.4704089165,0.0,156.82395935,42.824817657,0.0,99000.0
2460,1665.3111968,15.974443436,0.47617957,0.4799534976,0.49862059950000004,2.0664768219,49.244670868,0.45853582020000005,0.0,156.22396851,42.760147095,0.0,99000.0
2461,1665.4631968,15.97633934,0.46484139560000004,0.46916362640000003,0.487955153,2.0602326393,49.093223572,0.4540212154,0.0,155.53709412,42.837219238,0.0,99000.0
2462,1665.6151968,15.978326797000001,0.4567477703,0.45888522270000004,0.48453429340000004,2.062713623,49.386837006,0.4645672739,0.0,154.37498474,42.982608795,0.0,99000.0
2463,1665.7671968,15.980228424000002,0.4574160576,0.4547231793,0.48812296990000004,2.0595412254,48.781051636,0.4787072837,0.0,153.00860596,43.238937378,0.0,99000.0
2464,1665.9191968,15.982215880999998,0.4677696824,0.4640237689,0.4875921011,2.0542066097,48.599647522,0.4780026376,0.0,152.34759521,43.596858978,0.0,99000.0
2465,1666.0711968,15.984119415,0.4743054807,0.47323477270000003,0.4802606404,2.0554192066,49.761009216000005,0.4630497992,0.0,151.35209656,43.874595641999996,0.0,99000.0
2466,1666.2231968,15.948104857999999,0.4704552293,0.47437077759999996,0.46614173049999996,2.0583076477,51.388370513999995,0.457528621,0.0,150.42146301,44.026302338,0.0,99000.0
2467,1666.3751968000001,15.908215522999999,0.45639798049999997,0.4618054628,0.4515657127,2.0554513931000002,51.826343536,0.46330729130000003,0.0,150.74478149,44.001785278,0.0,99000.0
2468,1666.5271968,15.944969177,0.4494884014,0.4497138858,0.444801867,2.0505201817,53.046760559,0.4692981541,0.0,151.37547302,43.89388275100001,0.0,99000.0
2469,1666.6791968,15.964739799,0.45624342560000003,0.4527103603,0.44876867530000003,2.0472230911000002,54.923370361,0.47643947600000003,0.0,151.50764465,43.72846603399999,0.0,99000.0
2470,1666.8311968,15.966410637000001,0.46721601490000003,0.4632891715,0.45421066880000005,2.0477035046000003,54.05948257399999,0.47648569939999996,0.0,151.05239868,43.598888396999996,0.0,99000.0
2471,1666.9831968,15.966310500999999,0.4781849682,0.4740283787,0.4654860497,2.0472657681,52.071418762,0.4734613299,0.0,149.97831726,43.509166718,0.0,99000.0
2472,1667.1351968000001,15.966211319000001,0.4891576171,0.484785378,0.4774504304,2.0435612202,51.089004517,0.47469756009999997,0.0,148.31472778,43.292133331,0.0,99000.0
2473,1667.2871968,15.966112137,0.4972842336,0.49547150729999995,0.48853710289999996,2.0404446125,50.181869506999995,0.48083075880000004,0.0,146.92109680000002,43.085124969,0.0,99000.0
2474,1667.4391968,15.965924263,0.4974364936,0.498111546,0.4979164898,2.0484809875,47.598075867,0.482835114,0.0,147.01394653,42.995319366000004,0.0,99000.0
2475,1667.5911968,15.965812683,0.4959999919,0.49636426570000003,0.5083266497,2.0674614906,45.136760712,0.4787766039,0.0,147.59207153,43.147388458,0.0,99000.0
2476,1667.7431968,15.965712547,0.4962764382,0.4961000085,0.5191583633,2.0873506069,44.523368835,0.48232150079999997,0.0,147.91915894,43.323383331,0.0,99000.0
2477,1667.8951968000001,15.965612410999999,0.49973601100000004,0.49662473799999995,0.5301201343999999,2.0916366577,45.53098297100001,0.49496892090000005,0.0,147.46270752,43.440078735,0.0,99000.0
2478,1668.0471968,15.965512275999998,0.5091707706,0.5056775808,0.5386471748,2.0820508003000002,45.32516098,0.4997505844,0.0,147.17541504,43.489620208999995,0.0,99000.0
2479,1668.1991968,15.965325356,0.5158066154,0.5136932135,0.5421339273,2.0628674030000003,43.608512878,0.4975922704,0.0,147.34866333,43.420886993,0.0,99000.0
2480,1668.3511968,15.965213775999999,0.5190641284,0.5173854828,0.5448390245,2.0683431625,41.630977631,0.4956406653,0.0,147.96035767,43.32144165,0.0,99000.0
2481,1668.5031968,15.96511364,0.5225271583,0.5215148926,0.5476189852000001,2.0860147475999997,40.749538422,0.4814906716,0.0,149.28691101,43.325973511,0.0,99000.0
2482,1668.6551968,15.965014457999999,0.5226964355,0.5239956379,0.5518775582,2.0999741554,40.919303894,0.4588782489,0.0,149.88484192,43.521186828999994,0.0,99000.0
2483,1668.8071968,15.964828490999999,0.5161592364,0.5199204682999999,0.5569654107,2.1103873253,41.422725676999995,0.43645027280000004,0.0,149.62007141,43.699417114,0.0,99000.0
2484,1668.9591968,15.96471405,0.5077446103000001,0.5099512935,0.562153101,2.1118857861,41.957511902,0.42276674509999995,0.0,148.22343445,43.863265991000006,0.0,99000.0
2485,1669.1111968,15.964613914000001,0.5105412006000001,0.507375896,0.5680205226,2.1010615826,42.602622986,0.42910751700000005,0.0,145.53543091,43.97052002,0.0,99000.0
2486,1669.2631968,15.964514732,0.5270020961999999,0.5192848444,0.5743466615999999,2.0780088902,43.340953827,0.45875480770000004,0.0,142.98780823,43.908473969,0.0,99000.0
2487,1669.4151968,15.96441555,0.547723949,0.5411610603,0.5803038478,2.0517401695,44.092151642,0.4934687614,0.0,139.45126343,43.638671875,0.0,99000.0
2488,1669.5671968000001,15.964230537,0.5533074737,0.5534110664999999,0.5849212408,2.0471925735,45.663715363,0.5072573423,0.0,137.30459595,43.416919708,0.0,99000.0
2489,1669.7191968,15.964115142999999,0.5457269549,0.5469933748,0.5893083215,2.0792951584,47.414604186999995,0.4975907207,0.0,137.87722778,43.336021423000005,0.0,99000.0
2490,1669.8711968,15.964015961,0.5491972566,0.5477691293,0.6040350199,2.1332037449000003,49.134601593,0.4716320634,0.0,140.00343323,42.962966918999996,0.0,99000.0
2491,1670.0231968,15.963914870999998,0.554423213,0.5520524979,0.6218586564,2.189702034,50.805202484,0.4455764294,0.0,141.70970154,42.275650024,0.0,99000.0
2492,1670.1751968,15.876714706,0.5620518923,0.5577271581000001,0.6365749836,2.2130134106,52.345561981,0.4272032082,0.0,140.74078369,41.99010849,0.0,99000.0
2493,1670.3271968000001,15.076747894,0.575478375,0.5696848035000001,0.6490526199000001,2.1865904331,53.10333252,0.4157452881,0.0,137.90399169999998,41.633434296,0.0,99000.0
2494,1670.4791968,14.660668373,0.5897533894,0.5847617984000001,0.6491084695,2.1520721912000003,51.280567168999994,0.4113446772,0.0,136.46408081,41.486282349,0.0,99000.0
2495,1670.6311968,14.759347916,0.5974139571,0.5969090462,0.6442348957,2.1423962116,48.027366638000004,0.4119576216,0.0,136.98240662,41.397537231,0.0,99000.0
2496,1670.7831968,14.714506149000002,0.5895344615,0.5932111144,0.6396722793999999,2.1242859363999997,46.706821442,0.41582769159999994,0.0,138.91534424,41.411930084,0.0,99000.0
2497,1670.9351968,14.245238304,0.577902317,0.58279109,0.6355289221,2.0996332169,46.473918915,0.4180800021,0.0,141.15223694,41.697948456,0.0,99000.0
2498,1671.0871968000001,14.030220985,0.5637175441,0.569329679,0.6308673024,2.0799429416999997,46.963214873999995,0.41954705119999997,0.0,142.99946594,42.049297333,0.0,99000.0
2499,1671.2391968,14.126609802,0.5489767193999999,0.5549548268,0.6215858459,2.0619773865,47.542907715,0.42363944649999996,0.0,144.51274109,42.226165771,0.0,99000.0
2500,1671.3911968,14.513706207,0.5354377627,0.5406597853,0.6092808247,2.0598397255000003,47.201156616000006,0.4252325892,0.0,146.75621033,42.411716461,0.0,99000.0
2501,1671.5431968,15.230810165,0.5245255828000001,0.5285043716,0.589207232,2.0709753036,46.29107666,0.4263739288,0.0,148.76194763,42.596122742,0.0,99000.0
2502,1671.6951968,15.777611732,0.5181671381,0.5203157067,0.5681175589999999,2.0762495995,45.309608458999996,0.42538696530000003,0.0,149.13166809,42.772937775,0.0,99000.0
2503,1671.8471968000001,15.944907188,0.5139734149,0.5157554746,0.5548278093,2.0746424198,44.606990814,0.4314696193,0.0,147.30879211,42.851902008,0.0,99000.0
2504,1671.9991968,15.962320327999999,0.50736022,0.5109027624,0.5513145924,2.0754656791999997,44.553432465,0.44416698810000005,0.0,147.97360229,42.622261046999995,0.0,99000.0
2505,1672.1511968,15.962220192,0.4941909909,0.4991670549,0.5550849438000001,2.0725162028999997,43.665512085,0.45410868530000004,0.0,151.96795654,42.433444977,0.0,99000.0
2506,1672.3031968,15.962120056,0.4831977487,0.48604527119999996,0.560808599,2.0586116314,41.935520172,0.4609278142,0.0,153.75535583,42.143302917,0.0,99000.0
2507,1672.4551968,15.961940765,0.48575800659999996,0.484275192,0.5649439096,2.0340561867,41.20349884,0.46538260579999996,0.0,152.6678772,41.724433899,0.0,99000.0
2508,1672.6071968,15.961820602000001,0.49473190310000004,0.491238445,0.5657792687,2.0101287365,41.586101532,0.468578279,0.0,151.30021667,41.652526855,0.0,99000.0
2509,1672.7591968,15.96172142,0.5037102103,0.4998759329,0.5668274164,1.9917851686,43.110889435,0.4726774693,0.0,149.0955658,41.756034851,0.0,99000.0
2510,1672.9111968,15.961621284000001,0.5141810179,0.5088715553000001,0.5737198591,1.9759846926,45.382900238000005,0.4781708717,0.0,146.04882813,41.529556274,0.0,99000.0
2511,1673.0631968,15.961521149000001,0.5309554338,0.5239127278,0.5848438144,1.9703444241999999,46.93137741100001,0.4885082543,0.0,143.73782349,41.55091095,0.0,99000.0
2512,1673.2151968,15.961342812,0.5470907092,0.5407287478,0.5972628593,1.9889560938,46.282218933,0.48943445090000004,0.0,142.5506134,41.535549164,0.0,99000.0
2513,1673.3671968,15.961221695,0.5636910796,0.5574240685,0.6104504465999999,2.0128612518,45.198101044,0.47145259380000004,0.0,143.33187866,41.346309661999996,0.0,99000.0
2514,1673.5191968000001,15.961121559,0.5775883794,0.5728395581,0.6241288185,2.0313944817,45.254177094,0.4497070313,0.0,145.16387939,41.366649628000005,0.0,99000.0
2515,1673.6711968,15.961023331,0.5860445499,0.5827063918,0.6340162753999999,2.0550291538,45.52721405,0.4320420325,0.0,145.57354736,41.576278687,0.0,99000.0
2516,1673.8231968,15.964012145999998,0.5898017883,0.5891556144,0.6284330486999999,2.0774781704,45.679195404,0.4361757934,0.0,142.54597473,41.881721497,0.0,99000.0
2517,1673.9751968,15.97074604,0.5823121667,0.5853459239,0.6153533459,2.0941698551,45.518692017,0.44673115020000004,0.0,138.64064026,42.024238585999996,0.0,99000.0
2518,1674.1271968,15.573597908,0.5708485842000001,0.5760551095,0.6073457003,2.1054449081,45.196754456,0.4429887235,0.0,137.54182434,41.954177856,0.0,99000.0
2519,1674.2791968000001,14.527914047000001,0.5514006615,0.559337616,0.6016218662,2.1070361137,45.300670624,0.44102361799999995,0.0,136.02249146,42.140869140999996,0.0,99000.0
2520,1674.4311968,14.323649406,0.5304204822,0.5385275482999999,0.604031384,2.1036016941,45.782852173,0.43719244,0.0,134.83813477,42.262519835999996,0.0,99000.0
2521,1674.5831968,14.430233955,0.5170000196,0.521261692,0.6107380986,2.1097311974,46.555614471000005,0.43288955090000003,0.0,137.2979126,42.228618622,0.0,99000.0
2522,1674.7351968,14.536818504000001,0.5212095976,0.5176268815999999,0.618473947,2.1239478588,47.713798523,0.434849143,0.0,141.07037354,42.209354401,0.0,99000.0
2523,1674.8871968,14.643404007000001,0.5524138211999999,0.5381317735,0.6281656027,2.1220700741,48.650157928,0.43519684670000003,0.0,137.25787354,42.289676666,0.0,99000.0
2524,1675.0391968000001,14.749988556,0.6038191915,0.5849828124,0.6320519447,2.1117877959999998,48.297924042,0.423658669,0.0,125.94672394,42.458213805999996,0.0,99000.0
2525,1675.1911968,15.482778549,0.6287850142,0.6224057674,0.6324999928,2.0968720913,48.261875153000005,0.42341855170000003,0.0,122.40579224,42.45822525,0.0,99000.0
2526,1675.3431968,15.905820847000001,0.6109148264,0.618716836,0.6338424087,2.0899660587,47.314777373999995,0.4372781217,0.0,124.50112152,42.336982727,0.0,99000.0
2527,1675.4951968,15.977227210999999,0.5768718123,0.5892787575999999,0.6403208375,2.106616497,45.838451385,0.43543049689999996,0.0,130.68554688,42.446086884,0.0,99000.0
2528,1675.6471968,15.979999542,0.5476605892,0.5591747165,0.6492863297,2.1343955994,44.579216003,0.4153067768,0.0,140.76004028,42.537277222,0.0,99000.0
2529,1675.7991968000001,15.979999542,0.519218564,0.5294862986,0.6373090744,2.1548411846,43.689872742,0.4091476202,0.0,150.26167297,42.5210495,0.0,99000.0
2530,1675.9511968,15.976324081,0.5054412484,0.5119695067,0.6084545851,2.1422710419,42.577468872,0.41493418810000005,0.0,158.18882751,42.386451721,0.0,30000.0
2531,1676.1031968,15.774610519000001,0.4843897521,0.4942859411,0.5753551125999999,2.0970480441999997,40.462020874000004,0.4298219681,0.0,162.70550537,42.267364502,0.0,30000.0
2532,1676.2551968,15.833381653,0.4489508569,0.463336587,0.5423152447,2.0603208542,37.902095795,0.4442798793,0.0,166.00346375,42.444328308,0.0,30000.0
2533,1676.4071968,15.951808929,0.4128391743,0.4260145128,0.5129609108,2.0405802727,36.470504761,0.4550282359,0.0,168.16795349,42.806762695,0.0,30000.0
2534,1676.5591968,15.979710579,0.39613774420000003,0.40299314259999997,0.48588255049999995,2.0147812365999997,35.94462204,0.4695098698,0.0,169.32727051,43.027187346999995,0.0,30000.0
2535,1676.7111968,15.980110168,0.3828780949,0.3874413967,0.4636256695,1.9530956744999999,36.006950378,0.47833231090000006,0.0,171.00802612,43.088340759,0.0,30000.0
2536,1676.8631968,15.979999542,0.3840338588,0.382724613,0.45984187719999997,1.8674104213999998,35.844856262,0.482661128,0.0,171.72257996,43.044055938999996,0.0,30000.0
2537,1677.0151968,15.979999542,0.4029877782,0.39454126359999997,0.4651154578,1.7665272951,34.714199066,0.49796313049999996,0.0,169.35404968,42.913524628000005,0.0,30000.0
2538,1677.1671968,15.979999542,0.4373443127,0.42330667380000003,0.48647686840000004,1.6933307648,34.302513123000004,0.5070295334,0.0,165.31863403,42.940433502,0.0,30000.0
2539,1677.3191968,15.979999542,0.4750344157,0.46008533240000005,0.5294559002,1.7006233931,34.680049896,0.5138086081000001,0.0,160.45104980000002,43.05462265,0.0,30000.0
2540,1677.4711968000001,15.979999542,0.5095236897,0.496275574,0.5812860131,1.7691065072999999,35.051040649,0.5230208039,0.0,155.69030762,43.000919341999996,0.0,30000.0
2541,1677.6231968,15.979999542,0.5316013098,0.522916615,0.6250951886,1.847418189,35.644901276,0.5107841492,0.0,151.75564575,42.912815094,0.0,30000.0
2542,1677.7751967999998,15.979999542,0.5457308888,0.5405393839,0.6613237858,1.9183548688999998,36.638484955,0.48936709759999997,0.0,148.1802063,42.94940567,0.0,30000.0
2543,1677.9271967999998,15.979999542,0.551289916,0.5498670936,0.6852702498000001,1.9675827026,37.563762665,0.4694699645,0.0,144.49681091,43.130870818999995,0.0,30000.0
2544,1678.0791967999999,15.979999542,0.5435134768,0.5468705296999999,0.6910301447,2.0205552578,38.488788605,0.4497990012,0.0,142.31600952,43.080978394,0.0,30000.0
2545,1678.2311968,15.979999542,0.528942585,0.5346119404,0.6849471331,2.0673902035,39.48720932,0.4340597987,0.0,141.23010254,42.778812408,0.0,30000.0
2546,1678.3831968,15.979999542,0.5189061761,0.522782445,0.6730800867,2.0896279812,39.958377838000004,0.43631634119999996,0.0,140.49517822,42.56180191,0.0,30000.0
2547,1678.5351967999998,15.979999542,0.5180000067,0.5184643864999999,0.6598174572,2.0933856964,39.452510834,0.4547344148,0.0,140.3712616,42.288921355999996,0.0,30000.0
2548,1678.6871967999998,15.979999542,0.5182654858,0.5180000067,0.6497839093,2.0903794765,37.906475066999995,0.4614248276,0.0,139.43322754,42.204280853,0.0,30000.0
2549,1678.8391967999999,15.706367493,0.5221970081,0.5200553536,0.6414136291,2.0952658653,35.734279633,0.4521880746,0.0,138.72566223,42.387390137,0.0,30000.0
2550,1678.9911968,15.707699775999998,0.5360813140999999,0.5302833915,0.6336122751,2.1059498787,34.419380188000005,0.43844360109999997,0.0,138.23406982,42.55141449,0.0,30000.0
2551,1679.1431968,15.893208504,0.5480801463,0.5437166095,0.6268458365999999,2.1138861179,34.718410492,0.4322310984,0.0,139.35652161,42.549167633,0.0,30000.0
2552,1679.2951967999998,15.971029282,0.5486106873,0.5486097932,0.6204637289,2.110615015,36.350055695,0.43424570560000003,0.0,140.77308655,42.622226715,0.0,30000.0
2553,1679.4471967999998,15.978315353,0.5434010625,0.5455923676,0.6156323552,2.0993244648,38.997257233,0.429389745,0.0,141.97892761,42.938072205,0.0,30000.0
2554,1679.5991967999998,15.975516319,0.5353465079999999,0.5388237834,0.6119471788,2.0986628532,41.473777771,0.41860207920000003,0.0,144.63154602,43.158729553,0.0,99000.0
2555,1679.7511968,15.972356796,0.5257346034,0.5302725434000001,0.6024285555,2.0937697887,42.726203918,0.4143981636,0.0,148.9513855,43.289539337,0.0,99000.0
2556,1679.9031968,15.969099045,0.507317543,0.5148285031000001,0.5623527765,2.080696106,42.408344269000004,0.4238704145,0.0,151.32666016,43.371219635,0.0,99000.0
2557,1680.0551967999997,15.965873718,0.4825052321,0.4921228588,0.5196842550999999,2.0646381378,42.432613373,0.44285172219999996,0.0,151.45184326,43.29466629,0.0,99000.0
2558,1680.2071967999998,15.962749481,0.4596983194,0.4689798355,0.5118312836,2.0527808666,43.14131546,0.4589317739,0.0,151.22764587,43.145999908,0.0,99000.0
2559,1680.3591967999998,15.960777282999999,0.44047743079999996,0.4476909935,0.5209226607999999,2.0422182083,43.68743515,0.4677840471,0.0,153.00308228,43.152267456000004,0.0,99000.0
2560,1680.5111967999999,15.960168839000001,0.4502101541,0.4459160864,0.5324725509,2.0259957313999997,43.696674347,0.4743316174,0.0,155.67817688,43.257007599,0.0,99000.0
2561,1680.6631968,15.960100174,0.49004471299999997,0.4740664065,0.5476179719,2.0167541503999997,43.575447083,0.4863412082,0.0,157.75798035,43.362709045,0.0,99000.0
2562,1680.8151967999997,15.960100174,0.5442838669,0.5238254666,0.565638721,2.0186200141999997,43.300945282,0.5030876994,0.0,158.88113403,43.467754363999994,0.0,99000.0
2563,1680.9671967999998,15.960100174,0.5668225884,0.5587981343,0.5853636861,2.0078847408000002,42.504043579,0.5063170791,0.0,159.85549927,43.579742431999996,0.0,99000.0
2564,1681.1191967999998,15.960100174,0.5434474945000001,0.5524019599000001,0.6052947639999999,1.9803569316999998,41.373836517,0.4929391146,0.0,159.80110168,43.692565918,0.0,99000.0
2565,1681.2711967999999,15.960100174,0.5315625072,0.5363214612,0.6254259944,1.9745978116999998,40.814483643,0.4735027254,0.0,158.59124756,43.723686218000005,0.0,99000.0
2566,1681.4231968,15.960100174,0.5218778253,0.5253629684000001,0.6431464553,2.0035920143,41.336074829,0.4575839043,0.0,155.75036621,43.690925598,0.0,99000.0
2567,1681.5751968,15.960100174,0.5192692876,0.5197218060000001,0.6547430754,2.0434970856,42.005767821999996,0.44829696420000004,0.0,152.99624634,43.58518981899999,0.0,99000.0
2568,1681.7271967999998,15.960673332,0.5262533426,0.5230489969,0.6616227627,2.0725181103,42.150882721,0.4417323172,0.0,151.56608582,43.330989838,0.0,99000.0
2569,1681.8791967999998,15.962203026,0.5332320929,0.5300296545000001,0.6593968868,2.0811531544,42.083217620999996,0.4323757887,0.0,150.14964294,43.084003448000004,0.0,99000.0
2570,1682.0311967999999,15.964349747,0.5401852727,0.5375160575,0.6451141238,2.0709636211,41.81652832,0.42168226840000006,0.0,147.96365356,42.880619049,0.0,99000.0
2571,1682.1831968,15.966579437,0.5458050966,0.5440394878,0.625587225,2.0623898506000002,41.08523941,0.4169842601,0.0,148.51060486,42.897132874,0.0,30000.0
2572,1682.3351968,15.968774795999998,0.5385141969,0.5414504409,0.605538547,2.061150074,40.619762421,0.42237448689999996,0.0,152.46612549,42.788692474,0.0,30000.0
2573,1682.4871967999998,15.970969199999999,0.5194142461,0.5267783403,0.5852450728,2.0639753342,40.180656433,0.4352328777,0.0,157.59841919,42.471164703,0.0,30000.0
2574,1682.6391967999998,15.973162650999999,0.49343279,0.50373739,0.5636202693,2.0506668091,39.532680511,0.4508760571,0.0,160.91912842,42.439804077,0.0,30000.0
2575,1682.7911967999999,15.975357055999998,0.4655868411,0.476603955,0.5410968065,2.0192923546,38.915466309,0.4683506191,0.0,161.43577576,42.679832458,0.0,30000.0
2576,1682.9431968,15.97755146,0.4417757988,0.4511792362,0.5184549689,1.9808044434,39.160541534000004,0.486887753,0.0,161.79611206,43.130138396999996,0.0,30000.0
2577,1683.0951968,15.97925663,0.42699998619999996,0.4327652752,0.4986305535,1.9421213865,40.207645416,0.5046190618999999,0.0,162.78231812,43.33751297,0.0,30000.0
2578,1683.2471967999998,15.979921340999999,0.42709636689999997,0.42702180149999996,0.48940759899999997,1.9116268158,40.431694031,0.5197042823,0.0,164.69688416,43.38331604,0.0,30000.0
2579,1683.3991967999998,15.979999542,0.4371449053,0.43316745759999997,0.49121576549999996,1.8937336206,40.163074493,0.5328056811999999,0.0,166.50857544,43.724975586000006,0.0,30000.0
2580,1683.5511967999998,15.979999542,0.45909959079999996,0.4505693614,0.4986152649,1.89232409,40.178413391,0.537920773,0.0,167.13635254,43.871074676999996,0.0,30000.0
2581,1683.7031968,15.979999542,0.48203316329999996,0.4729923904,0.5119634867,1.9106379747,40.480949402,0.5336095691,0.0,166.04045105,43.657615662,0.0,30000.0
2582,1683.8551968,15.979999542,0.49798426030000004,0.49175876380000005,0.5262231827,1.9405379294999998,41.363334656,0.5238150358,0.0,163.68824768,43.472183228,0.0,30000.0
2583,1684.0071967999997,15.979999542,0.5049772859,0.5025324225,0.535811305,1.9703105688,42.219539642,0.5082314014,0.0,161.39813232,43.319496155,0.0,99000.0
2584,1684.1591967999998,15.979999542,0.5119559765,0.5094943643,0.5438438058,2.0003917217,42.590991974,0.4857279658,0.0,160.07240295,43.007968903000005,0.0,99000.0
2585,1684.3111967999998,15.979999542,0.513982892,0.5134816170000001,0.5527944565,2.0319285393,43.861381531000006,0.4680149555,0.0,159.81512451,43.268733978,0.0,99000.0
2586,1684.4631967999999,15.979999542,0.5149883628,0.5147116184,0.5577173233,2.0485460758,45.939338684,0.4596067667,0.0,159.58546448,43.514144897,0.0,99000.0
2587,1684.6151968,15.979999542,0.5209168196,0.5188056827,0.5584999919,2.0414979458,47.736412048000005,0.45577773450000003,0.0,157.71350098,43.37203598,0.0,99000.0
2588,1684.7671967999997,15.979999542,0.5367293954,0.5308243036,0.5642111301,2.0327768325999998,49.012676238999994,0.4489305913,0.0,152.68907166,42.908931732,0.0,99000.0
2589,1684.9191967999998,15.979999542,0.5546547174,0.5474210382,0.5760743618,2.0417852402000003,48.268089294,0.4387661517,0.0,146.40092468,43.177589417,0.0,99000.0
2590,1685.0711967999998,15.979999542,0.5696666837,0.5633773804,0.5851070285000001,2.0512056351,47.095466613999996,0.4353239238,0.0,139.56854248,43.352153778,0.0,99000.0
2591,1685.2231967999999,15.979999542,0.5739020109,0.5722719431000001,0.5902443528,2.0602457522999997,46.534446716000005,0.4273770452,0.0,135.4188385,43.35892868,0.0,99000.0
2592,1685.3751968,15.815718651,0.5691376925,0.5711797476,0.5944331288,2.0885751247,46.770496368,0.41269722579999996,0.0,133.86109924,43.338581085,0.0,99000.0
2593,1685.5271968,15.589964867,0.5505664349,0.5581720471,0.5991774201,2.1170117855,47.744220733999995,0.4079817235,0.0,133.07589722,43.29434204100001,0.0,99000.0
2594,1685.6791967999998,15.409544945,0.5335583091,0.5405262113,0.6051873565,2.1234874725,48.923118591000005,0.41709882020000005,0.0,131.85832214,43.25044632,0.0,99000.0
2595,1685.8311967999998,15.610543251,0.5445784926,0.5399056077000001,0.6141539215999999,2.1199932098,49.026584625,0.4279425144,0.0,130.8513031,43.20557785,0.0,99000.0
2596,1685.9831967999999,15.904014587,0.5690654516,0.5591056347,0.6231148243,2.1212413311000002,47.903457642,0.4260926247,0.0,129.68670654,43.143352508999996,0.0,99000.0
2597,1686.1351968,15.973344803,0.5872727036,0.5798313618,0.6271270514,2.1291723251,47.220645905,0.42375746369999995,0.0,128.92056274,42.99130249,0.0,99000.0
2598,1686.2871968,15.979999542,0.5956584811,0.5919532775999999,0.6252506971,2.1363048553,46.503787994,0.42858430740000003,0.0,128.98208618,42.835659027,0.0,99000.0
2599,1686.4391967999998,15.979999542,0.593137145,0.5942258835,0.6184805036,2.1409590244,45.393062592,0.4264359176,0.0,129.93531799,42.696353912,0.0,99000.0
2600,1686.5911967999998,15.787910461,0.5825281143,0.5870800018,0.6070464849,2.1435410976,45.543010712,0.41852000359999997,0.0,131.18450928,42.704280853,0.0,99000.0
2601,1686.7431967999999,15.701498985,0.5620715618,0.5706331134,0.5926153064,2.1404983996999998,46.414512634,0.416626513,0.0,132.51040649,42.880558014,0.0,99000.0
2602,1686.8951968,15.867442130999999,0.5373330712,0.5472214818,0.5764082074,2.1346423625999997,46.94480896,0.4237518013,0.0,134.19606018,43.067028046000004,0.0,99000.0
2603,1687.0471968,15.976399422,0.511464715,0.5217990875,0.5608845353,2.1337845325,48.201251983999995,0.4341334403,0.0,136.38571167,43.230819702,0.0,99000.0
2604,1687.1991967999998,15.989009857000001,0.4939968288,0.5010617971,0.5475328564999999,2.1315772533,50.171970367,0.4427554011,0.0,138.64074707,43.112915038999994,0.0,99000.0
2605,1687.3511967999998,15.983661652,0.4836164713,0.48759225009999996,0.534861505,2.1220383644,51.563087463,0.45373851060000003,0.0,141.28890991,42.734348297,0.0,99000.0
2606,1687.5031967999998,15.9807024,0.473639518,0.4773957729,0.5214990973,2.1102313995,51.182800293,0.4704333842,0.0,143.73419189,42.606098175,0.0,99000.0
2607,1687.6551967999999,15.980046272000001,0.4636695683,0.46752181649999996,0.5066295265999999,2.0998415947,50.234970093,0.488203615,0.0,145.14480591,42.621395111,0.0,99000.0
2608,1687.8071968,15.979999542,0.4536926746,0.45764836670000003,0.49951219560000004,2.0909378529,49.588996887,0.4832687378,0.0,145.08035278,42.54668045,0.0,99000.0
2609,1687.9591967999997,15.979999542,0.45764240619999996,0.4554280639,0.510045588,2.0761320591,48.608055115,0.46239337329999997,0.0,144.6275177,42.516857146999996,0.0,99000.0
2610,1688.1111967999998,15.979999542,0.4792860448,0.4698362052,0.5355799198,2.0547888279,47.016643523999996,0.44550246,0.0,143.09747314,42.180900574,0.0,99000.0
2611,1688.2631967999998,15.979999542,0.5243886709000001,0.5055108070000001,0.5678045154,2.0494775772,45.090309143,0.4317819774,0.0,142.07775879,41.833660126,0.0,99000.0
2612,1688.4151967999999,15.979999542,0.5776892304,0.5560718775,0.6071932315999999,2.0691156387,43.077407836999996,0.4232928157,0.0,141.43545532,41.398445129,0.0,99000.0
2613,1688.5671968,15.979999542,0.6122890711,0.5989644527,0.6475746632,2.0968163013,41.904052734000004,0.4203896821,0.0,139.22834778,41.395122528,0.0,99000.0
2614,1688.7191967999997,15.979999542,0.6195743084,0.6175270677,0.6798672676,2.1245129108,42.241645813000005,0.4227755964,0.0,136.04370117,41.599269867,0.0,99000.0
2615,1688.8711967999998,15.979999542,0.6209125518999999,0.6206119060999999,0.7043961883,2.1535544394999997,43.027812958,0.43256890770000006,0.0,133.93916321,42.109859467,0.0,99000.0
2616,1689.0231967999998,15.979999542,0.6291859746,0.6254794002,0.7175554037,2.1708500385,44.366882323999995,0.44520339369999995,0.0,134.51191711,42.136989594,0.0,99000.0
2617,1689.1751967999999,15.979999542,0.625463903,0.6272684336,0.7172578573,2.1589105129,46.283496856999996,0.458501339,0.0,139.99504089,42.011619568,0.0,99000.0
2618,1689.3271968,15.979999542,0.6186702847,0.6215237379,0.7108244895999999,2.1306910515,48.00522995,0.4732556641,0.0,144.88711548,42.047828674,0.0,99000.0
2619,1689.4791968,15.979999542,0.6098828316,0.6136885881,0.7017351985,2.102162838,49.374000548999994,0.4821546972,0.0,146.2194519,42.398429871,0.0,99000.0
2620,1689.6311967999998,15.610881805,0.606303215,0.6076031922999999,0.6840735078,2.0758731365000003,50.470756531000006,0.4832015932,0.0,144.6525116,42.688598633000005,0.0,99000.0
2621,1689.7831967999998,15.108616829,0.6042068005,0.6048583984,0.661875844,2.0600304603999997,51.145320892,0.47629481549999997,0.0,144.17930603,42.630924225,0.0,99000.0
2622,1689.9351967999999,15.070678711,0.6013169885,0.6025151014,0.6428591013,2.0519986153,50.82642746,0.4659529328,0.0,145.28076172,42.287414551,0.0,99000.0
2623,1690.0871968,15.224534035,0.599217236,0.6001706123,0.6256049275,2.046577692,49.904209136999995,0.46528464560000005,0.0,146.43490601,41.878974915,0.0,99000.0
2624,1690.2391968,15.112539291,0.592776835,0.5954836011,0.6096208096,2.0470023155000003,48.817844391,0.4709047079,0.0,147.13812256,41.899787903000004,0.0,99000.0
2625,1690.3911967999998,14.728651047,0.5565577149000001,0.5723219514,0.5964168906,2.0551230907,47.46427536,0.47285142539999997,0.0,147.73318481,42.008125305,0.0,99000.0
2626,1690.5431967999998,14.607017517000001,0.5042797327,0.5261456966,0.5847964286999999,2.0696156025,46.440280914,0.4758433104,0.0,148.41880798,42.197742462,0.0,99000.0
2627,1690.6951967999998,15.12740612,0.4742198288,0.4859245718,0.5732270479,2.0869476794999997,45.731246948,0.47924411299999997,0.0,149.94703674,42.398029326999996,0.0,99000.0
2628,1690.8471968,15.759426117,0.490324676,0.48236724729999997,0.5624224543999999,2.0985453129,44.867607117,0.4756257534,0.0,152.27163696,42.601192474,0.0,99000.0
2629,1690.9991968,15.976442337,0.5306438207999999,0.5136548877,0.5526388884000001,2.1028528214,44.463607788000004,0.4746357799,0.0,153.15232849,42.820346832,0.0,99000.0
2630,1691.1511967999998,15.996235847000001,0.5508423447999999,0.5433062911,0.5431118011,2.1091046333000003,45.054088593,0.4837220311,0.0,151.53959656,43.006900787,0.0,99000.0
2631,1691.3031967999998,15.993096352,0.5190650225,0.5340412855,0.5336368084,2.1201894283000002,45.636440277,0.48755702380000004,0.0,150.52763367,43.161388396999996,0.0,99000.0
2632,1691.4551967999998,15.989905357,0.4836281836,0.49755719299999995,0.5232747793,2.1264190674,45.108615875,0.4828380644,0.0,150.82382202,43.206165313999996,0.0,99000.0
2633,1691.6071967999999,15.986712456,0.4565147758,0.4671782851,0.5113891363,2.1161420344999997,44.188907623,0.4775318801,0.0,152.74697876,43.206542969,0.0,99000.0
2634,1691.7591968,15.983520508,0.450412631,0.4522745907,0.4989682138,2.0934894085,44.072254181000005,0.47039452200000004,0.0,155.03788757,43.093021393,0.0,99000.0
2635,1691.9111967999997,15.981064795999998,0.45515704149999997,0.4528437257,0.4866474867,2.0683705807,44.523326874,0.4613746703,0.0,156.06546021,42.917709351,0.0,99000.0
2636,1692.0631967999998,15.980108261,0.46457138659999997,0.46012362840000004,0.474516809,2.0488200188,44.809177399,0.45186176899999997,0.0,154.73104858,42.876571655,0.0,99000.0
2637,1692.2151967999998,15.979999542,0.4659999907,0.46554541590000004,0.46254912020000005,2.0441796780000003,45.458179474,0.4486172795,0.0,153.14630127,42.963764191,0.0,99000.0
2638,1692.3671967999999,15.979999542,0.4540728033,0.4592321217,0.45211604240000003,2.052200079,46.409721375,0.452006489,0.0,152.15406799,42.914253235,0.0,99000.0
2639,1692.5191968,15.979999542,0.4384069145,0.4445865452,0.4454696178,2.0576143265,47.251392365,0.4533470571,0.0,150.97476196,42.672767639,0.0,99000.0
2640,1692.6711968,15.979999542,0.4275336564,0.4317707717,0.44546544549999995,2.0560808182,48.613285065,0.4540406168,0.0,149.92501831,42.502464294,0.0,99000.0
2641,1692.8231967999998,15.979112625,0.42853274939999997,0.4275977612,0.4515496492,2.0568940638999997,50.145820618,0.45540151,0.0,149.4908905,42.454517365,0.0,99000.0
2642,1692.9751967999998,15.975045204,0.43488925700000003,0.4322311282,0.457528621,2.0710430145,51.355327606,0.45660501719999996,0.0,149.76704407,42.528244019,0.0,99000.0
2643,1693.1271967999999,15.957931519,0.4359999895,0.4361123443,0.46448296310000003,2.0943753719,52.644748688,0.46286255119999997,0.0,149.302948,42.63192749,0.0,99000.0
2644,1693.2791968,15.785082817000001,0.43683600429999997,0.43656638259999997,0.4820815325,2.1145532131,54.499286651999995,0.467779249,0.0,148.21505737,42.796974182,0.0,99000.0
2645,1693.4311968,15.341275215,0.4736795127,0.4565677941,0.5118451715,2.1347742081,56.060771941999995,0.4674041271,0.0,146.17767334,42.94770813,0.0,99000.0
2646,1693.5831967999998,14.804184914,0.5441334247999999,0.5143630505,0.5410097837,2.1558732986,55.602527618,0.46911510829999997,0.0,142.44184875,42.974491119,0.0,70000.0
2647,1693.7351967999998,14.490709305,0.6091836095000001,0.5837727189,0.563077271,2.1664686203,53.919197083,0.47584003210000003,0.0,137.15750122,42.734790802,0.0,70000.0
2648,1693.8871967999999,14.488391876,0.6348571181,0.6269127131000001,0.581274569,2.1719844341,52.943588256999995,0.48081877829999997,0.0,132.44393921,42.386207581,0.0,70000.0
2649,1694.0391968,14.532373428,0.6223630904999999,0.6296932697,0.5937637687,2.1744194031,52.50650787399999,0.472494632,0.0,130.17097473,42.19461441,0.0,70000.0
2650,1694.1911968,14.543152809,0.5869910717,0.6024320722,0.5908464193,2.171715498,51.701293945,0.4481554925,0.0,130.99688721,42.213783264,0.0,70000.0
2651,1694.3431967999998,14.551033974000001,0.526841104,0.5532716513,0.572113812,2.1647336483,50.275363922,0.4320134819,0.0,134.60694885,42.328681945999996,0.0,70000.0
2652,1694.4951967999998,14.564135551,0.4897217751,0.5032098293,0.5479400158,2.1519412994,48.907665253000005,0.43228870630000005,0.0,140.41194153,42.581951141,0.0,70000.0
2653,1694.6471967999998,14.586236954,0.4685621262,0.4764384627,0.522718668,2.1329202652,48.87229538,0.4376960993,0.0,147.00019836,42.934631348,0.0,70000.0
2654,1694.7991968,14.640556335,0.45203819869999995,0.45824846630000005,0.50205791,2.111882925,49.48184585600001,0.45022732020000006,0.0,151.77323914,43.285110474,0.0,99000.0
2655,1694.9511968,14.781808853,0.4417351186,0.44521936770000003,0.48852077130000005,2.0917470455,48.513599396000004,0.4725784659,0.0,153.89790344,43.252521515,0.0,99000.0
2656,1695.1031967999998,14.997947692999999,0.438390404,0.4393533468,0.4817404151,2.0762989521,47.80538559,0.4833279252,0.0,155.0484314,42.755779266,0.0,99000.0
2657,1695.2551967999998,15.396607399,0.44040569659999995,0.4392433167,0.4825228453,2.0726487637,49.469703673999994,0.4792708457,0.0,155.54719543,42.413257599,0.0,99000.0
2658,1695.4071967999998,15.879732132000001,0.4433984458,0.4420554936,0.4845572114,2.0743248463,51.09072113,0.4737659097,0.0,155.70454407,42.388179779,0.0,99000.0
2659,1695.5591967999999,15.997227669,0.44877952340000005,0.4468191862,0.4871897697,2.06640625,51.654823303,0.47422963380000005,0.0,156.07064819,42.426269530999996,0.0,99000.0
2660,1695.7111968,15.995033264000002,0.45873585340000006,0.4546765685,0.4901820421,2.0596578121,51.846698761000006,0.4779451489,0.0,156.54025269,42.41493988,0.0,99000.0
2661,1695.8631967999997,15.99283886,0.475243032,0.4681037962,0.4942694008,2.0670256615000002,51.665325165,0.47270020840000004,0.0,156.77659607,42.368854523,0.0,99000.0
2662,1696.0151967999998,15.990645409,0.4900439978,0.4845196009,0.501065135,2.0814137459,52.268486023,0.46729502079999996,0.0,156.18173218,42.328811646,0.0,99000.0
2663,1696.1671967999998,15.988451004000002,0.5024392009,0.4977929294,0.5100209713,2.0934298038,53.604572296,0.4633158445,0.0,155.23031616,42.406738280999996,0.0,99000.0
2664,1696.3191967999999,15.986255645999998,0.5097022653,0.5074770451,0.5200106502,2.0957715511000004,53.736698151000006,0.46057510380000005,0.0,154.27868652,42.639251709,0.0,99000.0
2665,1696.4711968,15.984025002000001,0.5109999775999999,0.5109574199,0.529307127,2.0920116901,52.655666351,0.45628517869999996,0.0,153.80140686,42.836849213,0.0,99000.0
2666,1696.6231968,15.981881142,0.5047727823,0.5075643659,0.531477809,2.0902953148,51.503746033,0.44829151030000003,0.0,154.26683044,42.988868713,0.0,99000.0
2667,1696.7751967999998,15.981337547,0.49679222700000003,0.49978476759999996,0.5197936296,2.098303318,50.635276794,0.4530784786,0.0,154.86408997,43.080749512,0.0,99000.0
2668,1696.9271967999998,15.983518599999998,0.4795380831,0.487293601,0.4997480512,2.1089005469999997,49.537651061999995,0.4625703692,0.0,156.03874207,43.1366539,0.0,99000.0
2669,1697.0791967999999,15.986510277,0.4557335675,0.4656755924,0.4779856205,2.1158738136,48.34111785899999,0.46906507020000004,0.0,157.58952332,43.153392792,0.0,99000.0
2670,1697.2311968,15.989539145999998,0.43003755810000005,0.4402826428,0.45595249530000004,2.1094222069,47.712753296,0.4742885232,0.0,159.12808228,43.136573792,0.0,99000.0
2671,1697.3831968,15.992593765,0.4041010737,0.41438126560000005,0.43440476060000005,2.0905871391,47.60508728,0.4794940948,0.0,159.7537384,42.974868773999994,0.0,99000.0
2672,1697.5351967999998,15.995586395,0.3873253465,0.3930557668,0.41603845359999997,2.0744578838,48.53850174,0.4787924886,0.0,159.95791626,42.776027679,0.0,99000.0
2673,1697.6871967999998,15.99796772,0.391600281,0.38800638909999996,0.40528741479999997,2.0664405823,49.483642578,0.4705701768,0.0,160.71937561,42.831604004,0.0,99000.0
2674,1697.8391967999999,15.998157501,0.4030859768,0.3982212842,0.4002714753,2.0558788776,50.401832581,0.4605644047,0.0,162.16810608,42.829170227,0.0,99000.0
2675,1697.9911968,15.996077538,0.4158113003,0.4104323983,0.39904746409999997,2.0410029888,51.862548828,0.4568239748,0.0,163.15080261,42.597625732,0.0,99000.0
2676,1698.1431968,15.993520737,0.4280222654,0.4228625596,0.4038923681,2.0329649448,53.453037261999995,0.46659582850000003,0.0,163.45526123,42.577880859000004,0.0,99000.0
2677,1698.2951967999998,15.990992546,0.42950117590000003,0.430201441,0.41084975,2.0338082313999997,53.555114746,0.4773019254,0.0,163.11932373,42.707408905,0.0,99000.0
2678,1698.4471967999998,15.988399505999999,0.4237699807,0.4265784323,0.4182680845,2.0367820263,53.255832672,0.4791644514,0.0,162.15707397,42.852588654,0.0,99000.0
2679,1698.5991967999998,15.985839844000001,0.4175342619,0.4201017618,0.4257077873,2.0402319431000002,53.199577332,0.4803581536,0.0,161.11175537,42.994689941000004,0.0,99000.0
2680,1698.7511968,15.983312607,0.4137744904,0.4149740636,0.43248361350000003,2.0420634747,53.022083282,0.4867847264,0.0,160.45996094,43.134113312,0.0,99000.0
2681,1698.9031968,15.981125832,0.4174338877,0.41473037,0.4387997091,2.0400052071,52.457492828,0.4858955145,0.0,160.12722778,43.260894775,0.0,99000.0
2682,1699.0551967999997,15.980099678,0.4263651669,0.42192593219999996,0.4449488521,2.03465271,50.863563538,0.47753897310000004,0.0,159.96667480000002,43.349712372,0.0,99000.0
2683,1699.2071967999998,15.979901314000001,0.43707039950000004,0.4324668646,0.45210015770000006,2.0339667797,48.843971251999996,0.4694665968,0.0,159.69804382,43.37073135399999,0.0,99000.0
2684,1699.3591967999998,15.979867935,0.4502368271,0.4446278512,0.4614733756,2.0444288254,47.29901886,0.46723803880000003,0.0,159.12672424,43.398784637,0.0,30000.0
2685,1699.5111967999999,15.979767799000001,0.4641970694,0.458625406,0.46996667979999995,2.059636116,45.848125458,0.4636397064,0.0,158.56393433,43.540107727,0.0,30000.0
2686,1699.6631968,15.979700089000001,0.47090354560000003,0.4694010019,0.4756961465,2.0757079124,44.871250153000005,0.4592179656,0.0,158.15103149,43.616584778000004,0.0,30000.0
2687,1699.8151967999997,15.979667664,0.4683847427,0.47051733729999995,0.48031806950000006,2.0861778259,45.146663666,0.4650541544,0.0,157.58172607,43.565540313999996,0.0,30000.0
2688,1699.9671967999998,15.979568481,0.45907369259999997,0.4634504318,0.48141691090000005,2.0918076038,45.543895721000005,0.4776765704,0.0,157.29374695,43.51461792,0.0,30000.0
2689,1700.1191967999998,15.979499817,0.4473870993,0.451751411,0.4736008644,2.0900657177,46.252655028999996,0.481785655,0.0,157.43869019,43.602329254,0.0,30000.0
2690,1700.2711967999999,15.979405403,0.4332710803,0.4390670359,0.4620452523,2.0812118053,45.844181061,0.4725658596,0.0,158.31021118,43.816955566000004,0.0,30000.0
2691,1700.4231968,15.979106903,0.41973096130000004,0.4248455763,0.4493015409,2.0637645721,45.074806213,0.4632065296,0.0,159.19438171,44.000370026000006,0.0,30000.0
2692,1700.5751968,15.978806495999999,0.4110287726,0.41365492340000004,0.4394929707,2.0521097183,44.985355377,0.4666098356,0.0,160.14306641,44.114887238,0.0,30000.0
2693,1700.7271967999998,15.978507996,0.4111230671,0.4099290371,0.4353219867,2.0468559265,45.025279999,0.4821048975,0.0,161.12290955,44.126014708999996,0.0,30000.0
2694,1700.8791967999998,15.978208542,0.41622921820000003,0.4138404727,0.4378095567,2.0486419201,44.573291778999995,0.49918639659999997,0.0,161.879776,43.950538635,0.0,30000.0
2695,1701.0311967999999,15.977909087999999,0.42221423979999995,0.42018970850000004,0.4421879947,2.0606043338999998,43.533145905,0.5131241679,0.0,162.80931091,43.632061005,0.0,30000.0
2696,1701.1831968,15.977609634,0.4281973541,0.4258954227,0.44677647950000005,2.0634675026,42.00207901,0.5118674636,0.0,163.66889954,43.447250366000006,0.0,30000.0
2697,1701.3351968,15.977903366,0.4348794222,0.43223422770000003,0.4518674314,2.0547623634,41.580192566,0.5067488551,0.0,163.96817017,43.472946166999996,0.0,30000.0
2698,1701.4871967999998,15.979952812,0.44255399700000003,0.4396220446,0.45826932789999997,2.0505468844999997,42.409889221,0.5095773339,0.0,163.29730225,43.559398651,0.0,30000.0
2699,1701.6391967999998,15.982902527,0.45122572780000003,0.4478199482,0.4648339748,2.0518314838,43.563400269,0.5066037774000001,0.0,161.48986816,43.664859772,0.0,30000.0
2700,1701.7911967999999,15.985995293,0.4608893692,0.45711737869999997,0.4708020091,2.0525403022999997,44.813453673999994,0.5051358342,0.0,159.43365479,43.835720062,0.0,30000.0
2701,1701.9431968,15.989088058,0.468118608,0.4659895599,0.4747004509,2.0463519096000002,46.76159668,0.4962050021,0.0,158.13493347,44.177749633999994,0.0,99000.0
2702,1702.0951968,15.992178917,0.4672654867,0.4689524472,0.4746612906,2.0444409847,48.871955872,0.481605202,0.0,157.77302551,44.312835693000004,0.0,99000.0
2703,1702.2471967999998,15.994625092,0.4591888189,0.4630737603,0.4720914662,2.0587563515,50.091590881,0.46771755810000004,0.0,157.83790588,44.224731445,0.0,99000.0
2704,1702.3991967999998,15.995144844,0.4485324919,0.45292827490000004,0.466273427,2.0723204613,51.615776061999995,0.4623806179,0.0,157.89216614,44.235630035,0.0,99000.0
2705,1702.5511967999998,15.994916916,0.43756327030000003,0.4418598413,0.4566631317,2.0800337791,53.600345612,0.46898537869999996,0.0,157.23040771,44.325901031,0.0,99000.0
2706,1702.7031968,15.994617462,0.4286116064,0.4322440326,0.4479531944,2.0857923031,54.701080321999996,0.4755099714,0.0,155.90986633,44.458705902,0.0,99000.0
2707,1702.8551968,15.994292259000002,0.42465847729999995,0.4259591103,0.4405258298,2.0923712254,54.547145844,0.4734560847,0.0,154.35191345,44.422813416000004,0.0,99000.0
2708,1703.0071967999997,15.993920326,0.429345876,0.4265604615,0.43726047869999995,2.0952379704,54.492385864,0.4550747871,0.0,152.88175964,44.233322144,0.0,99000.0
2709,1703.1591967999998,15.993619919,0.44331255560000005,0.43657457829999996,0.4461345077,2.0937263966,53.495037079,0.4429957271,0.0,151.51010132,44.132049561,0.0,99000.0
2710,1703.3111967999998,15.943566322,0.46491009,0.4550471604,0.45816865560000003,2.0958197117,52.540809631,0.4338214099,0.0,150.59747314,44.088169098,0.0,99000.0
2711,1703.4631967999999,15.83704567,0.4881830812,0.4789017141,0.46950206159999996,2.1010842323,51.472305298,0.4313863814,0.0,150.82757568,44.034713745,0.0,99000.0
2712,1703.6151968,15.948215485,0.4992880225,0.4971306324,0.4787161052,2.0998485088,49.207111358999995,0.4396730661,0.0,151.72395325,43.970283508,0.0,99000.0
2713,1703.7671967999997,15.992424010999999,0.49183243509999997,0.49706599119999995,0.4845506847,2.1006669998,47.715557098000005,0.44721779229999997,0.0,151.786026,43.907711029,0.0,99000.0
2714,1703.9191967999998,15.992124557,0.4772156179,0.4835000634,0.49023440479999997,2.1052112578999997,48.197425842,0.4549794495,0.0,150.75636292,43.930702208999996,0.0,99000.0
2715,1704.0711967999998,15.991825104,0.4635562897,0.4688830674,0.4959464967,2.1052622794999998,49.785240173000005,0.4542067647,0.0,149.76251221,44.020248413000004,0.0,99000.0
2716,1704.2231967999999,15.99152565,0.45123624799999995,0.4561095834,0.5017322302,2.0830869675,50.207172394,0.4450097978,0.0,149.23649597,44.117462158,0.0,99000.0
2717,1704.3751968,15.991226196,0.44506582619999996,0.44677013159999995,0.5055385828,2.0612607002,49.381984711,0.4449920058,0.0,149.12893677,44.100711823000005,0.0,99000.0
2718,1704.5271968,15.990927695999998,0.44785168770000006,0.44572228189999996,0.5038724542,2.0639593600999997,46.557983398000005,0.4545021951,0.0,148.99989319,44.001747131,0.0,99000.0
2719,1704.6791967999998,15.990628242,0.457672894,0.4532696903,0.5051505566,2.0781564713,43.55103302,0.4604553282,0.0,148.27256775,43.843711853,0.0,99000.0
2720,1704.8311967999998,15.990329742,0.46963968869999995,0.4649831057,0.509539783,2.0868175030000002,42.396537781,0.45910897850000004,0.0,147.20306396,43.680229186999995,0.0,99000.0
2721,1704.9831967999999,15.990029335,0.48160913590000004,0.47707808020000003,0.5140439272,2.1032552719,44.269515991000006,0.46156340840000004,0.0,145.76676941,43.566665648999994,0.0,99000.0
2722,1705.1351968,15.989730835,0.4935759604,0.48892593380000005,0.5187240243,2.1188735962000003,45.833030701000006,0.4622617066,0.0,144.0402832,43.312034607,0.0,99000.0
2723,1705.2871968,15.989431381,0.5030302405,0.49982509020000004,0.5204311609000001,2.1358604431,46.452106476000004,0.4650357664,0.0,142.19708252,42.962299347,0.0,99000.0
2724,1705.4391967999998,15.989131927,0.5047479272,0.5055485964,0.5129787325999999,2.1459221840000002,47.43825531,0.4727805555,0.0,140.47779846,42.820106506,0.0,99000.0
2725,1705.5911967999998,15.988833427000001,0.5002592206,0.5026184915999999,0.5004701614,2.1473526955,46.996643066000004,0.4715951085,0.0,139.70509338,43.066749573,0.0,99000.0
2726,1705.7431967999999,15.988533974000001,0.4886893332,0.4945382178,0.48782306909999995,2.1420691013,44.280128479,0.4639996886,0.0,139.58616638,43.518562317,0.0,99000.0
2727,1705.8951968,15.98823452,0.4718732834,0.47901958229999997,0.475302875,2.1351253986,42.750343323,0.460770309,0.0,139.82556152,43.8592453,0.0,30000.0
2728,1706.0471968,15.987935065999999,0.45453819630000003,0.4612990022,0.4629093409,2.1286613941,42.837741852,0.4670776129,0.0,140.82919312,44.085002898999996,0.0,30000.0
2729,1706.1991967999998,15.987635612,0.45167702439999996,0.44994285700000003,0.4504396617,2.1182653904,43.253528595,0.4705037773,0.0,142.48971558,44.337818146000004,0.0,30000.0
2730,1706.3511967999998,15.987315178,0.4564403594,0.454618752,0.4379757643,2.1085932255,43.94065856899999,0.46331936119999995,0.0,144.56929016,44.495197296,0.0,30000.0
2731,1706.5031967999998,15.986938477,0.4586075246,0.4579697847,0.4257343113,2.1033830643,45.624874115,0.45945456619999997,0.0,146.71138,44.34677887,0.0,99000.0
2732,1706.6551967999999,15.986639023,0.45718419549999995,0.4583042562,0.4152880907,2.1036999225999997,47.490413666,0.4625679553,0.0,148.67733765,44.19770813,0.0,99000.0
2733,1706.8071968,15.986339569,0.4493722022,0.45341616869999996,0.4107503593,2.101536274,47.95790863,0.45924630759999996,0.0,150.52258301,44.144065857,0.0,99000.0
2734,1706.9591967999997,15.987535477,0.43660065530000003,0.4420096278,0.41593503950000005,2.0909271240000002,47.95442962600001,0.4557749033,0.0,151.96450806,43.999408722,0.0,99000.0
2735,1707.1111967999998,15.995033264000002,0.4345833063,0.4321191907,0.4236099124,2.0823440552,47.711654663000004,0.4643580914,0.0,152.97999573,43.752765656,0.0,99000.0
2736,1707.2631967999998,15.870221138,0.4506766796,0.4418455362,0.4346397519,2.0827744007,48.568984985,0.47719818350000004,0.0,153.70437622,43.395225525,0.0,99000.0
2737,1707.4151967999999,15.109044075,0.47479769590000004,0.46467050909999996,0.4513186514,2.0923678875,49.485923766999996,0.4865154028,0.0,153.84361267,43.200954437,0.0,99000.0
2738,1707.5671968,14.153103827999999,0.5009117723,0.4899888039,0.4681076109,2.1078679562000002,50.069324493,0.4918000102,0.0,153.49511719,43.079277039,0.0,99000.0
2739,1707.7191967999997,13.909125328,0.5231453776,0.5157834291,0.48538339140000003,2.1118607521,50.436828613,0.496584326,0.0,153.01708984,42.81401062,0.0,99000.0
2740,1707.8711967999998,13.884512900999999,0.5298320055,0.5306699276,0.5039739609,2.1131465435,50.209461212,0.4972330332,0.0,152.32286072,42.676830292,0.0,99000.0
2741,1708.0231967999998,13.813867569000001,0.5231871009000001,0.5273164511,0.5215355754,2.1128945350999997,50.59702301,0.4896133244,0.0,151.69993591,42.850387573,0.0,99000.0
2742,1708.1751967999999,13.734354973,0.5132130384,0.5171201229,0.5331786871,2.1096756458000003,51.791297913,0.48498594759999997,0.0,151.29853821,43.149032593,0.0,99000.0
2743,1708.3271968,13.722384453,0.5038161874,0.5077651143,0.5334550142,2.1167411804,52.536792755,0.4875481725,0.0,150.6496582,43.42993927,0.0,99000.0
2744,1708.4791968,14.009730339,0.4954129457,0.49873012299999997,0.5298249125,2.1338438988,54.188709259,0.4946658611,0.0,150.04374695,43.604202271000005,0.0,65000.0
2745,1708.6311967999998,14.639728545999999,0.4880021214,0.4909213483,0.5230974555,2.1492922306,56.303218842,0.4995918572,0.0,150.04980469,43.656993866,0.0,65000.0
2746,1708.7831967999998,15.581810951,0.47931587700000006,0.4831199348,0.5152495503,2.1578612328,57.835021973,0.49112388490000003,0.0,150.96382141,43.767585753999995,0.0,65000.0
2747,1708.9351967999999,15.956354140999998,0.46764445299999996,0.4730536938,0.5155120492,2.154088974,59.090122223,0.47376930710000004,0.0,151.39907837,43.741191863999994,0.0,65000.0
2748,1709.0871968,16.000747681,0.4580582976,0.46060934659999997,0.518458128,2.1483955383,58.799301147,0.46234887840000005,0.0,150.74491882,43.683086395,0.0,65000.0
2749,1709.2391968,16.001451492,0.4606049657,0.45669448380000005,0.5201560854999999,2.1327939034,58.77021026600001,0.45899999140000003,0.0,149.85565186,43.768260956000006,0.0,65000.0
2750,1709.3911967999998,16.001152039,0.47727146740000004,0.4690171778,0.5184551477,2.1209795475,59.796913147,0.4592519403,0.0,148.66635132,43.887935638,0.0,65000.0
2751,1709.5431967999998,16.000854492000002,0.5025451182999999,0.49154990909999996,0.5123955011,2.1197535992,60.697719574,0.46109452840000004,0.0,147.99360657,44.037605286,0.0,65000.0
2752,1709.6951967999998,16.000555037999998,0.5188673735,0.5158347487,0.5054088235,2.1216454506,61.081726073999995,0.4646064639,0.0,148.14749146,44.234336853,0.0,65000.0
2753,1709.8471968,15.863218307,0.5198005438000001,0.5210478902000001,0.49545848369999995,2.1337044239,62.10973739600001,0.47032365200000004,0.0,148.45297241,44.423377991,0.0,65000.0
2754,1709.9991968,15.023266792000001,0.505962193,0.5147132874,0.4839412272,2.1331250668,63.123180389,0.4780195653,0.0,148.53892517,44.525810242,0.0,65000.0
2755,1710.1511967999998,14.678863525,0.4823861122,0.4926165342,0.4692268968,2.1256668568,63.427043915,0.4820416868,0.0,148.21862793,44.479930878000005,0.0,65000.0
2756,1710.3031967999998,14.655292510999999,0.4574533999,0.4677302241,0.45389181380000004,2.120667696,63.533332825,0.480391711,0.0,147.87417603,44.397533417,0.0,65000.0
2757,1710.4551967999998,14.694244385,0.4346759617,0.44325849409999996,0.4370295703,2.1114449501,63.460132599,0.4752921164,0.0,147.6252594,44.37707901,0.0,65000.0
2758,1710.6071967999999,14.692831039000001,0.42983284590000004,0.42679074409999995,0.42212739590000004,2.0985958576,63.949676514,0.4701227546,0.0,147.03047180000002,44.416126251,0.0,65000.0
2759,1710.7591968,14.512619019,0.44415169950000005,0.4363125861,0.41751104590000004,2.0843057631999997,64.406211853,0.47029960159999995,0.0,147.0249939,44.52059555100001,0.0,65000.0
2760,1710.9111967999997,14.379452705,0.4636334181,0.4558205903,0.4245399535,2.0737903118000003,63.148601532,0.4794206619,0.0,147.41926575,44.611179352,0.0,65000.0
2761,1711.0631967999998,14.392530441,0.48040583729999997,0.4750013649,0.43260180950000005,2.0739183426,62.673568726000006,0.4821026921,0.0,146.84034729,44.467781067,0.0,65000.0
2762,1711.2151967999998,14.427427292,0.4864736497,0.487036556,0.4362640083,2.0854697227,63.424411774,0.465297699,0.0,145.19262695,44.136405945,0.0,65000.0
2763,1711.3671967999999,14.411020279,0.485476315,0.48576432469999997,0.43865513799999994,2.0953240395,64.00310516399999,0.44701495770000005,0.0,143.70265198,44.024318695,0.0,65000.0
2764,1711.5191968,14.384278297,0.4850000143,0.4848000109,0.4432622194,2.1041171551,63.73796463,0.4472652078,0.0,144.31864929,44.005348206,0.0,65000.0
2765,1711.6711968,14.357257843,0.48292651770000006,0.48436322810000004,0.448749274,2.1146097183,63.284919738999996,0.46024644369999995,0.0,145.43948364,44.112434387,0.0,65000.0
2766,1711.8231967999998,14.30638504,0.4779056311,0.4803979695,0.4545437098,2.1090605259,63.017539978,0.47224885229999997,0.0,145.44703674,44.369083405,0.0,65000.0
2767,1711.9751967999998,14.342624664,0.47192165259999996,0.47432354090000006,0.46283721920000004,2.0996460915,62.836986542,0.4772896171,0.0,144.9193573,44.390117645,0.0,65000.0
2768,1712.1271967999999,14.478245735,0.4730833173,0.46995502710000003,0.4715488553,2.0938744545,63.178665161000005,0.4909416437,0.0,144.86531067,44.403709412,0.0,65000.0
2769,1712.2791968,14.478928565999999,0.4886782765,0.480086863,0.4758387208,2.0882730484,63.475166321,0.5000386834,0.0,145.19775391,44.578948975,0.0,65000.0
2770,1712.4311968,14.420852661,0.5065662861,0.5012883544,0.4726278782,2.0840578079,63.11946106,0.49950984119999997,0.0,145.51185608,44.780609131000006,0.0,65000.0
2771,1712.5831967999998,14.353852272000001,0.5029512048,0.5110151172,0.4544208944,2.0858089924,62.204612732,0.5051020384,0.0,145.5713501,44.927692413,0.0,65000.0
2772,1712.7351967999998,14.263558388,0.4625130892,0.4867380261,0.4322728515,2.0892603397,61.604553223,0.4915628731,0.0,145.65429688,44.911521912,0.0,65000.0
2773,1712.8871967999999,14.125260353,0.4081186056,0.4282718599,0.4131678343,2.0871183872,61.277061462,0.4718446136,0.0,145.95217896,44.761470795,0.0,65000.0
2774,1713.0391968,13.946257590999998,0.3627203107,0.38019081950000005,0.4139040112,2.0773966312,59.72203064,0.4689521492,0.0,146.81141663,44.674411774,0.0,65000.0
2775,1713.1911968,13.747659683,0.3409999907,0.34170842170000004,0.4145978093,2.0598590374000003,59.75132370000001,0.4831454158,0.0,147.90057373,44.713024139,0.0,65000.0
2776,1713.3431967999998,13.596975327000001,0.3664574623,0.3454675674,0.4115196764,2.0247733593,59.378620148,0.49542859200000006,0.0,148.48275757,44.710708618000005,0.0,65000.0
2777,1713.4951967999998,13.504341125,0.43389970060000005,0.4003285766,0.41027730700000004,1.9823105335,58.990581512,0.49339747429999997,0.0,148.10025024,44.629257202,0.0,65000.0
2778,1713.6471967999998,13.420007706,0.5200988054,0.484294802,0.40543070439999995,1.9567482471000002,58.404636383,0.47779539229999995,0.0,145.13842773,44.44392395,0.0,65000.0
2779,1713.7991968,13.255074501,0.5823739767,0.567792654,0.40169140700000006,1.9565740824000002,56.95217514,0.4580271542,0.0,139.73434448,43.96188736,0.0,70000.0
2780,1713.9511968,13.108590126,0.5899421573,0.5979039073,0.40599069,1.9888192415000001,54.827800751000005,0.45777395369999996,0.0,135.56001282,43.381557465,0.0,70000.0
2781,1714.1031967999998,13.32660675,0.5561389327,0.5755772591,0.4196950197,2.024616003,54.041564941000004,0.46433362359999997,0.0,136.70170593,43.052127838000004,0.0,70000.0
2782,1714.2551967999998,13.520454407,0.5054236054,0.5273523927,0.4476700425,2.0293257236,53.819412231,0.4626155198,0.0,142.91499329,42.987892151000004,0.0,70000.0
2783,1714.4071967999998,13.626906395,0.457690686,0.47455802560000004,0.47899281979999997,2.0246355534,55.81306839,0.4671542943,0.0,148.31204224,43.159042358,0.0,70000.0
2784,1714.5591967999999,14.149155617,0.4341267049,0.4358073473,0.4972680807,2.0261414050999997,57.259796143,0.47476074100000004,0.0,150.39204407,43.435131073,0.0,65000.0
2785,1714.7111968,14.818847655999999,0.4389846623,0.43277314310000004,0.4967074096,2.0420832634,59.026473999,0.4792002738,0.0,151.29814148,43.561183928999995,0.0,65000.0
2786,1714.8631967999997,15.079504013,0.4493169487,0.4469074607,0.4744583964,2.0668659209999998,61.627883911000005,0.4709642529,0.0,151.97460938,43.66104126,0.0,65000.0
2787,1715.0151967999998,15.335125923,0.45015695689999996,0.4512824118,0.4591417611,2.0800778866,63.89939880399999,0.45402416590000005,0.0,152.89022827,43.880260468,0.0,65000.0
2788,1715.1671967999998,15.341917992,0.4493742287,0.44807803630000004,0.4639280736,2.0838887691,65.60509491,0.4550834596,0.0,153.55690002,43.944927216,0.0,65000.0
2789,1715.3191967999999,15.044923782,0.4591981471,0.4519813657,0.4814174771,2.0752849579,66.961257935,0.46654260159999994,0.0,153.15863037,43.881286621,0.0,65000.0
2790,1715.4711968,15.144106865,0.4766969383,0.4696964622,0.49182802439999995,2.0713653564,66.82447052,0.4706374407,0.0,152.32696533,43.726791381999995,0.0,65000.0
2791,1715.6231968,14.947504997000001,0.4887008667,0.48627901079999997,0.4883960783,2.0666515827,65.071510315,0.46979394560000004,0.0,151.77128601,43.517677307,0.0,65000.0
2792,1715.7751967999998,14.389118195,0.49334234,0.4917685091,0.48230981829999997,2.0581748486,63.401821136,0.4760365486,0.0,151.33610535,43.372333526999995,0.0,65000.0
2793,1715.9271967999998,14.456828117,0.4954448342,0.4952356219,0.476128459,2.0599403381,63.789852142,0.4896009266,0.0,151.13116455,43.320343018,0.0,65000.0
2794,1716.0791967999999,14.951403617999999,0.4924629331,0.4956763685,0.47005933520000004,2.0653073788,65.21439361600001,0.5024045706,0.0,151.32771301,43.412467957,0.0,65000.0
2795,1716.2311968,15.199323654,0.4831652343,0.4877687693,0.4641158283,2.0700922012,66.521812439,0.4994943142,0.0,151.79800415,43.519275665,0.0,65000.0
2796,1716.3831968,15.022053719,0.47132137420000003,0.476736933,0.4544395208,2.0701532364,66.783103943,0.4820154905,0.0,152.51081848,43.455673218,0.0,65000.0
2797,1716.5351967999998,14.381121635,0.4592236578,0.4640099108,0.4472489953,2.0770661831,66.140281677,0.47758847479999994,0.0,153.22448730000002,43.445762634,0.0,65000.0
2798,1716.6871967999998,13.91651535,0.4504109919,0.45272597670000003,0.439812094,2.0816764832,65.484306335,0.49171197409999995,0.0,153.79278564,43.56696701,0.0,65000.0
2799,1716.8391967999999,13.886491776,0.4478584826,0.4474486411,0.4307568371,2.0779399872,64.787338257,0.4980255067,0.0,153.76997375,43.509449005,0.0,65000.0
2800,1716.9911968,13.887259483,0.4507066011,0.44921055439999996,0.4223578274,2.0792734622999998,65.332733154,0.4919525683,0.0,153.21549988,43.467716216999996,0.0,65000.0
2801,1717.1431968,13.799282074,0.4551196694,0.4534071386,0.4170511067,2.0783746243,65.59941864,0.4864371121,0.0,152.84805298,43.642295837,0.0,65000.0
2802,1717.2951967999998,13.739326477,0.4567359984,0.45783483979999995,0.415014714,2.0814812183,65.087852478,0.48367178439999997,0.0,152.76126099,43.840000153000005,0.0,65000.0
2803,1717.4471967999998,13.717028617999999,0.4562558532,0.4548575282,0.41581684350000003,2.0804202557,64.457565308,0.4775615633,0.0,152.65737915,44.014583588,0.0,65000.0
2804,1717.5991967999998,13.701976775999999,0.4642404318,0.4582340717,0.4223869443,2.070463419,64.507194519,0.4701633751,0.0,152.19551086,44.175571442,0.0,65000.0
2805,1717.7511968,13.687882423,0.4738265872,0.4729189873,0.43435835840000003,2.0620391369,65.349899292,0.48048865799999996,0.0,151.58540344,44.30291748,0.0,65000.0
2806,1717.9031968,13.67737484,0.4782857597,0.474493593,0.4547214806,2.0730602741,66.114738464,0.4873729646,0.0,151.19387817,44.327320099,0.0,65000.0
2807,1718.0551967999997,13.549799919000002,0.4931997955,0.48358371850000004,0.4759558141,2.0883307457,68.402053833,0.4846978486,0.0,150.71986389,44.210456848,0.0,65000.0
2808,1718.2071967999998,13.360251427,0.5161082149,0.5084992647,0.4970977306,2.0924994946,68.319656372,0.4709223807,0.0,150.20870972,44.099647522,0.0,65000.0
2809,1718.3591967999998,13.292107582,0.5251812935,0.5278855562,0.5162266493,2.0924060344999997,66.706344604,0.47532016039999997,0.0,149.71514893,44.068904877,0.0,65000.0
2810,1718.5111967999999,13.295998573,0.5161988139,0.5208015442,0.5292970538,2.0952992439,66.140922546,0.4851978123,0.0,149.47734069999998,44.000389098999996,0.0,65000.0
2811,1718.6631968,13.326424599000001,0.5093973875,0.5094282627000001,0.5344871283,2.0933051109,68.649963379,0.4828059375,0.0,149.17364502,43.873767853000004,0.0,65000.0
2812,1718.8151967999997,13.386865616,0.5088156462,0.5102949739,0.5347983240999999,2.0961840153,70.59551239,0.4789215624,0.0,148.69772339,43.70433044399999,0.0,65000.0
2813,1718.9671967999998,13.431452750999998,0.5066079497,0.5074225664,0.5334109068,2.1110832691,70.386032104,0.4800906479,0.0,148.35079956,43.516155243,0.0,65000.0
2814,1719.1191967999998,13.443867682999999,0.5052204132,0.50571841,0.5320152043999999,2.1281147003,69.332130432,0.47653901579999997,0.0,148.38302612,43.516483307,0.0,65000.0
2815,1719.2711967999999,13.445085526,0.5036128163,0.5041210054999999,0.5293353796,2.1341228485,66.666740417,0.4703812301,0.0,148.59671021,43.735927581999995,0.0,65000.0
2816,1719.4231968,13.460054397999999,0.5033844709,0.5030177832,0.5217243433,2.1232793331,64.088943481,0.473841846,0.0,148.97868347,43.872074127,0.0,65000.0
2817,1719.5751968,13.521059035999999,0.5047638416,0.5043742060999999,0.5138455033,2.1031737328,62.650314331000004,0.47841528060000005,0.0,149.09757996,43.961380005,0.0,65000.0
2818,1719.7271967999998,13.574061394000001,0.5075166225,0.5062592029999999,0.5054802299,2.0900788307,63.039978027,0.47409656640000003,0.0,149.40055847,44.160453796000006,0.0,65000.0
2819,1719.8791967999998,13.677804947,0.5092467666,0.5095216632,0.4953420758,2.0924358368,64.404060364,0.4658969939,0.0,150.17224121,44.358943939,0.0,65000.0
2820,1720.0311967999999,13.679327011,0.5053830743,0.5081401467000001,0.4867302179,2.0931811333000003,65.631637573,0.4688143432,0.0,150.67655945,44.548797607,0.0,65000.0
2821,1720.1831968,13.45704937,0.4980296195,0.5014975071,0.4785381854,2.0965013504,67.002182007,0.47734728460000003,0.0,151.03292847,44.668655396000005,0.0,65000.0
2822,1720.3351968,13.498989105,0.4915258586,0.49345985049999996,0.4608774185,2.0837268828999997,68.15143585199999,0.48534336689999996,0.0,151.57211304,44.71706390399999,0.0,65000.0
2823,1720.4871967999998,13.410120964,0.48351019619999996,0.4890477657,0.4356762171,2.0670771599,68.022880554,0.4835721552,0.0,151.51119995,44.844829559,0.0,65000.0
2824,1720.6391967999998,13.273280144000001,0.46310335399999997,0.4747382998,0.4027193785,2.0406813622,67.457565308,0.48369267579999997,0.0,151.13119507,45.00005722,0.0,65000.0
2825,1720.7911967999999,13.178503035999999,0.42921227219999997,0.4447170794,0.3855580986,2.0133862495,66.975326538,0.4805308282,0.0,150.38444519,45.03440856899999,0.0,65000.0
2826,1720.9431968,12.958851814,0.39118906859999997,0.4050814807,0.3867203295,1.9916057587,67.74785614,0.4784838557,0.0,150.27333069,45.01072692899999,0.0,65000.0
2827,1721.0951968,12.783508301,0.3778243363,0.3725520074,0.4142098129,1.9723631144,68.68206024199999,0.48136064409999996,0.0,151.1217804,45.063678741000004,0.0,65000.0
2828,1721.2471967999998,12.873356819000001,0.41424602270000005,0.3915842175,0.45065659280000003,1.9566370249,68.119689941,0.490932256,0.0,150.85539246,45.175601959,0.0,65000.0
2829,1721.3991967999998,13.031202316,0.4917853773,0.4525283575,0.48858496549999997,1.9580843449,67.531257629,0.5042214394,0.0,148.5743103,45.195556641,0.0,65000.0
2830,1721.5511967999998,13.10022068,0.6010406017000001,0.5543285012,0.5204390883,1.9681481123,67.217185974,0.5114372969,0.0,143.38745117,45.046482086000005,0.0,70000.0
2831,1721.7031968,13.146759987000001,0.7059468627,0.6719034314,0.5472217202,1.9889107943000002,66.319496155,0.5166165829,0.0,137.17333984,44.823120116999995,0.0,70000.0
2832,1721.8551968,13.306069374000002,0.7555750608,0.7527394891,0.5737605095,2.0099787712,65.318687439,0.5124720335,0.0,133.44192505,44.500526428,0.0,70000.0
2833,1722.0071967999997,13.556864738,0.7337130904000001,0.7495053411,0.6002804637,2.0269773006,64.886070251,0.4965167642,0.0,133.92816162,44.111499786,0.0,70000.0
2834,1722.1591967999998,13.846798897000001,0.6800600886,0.7061877251,0.6319716572999999,2.0206928253,64.94311523399999,0.4824783206,0.0,138.78903198,43.836761475,0.0,70000.0
2835,1722.3111967999998,14.021059035999999,0.6075860262,0.63756001,0.6457659602,1.9837815762,67.012969971,0.4823470414,0.0,144.90141296,43.721946716000005,0.0,70000.0
2836,1722.4631967999999,13.698717117000001,0.5390788913,0.5628513694,0.6373781561999999,1.9580988884000001,69.04837799100001,0.4901314378,0.0,148.74557495,43.745754242,0.0,70000.0
2837,1722.6151968,13.17160511,0.4898367822,0.5071898103,0.6077308655,1.9594640732,69.018127441,0.4920927286,0.0,149.7827301,43.950801848999994,0.0,65000.0
2838,1722.7671967999997,12.758907318,0.4545093775,0.46625265479999994,0.5693788528,1.9773901700999998,66.87126922600001,0.49433022740000004,0.0,149.95281982,44.204334259,0.0,65000.0
2839,1722.9191967999998,12.582565308,0.4392663836,0.4394626915,0.5149448514,1.9947838783,63.22723770100001,0.49265214799999996,0.0,151.04933167,44.343475342,0.0,65000.0
2840,1723.0711967999998,12.536977768,0.4485011399,0.4437623322,0.4668636024,2.0052173138,62.014282226999995,0.490566045,0.0,152.93006897,44.439949036,0.0,65000.0
2841,1723.2231967999999,12.515451430999999,0.4599139988,0.4567012787,0.4337962568,2.012062788,63.761817932,0.4885627925,0.0,153.69203186,44.657108307,0.0,65000.0
2842,1723.3751968,12.494113922,0.4576760828,0.4631106257,0.42598095539999997,2.0215730667,64.056007385,0.49435153600000004,0.0,154.02818298,44.744155883999994,0.0,65000.0
2843,1723.5271968,12.495951652999999,0.4427452385,0.4459733367,0.43171042200000004,2.0347297192,63.454006195,0.495265305,0.0,153.78782654,44.714157103999995,0.0,65000.0
2844,1723.6791967999998,12.514142035999999,0.4437305629,0.44029462340000003,0.43466681240000005,2.0460956097,63.613445282,0.490657419,0.0,153.64328003,44.621273041,0.0,65000.0
2845,1723.8311967999998,12.558485030999998,0.4553921521,0.45134058590000004,0.4218250215,2.0582683086,62.705940247,0.4903815985,0.0,153.79241943,44.465930938999996,0.0,65000.0
2846,1723.9831967999999,12.693843842,0.4599443376,0.46164050700000003,0.41615596409999994,2.0561418533,63.288742065,0.4952870011,0.0,153.55441284,44.265304565,0.0,65000.0
2847,1724.1351968,12.782160759000002,0.44936320189999995,0.45402464270000004,0.416873455,2.0636532307,64.252540588,0.5030213593999999,0.0,153.40278625,44.21918869,0.0,65000.0
2848,1724.2871968,12.765458107,0.4413002729,0.44194379450000004,0.4183495343,2.0788950919999998,63.743755341,0.5103677511,0.0,153.64071655,44.425720215,0.0,65000.0
2849,1724.4391967999998,12.768532752999999,0.44735965130000005,0.44222551579999997,0.4209228754,2.0829229355,63.68491745,0.5189070106,0.0,153.82983398,44.445419312,0.0,65000.0
2850,1724.5911967999998,12.794063568,0.4656038582,0.45787280799999996,0.4240620136,2.0752401352,64.745750427,0.5289226770000001,0.0,153.79016113,44.341461181999996,0.0,65000.0
2851,1724.7431967999999,12.804851532,0.48426407579999997,0.4768272042,0.4272545278,2.0610978603,65.312820435,0.5276806950999999,0.0,153.75048828,44.367218018,0.0,65000.0
2852,1724.8951968,12.777860640999998,0.4984481335,0.49491614100000003,0.4269771576,2.0510470866999997,65.472183228,0.5281118155,0.0,153.69747925,44.35963821399999,0.0,65000.0
2853,1725.0471968,12.744957924000001,0.4982671738,0.5017774701,0.426633954,2.0476057529,66.203353882,0.5133901238,0.0,153.5778656,44.179924011000004,0.0,65000.0
2854,1725.1991967999998,12.719442368,0.4838823974,0.49081343409999995,0.4321721792,2.0595941544,67.755523682,0.4954026043,0.0,153.49591064,44.255569458000004,0.0,65000.0
2855,1725.3511967999998,12.79355526,0.4698717594,0.4734328389,0.4383653402,2.0710730553,68.273872375,0.486864984,0.0,153.6008606,44.142536163,0.0,65000.0
2856,1725.5031967999998,12.972258567999999,0.4683978856,0.467607528,0.44446286560000003,2.0794332027,68.473953247,0.48828580979999997,0.0,153.63250732,44.043987273999996,0.0,65000.0
2857,1725.6551967999999,13.138483047000001,0.47449067229999997,0.471305728,0.44888004659999997,2.0873219967,68.312187195,0.4914914668,0.0,153.86450195,44.04152298,0.0,65000.0
2858,1725.8071968,13.260327339000002,0.48182278869999995,0.4797645807,0.4527206123,2.0918827057,66.598205566,0.4953953922,0.0,154.0428772,43.987998962,0.0,65000.0
2859,1725.9591967999997,13.429930687,0.48399999740000005,0.4839481115,0.4564222991,2.0971899033000003,64.45622253399999,0.48605895039999997,0.0,154.17604065,44.011341095,0.0,65000.0
2860,1726.1111967999998,13.621482849000001,0.48399999740000005,0.48448684810000003,0.461155802,2.0961630344,62.61466217,0.4773912132,0.0,154.00225830000002,44.125640868999994,0.0,65000.0
2861,1726.2631967999998,13.765757561,0.48399999740000005,0.4844999909,0.466906935,2.0931301117,62.45449829100001,0.47716557979999996,0.0,153.54945374,44.23033905,0.0,65000.0
2862,1726.4151967999999,13.827446938,0.4842636585,0.4844999909,0.47253400090000003,2.0961527824,64.344566345,0.48239296670000004,0.0,153.27171326,44.076370239,0.0,65000.0
2863,1726.5671968,13.827504158,0.486564815,0.4845860302,0.47751531,2.0931730269999997,66.50511169399999,0.48870572450000005,0.0,153.49873352,44.016452789,0.0,65000.0
2864,1726.7191967999997,13.749274254000001,0.49513337020000003,0.4901763797,0.4824037254,2.0880532265,67.019088745,0.4938895106,0.0,153.51715088,44.366565703999996,0.0,65000.0
2865,1726.8711967999998,13.805635452,0.5105767846,0.5047047734000001,0.4829288721,2.0868723391999997,66.91685485800001,0.4921186268,0.0,152.9541626,44.604454041000004,0.0,65000.0
2866,1727.0231967999998,13.849768639,0.5202409625,0.5187673569,0.48102402689999996,2.0903813839,65.380233765,0.4771187305,0.0,152.65988159,44.643894196000005,0.0,65000.0
2867,1727.1751967999999,13.887728691,0.5132467747,0.5179938674,0.4789142907,2.091340065,63.342884063999996,0.4648211896,0.0,152.85536194,44.654483795,0.0,65000.0
2868,1727.3271968,13.925689697000001,0.4955292046,0.5020774007,0.4769051969,2.0930948256999997,63.111312866000006,0.4642015994,0.0,153.58364868,44.522987366,0.0,65000.0
2869,1727.4791968,13.791312218,0.4815635681,0.487216264,0.47119188310000004,2.0911183357,62.585430145,0.4638929963,0.0,154.35453796,44.302818298000005,0.0,65000.0
2870,1727.6311967999998,13.681222916,0.4690591991,0.4732107818,0.4622001946,2.091373682,62.821365356,0.4764312804,0.0,154.74697876,44.112415313999996,0.0,65000.0
2871,1727.7831967999998,13.611742973,0.4656416476,0.4647022188,0.45305868979999997,2.0839426516999997,64.498527527,0.4966017008,0.0,155.19300842,44.00371933,0.0,65000.0
2872,1727.9351967999999,13.522926330999999,0.47803387049999996,0.4725371599,0.4490896761,2.0656809807,67.618515015,0.4887035191,0.0,154.58892822,44.19757843,0.0,65000.0
2873,1728.0871968,13.206051826,0.4952271283,0.48840117450000003,0.4567770064,2.0575606823,69.247367859,0.4772382975,0.0,153.88894653,44.180789948000005,0.0,65000.0
2874,1728.2391968,12.911062241,0.5101598501,0.506415844,0.46887645130000005,2.0683236122,67.858818054,0.4740696549,0.0,153.37242126,44.173938751,0.0,65000.0
2875,1728.3911967999998,12.805198669000001,0.5139999986,0.5132308602000001,0.4818608761,2.0833847522999998,67.989891052,0.4749607146,0.0,153.47608948,44.283000946,0.0,65000.0
2876,1728.5431967999998,12.784854889000002,0.5139999986,0.5144956708,0.49070924520000003,2.09029603,68.660148621,0.483792007,0.0,153.43232727,44.283000946,0.0,65000.0
2877,1728.6951967999998,12.789855003,0.5126546621,0.5141881107999999,0.4961364269,2.0888111591,68.74829101600001,0.4953203499,0.0,152.98953247,44.291969298999994,0.0,65000.0
2878,1728.8471968,12.825638771,0.5073359609,0.5087602139,0.4987251461,2.0904357433,68.092048645,0.4926352799,0.0,152.85638428,44.359302521000004,0.0,65000.0
2879,1728.9991968,12.933377265999999,0.506532371,0.5054716468,0.5002460479999999,2.0911457539,66.569709778,0.48071274159999994,0.0,152.68144226,44.553768158000004,0.0,65000.0
2880,1729.1511967999998,12.994450569000001,0.5130801797,0.5105500817,0.5015610456,2.0879352093,64.403343201,0.4729947746,0.0,153.05509949,44.73215866100001,0.0,65000.0
2881,1729.3031967999998,13.001817703,0.5170000196,0.5157037377,0.5036705732,2.0880134106,62.354911804,0.48164072630000004,0.0,153.62013245,44.467540741,0.0,65000.0
2882,1729.4551967999998,13.004824637999999,0.5170000196,0.5166811347,0.5079111457,2.0821995735,60.646179198999995,0.48349455,0.0,153.82603455,44.281375885,0.0,65000.0
2883,1729.6071967999999,13.011821747,0.5153323411999999,0.5167000293999999,0.5084768534,2.0803151131,59.470046997,0.4846119583,0.0,153.70515442,44.268016815,0.0,65000.0
2884,1729.7591968,13.037385940999998,0.5059094429,0.5103361010999999,0.5014721751,2.0727081299,60.195407867,0.4807110727,0.0,153.595047,44.347179413,0.0,65000.0
2885,1729.9111967999997,13.05507946,0.4915622473,0.4970811307,0.5006828904,2.0718631744,62.34167099,0.47881707549999997,0.0,153.60147095,44.146572113000005,0.0,65000.0
2886,1730.0631967999998,12.879545212,0.4815985262,0.4844369888,0.5034608245000001,2.0686590672,64.223579407,0.47323831920000003,0.0,153.60435486,43.889411926,0.0,65000.0
2887,1730.2151967999998,12.727118492,0.4833631217,0.4806444943,0.5066515207,2.0605442524,64.793556213,0.46097627280000003,0.0,153.75701904,43.918430328,0.0,65000.0
2888,1730.3671967999999,12.656852722,0.5009083748,0.4932574034,0.5092078447,2.0495581627,64.638900757,0.4620156884,0.0,154.21696472,43.97064209,0.0,65000.0
2889,1730.5191968,12.637166977,0.5175775886,0.5122824311,0.5143730639999999,2.0474374294,64.613685608,0.4816129804,0.0,154.56500244,43.904129028,0.0,65000.0
2890,1730.6711968,12.639084815999999,0.5199999809,0.5189267397,0.5297341943,2.0539748669,63.914356231999996,0.4929748774,0.0,154.67956543,43.774345398,0.0,65000.0
2891,1730.8231967999998,12.648539543,0.5190639496,0.5201506615,0.5279928446,2.0604205132,62.956893921,0.4935985804,0.0,154.79858398,43.677017211999996,0.0,65000.0
2892,1730.9751967999998,12.692211150999999,0.5142607689,0.5163784623,0.5240686536,2.0621705055,62.960395813000005,0.49926069380000004,0.0,154.8874054,43.828689575,0.0,65000.0
2893,1731.1271967999999,12.771559715,0.5106362104,0.5120936036,0.5275448561,2.0594847202,64.80294799800001,0.5091897249,0.0,154.526474,43.969100952,0.0,65000.0
2894,1731.2791968,12.721699715,0.5098974705,0.5091741681,0.5269858240999999,2.0542588234,66.082328796,0.5199150443,0.0,154.18762207,44.099075317,0.0,65000.0
2895,1731.4311968,12.599127769,0.5150594115,0.5129497050999999,0.5202860832,2.0483396053,67.197555542,0.5280478001,0.0,154.09489441,44.101215363,0.0,65000.0
2896,1731.5831967999998,12.536456108,0.5189540982,0.5181466341,0.5184999704,2.0481607914,68.596923828,0.5210327506,0.0,154.40148926,43.903961181999996,0.0,65000.0
2897,1731.7351967999998,12.520474434,0.5136561394,0.5155200362,0.5199657083,2.0585284233000003,68.875183105,0.5067744255,0.0,153.76802063,43.719776153999995,0.0,65000.0
2898,1731.8871967999999,12.534893036,0.5114930272,0.5127092004,0.5190934539000001,2.0684168338999998,68.22718811,0.4939237237,0.0,152.47427368,43.65177536,0.0,65000.0
2899,1732.0391968,12.571287155,0.5070006251,0.5097484589,0.5241393447,2.0711128712,66.93479919399999,0.489261359,0.0,151.40762329,43.716842651,0.0,65000.0
2900,1732.1911968,12.643332481,0.49585416909999996,0.49961215259999997,0.5312952995,2.0749635696,66.142417908,0.4917529523,0.0,150.44400024,43.52997207600001,0.0,65000.0
2901,1732.3431967999998,12.647408485,0.49258086090000003,0.49152660369999995,0.5340650678,2.0701658726,65.507019043,0.5012208819,0.0,149.12074280000002,43.426197052,0.0,65000.0
2902,1732.4951967999998,12.575751305,0.5094842315,0.5019510388,0.5319746137,2.0620851517,63.767555236999996,0.5090538859,0.0,147.47698975,43.617435455,0.0,65000.0
2903,1732.6471967999998,12.562559128,0.5314318538,0.5227226615,0.526591599,2.0555672646,62.379428864,0.5044295192,0.0,146.43324280000002,43.867870331000006,0.0,65000.0
2904,1732.7991968,12.572350502,0.5503061414,0.5446823835,0.5202079414999999,2.0536484718,61.721126556,0.5046578646000001,0.0,146.23262024,44.11838913,0.0,65000.0
2905,1732.9511968,12.563372612,0.5468767285,0.551225245,0.5173997283,2.0631020069,62.804264069,0.49984878299999996,0.0,147.05612183,44.26065444899999,0.0,65000.0
2906,1733.1031967999998,12.55301857,0.5129765868,0.5263954997,0.5214874744,2.0846238136,63.333919525,0.4899973869,0.0,147.62631226,44.110538483,0.0,65000.0
2907,1733.2551967999998,12.549682617,0.4834184945,0.4924936593,0.5275448561,2.1081597805000003,63.23449707,0.49109977479999994,0.0,147.23832703,43.88840866100001,0.0,65000.0
2908,1733.4071967999998,12.589549065,0.4841305614,0.4814979434,0.5213027596,2.1085305213999996,63.255874633999994,0.49945464729999994,0.0,145.57620239,43.774459838999995,0.0,65000.0
2909,1733.5591967999999,12.669115067,0.5122240782,0.5018566847,0.5066161156,2.0991284847,63.786552429,0.5055987239,0.0,143.93495178,43.720672607,0.0,65000.0
2910,1733.7111968,12.703110695,0.5285547375999999,0.525888741,0.49487972259999996,2.0963523388,64.225921631,0.509996593,0.0,143.96273804,43.807010651000006,0.0,65000.0
2911,1733.8631967999997,12.744456290999999,0.5029541254,0.5133656859000001,0.485296309,2.1030566692,65.11087036100001,0.5091170669,0.0,145.2956543,44.002029418999996,0.0,65000.0
2912,1734.0151967999998,12.822120667,0.4766024947,0.48496061560000003,0.4825803936,2.0885183811,65.523536682,0.5077412128000001,0.0,148.74351501,44.16370010399999,0.0,65000.0
2913,1734.1671967999998,12.887379646,0.47451820969999997,0.47473970060000004,0.48548942799999995,2.0691757202,66.001731873,0.5108539462,0.0,152.17826843,44.134311676,0.0,65000.0
2914,1734.3191967999999,12.918087959000001,0.478635937,0.4767339528,0.4883439541,2.0611753463999998,65.82990264899999,0.5107193589,0.0,153.59724426,44.143924713000004,0.0,65000.0
2915,1734.4711968,12.933209419,0.48386964200000004,0.4814190865,0.4877695143,2.0580458641,65.084877014,0.5107066631,0.0,154.19792175,43.951953888,0.0,65000.0
2916,1734.6231968,12.951587677000001,0.4917063415,0.4883542955,0.4860737324,2.0609066486,64.266105652,0.4944535196,0.0,153.83703613,43.84708023100001,0.0,65000.0
2917,1734.7751967999998,12.96757412,0.5057837963,0.5004153847999999,0.4907013774,2.0692694187000003,64.014259338,0.4829986095,0.0,153.95565796,43.748413086000006,0.0,65000.0
2918,1734.9271967999998,12.976826668,0.5201656818,0.5149687529,0.4998601973,2.0686347485,64.698600769,0.4920983315,0.0,154.07460022,43.714809418,0.0,65000.0
2919,1735.0791967999999,13.005880355999999,0.5268414617,0.525623858,0.5073394775,2.0614471436,64.578773499,0.49414455890000003,0.0,153.60211182,43.781497955,0.0,65000.0
2920,1735.2311968,13.047127724000001,0.50666219,0.5154030919,0.5111906528,2.0551898479,64.055274963,0.48253589869999997,0.0,153.36218262,43.847454071,0.0,65000.0
2921,1735.3831968,13.095843315,0.4802165627,0.48887559770000005,0.5139836669,2.0531749725,63.830242157,0.4789084494,0.0,153.12442017,43.912414551000005,0.0,65000.0
2922,1735.5351967999998,13.15087986,0.4834845066,0.48172295090000006,0.5164229274000001,2.0448145866,64.061828613,0.47863548990000004,0.0,153.47335815,43.943958282,0.0,65000.0
2923,1735.6871967999998,13.21295166,0.4980739057,0.49182203409999997,0.5170999765,2.0346498489,65.59088897699999,0.4776968658,0.0,153.00762939,43.818962096999996,0.0,65000.0
2924,1735.8391967999999,13.27299881,0.5177122355,0.5102266072999999,0.5173100829,2.037052393,67.49465942399999,0.4881149232,0.0,153.12203979,43.682552338,0.0,65000.0
2925,1735.9911968,13.286709785,0.5328032374,0.5280536413,0.5196330547,2.0500464439,68.630912781,0.5047723651,0.0,153.23431396,43.636806488000005,0.0,65000.0
2926,1736.1431968,13.281290054000001,0.5303321481000001,0.5315709710000001,0.5233105421,2.0690171719,68.14240264899999,0.502841413,0.0,153.58866882,43.744426727,0.0,65000.0
2927,1736.2951967999998,13.275870323,0.5226969122999999,0.526121676,0.5272700787,2.0721838474000003,67.224716187,0.4867500663,0.0,153.48609924,43.70967865,0.0,65000.0
2928,1736.4471967999998,13.013631820999999,0.5091891289,0.5145511031000001,0.5308449864,2.0613510609,67.666488647,0.47817224259999996,0.0,153.24479675,43.400577545,0.0,65000.0
2929,1736.5991967999998,12.776277542,0.5016143322,0.5037716627000001,0.5331369638,2.0491285324,68.26815795899999,0.4866581857,0.0,153.35543823,43.158737183,0.0,65000.0
2930,1736.7511968,12.749180794,0.5087630153,0.5055907369,0.5348634720000001,2.0407092571,67.252952576,0.49301630259999996,0.0,153.24491882,43.109340668,0.0,65000.0
2931,1736.9031968,12.729373932,0.5184018015999999,0.5143460631,0.5342407822999999,2.0401365757,66.021263123,0.48530828950000005,0.0,153.12597656,43.164031982,0.0,65000.0
2932,1737.0551967999997,12.637666702,0.5355892777000001,0.5289443731,0.5348544121,2.0423259735,66.359687805,0.47607105969999997,0.0,153.23211669999998,43.136482238999996,0.0,65000.0
2933,1737.2071967999998,12.575857162,0.5543857813,0.5473224521,0.5335056186,2.0411732197,67.914680481,0.4735323489,0.0,153.58554077,43.219825745,0.0,65000.0
2934,1737.3591967999998,12.561509132000001,0.5575169921,0.5566018224,0.5287564397,2.0415136813999997,69.559188843,0.4746463299,0.0,153.4813385,43.470272064,0.0,65000.0
2935,1737.5111967999999,12.555397034,0.5375620723,0.5453411937,0.5209906697,2.039951086,69.264266968,0.47439417240000004,0.0,153.25553894,43.647071838,0.0,65000.0
2936,1737.6631968,12.513028145,0.5189304352,0.5258538127,0.5126811266,2.0318086147,67.38759613,0.47159162159999996,0.0,153.46305847,43.797653198,0.0,65000.0
2937,1737.8151967999997,12.389038086,0.5178002715,0.5188336372,0.5058695078000001,2.0181736946,66.332420349,0.47173240780000003,0.0,153.70780945,43.909191132,0.0,65000.0
2938,1737.9671967999998,12.193709372999999,0.5139716268,0.5158789158,0.5020744205,2.0093169212,66.237571716,0.47936865689999997,0.0,153.82621765,44.036327362,0.0,65000.0
2939,1738.1191967999998,12.103553772,0.4981422722,0.5039256215,0.5074124336,2.0085897446,66.925888062,0.49459785219999997,0.0,153.95239258,44.016288757,0.0,65000.0
2940,1738.2711967999999,12.28338623,0.48535379770000003,0.4894803464,0.5107316375,2.0055789948,68.978263855,0.5129773021,0.0,154.06797791,44.092025756999995,0.0,65000.0
2941,1738.4231968,12.483344078,0.4918392897,0.4890613258,0.509488821,2.0037000179,71.72879791300001,0.529430449,0.0,154.0712738,44.269512176999996,0.0,65000.0
2942,1738.5751968,12.581502914000001,0.5066974759,0.5008999109000001,0.5119999647,2.0121896266999997,72.457740784,0.5281041861,0.0,154.07501221,44.571491241000004,0.0,65000.0
2943,1738.7271967999998,12.716333389,0.5192531942999999,0.5142585039,0.5196825265999999,2.0194962025,72.067871094,0.5060670972,0.0,153.74296569999998,44.639411926,0.0,65000.0
2944,1738.8791967999998,12.743907927999999,0.5242416859000001,0.5221329927,0.5288591981,2.0222306252,72.370018005,0.48197925090000004,0.0,153.60705566,43.768947601,0.0,65000.0
2945,1739.0311967999999,12.603856087,0.5291813016,0.527289331,0.5375177264,2.0272212029,72.677139282,0.4717201293,0.0,153.15454102,43.83751297,0.0,65000.0
2946,1739.1831968,12.528562546,0.5330860614999999,0.5315412283,0.5423630476,2.0337755680000003,72.17224884,0.46516057850000003,0.0,152.35255432,44.053878784,0.0,65000.0
2947,1739.3351968,12.66478157,0.5350000262,0.5345004201,0.5446163415999999,2.0402610302,71.2447052,0.463388294,0.0,151.84622192,43.935195923,0.0,65000.0
2948,1739.4871967999998,12.923866272,0.5348491073,0.5348900557,0.5456187129,2.0487828255,69.74958801300001,0.4717763364,0.0,151.15556335,43.815433502,0.0,65000.0
2949,1739.6391967999998,13.023379325999999,0.530826509,0.5319970846000001,0.5442128181,2.0564265251,68.108314514,0.4756286442,0.0,150.43974304,43.694004058999994,0.0,65000.0
2950,1739.7911967999999,12.889781952,0.5257405043,0.5273395181,0.5403923392000001,2.0622131824000003,66.648727417,0.474604696,0.0,148.96652222,43.554576874,0.0,65000.0
2951,1739.9431968,12.724297522999999,0.5176984071999999,0.520526588,0.5330340861999999,2.0669698715,65.660125732,0.4775365889,0.0,146.98799133,43.540100098,0.0,65000.0
2952,1740.0951968,12.669216156,0.5073761344,0.5117709040999999,0.5252498388,2.0689761639,65.37827301,0.4794999957,0.0,146.47695923,43.479080200000006,0.0,65000.0
2953,1740.2471967999998,12.649023055999999,0.4849751592,0.4940676093,0.5224127172999999,2.0770652294,65.268714905,0.47974967960000003,0.0,148.59519958,43.487789154,0.0,65000.0
2954,1740.3991967999998,12.559594154000001,0.4843926132,0.4847542346,0.5247858763000001,2.0827322006,64.679786682,0.4867362082,0.0,149.90055847,43.721019745,0.0,65000.0
2955,1740.5511967999998,12.588335991,0.5028401613,0.4955023229,0.5336031914,2.0807006359,63.525405883999994,0.4966558814,0.0,149.16491699,43.997409821000005,0.0,65000.0
2956,1740.7031968,12.714083672000001,0.5458578467,0.5285253525,0.5535041093999999,2.0802707672,61.956897736,0.4986595809,0.0,145.54570007,44.327495575,0.0,70000.0
2957,1740.8551968,12.842499733,0.5975549221,0.5768912435,0.5742061734,2.087688446,60.50949859600001,0.4930366278,0.0,136.30485535,44.838382721,0.0,70000.0
2958,1741.0071967999997,12.952092170999999,0.6360446811,0.6209614873,0.5777125359,2.0927567482,59.325099945,0.48440995810000004,0.0,127.38461304,45.141864776999995,0.0,70000.0
2959,1741.1591967999998,13.054739952,0.6397324204,0.6384157538,0.5697106719,2.0787353516,59.084445953,0.485370487,0.0,129.47401428,45.128673553,0.0,70000.0
2960,1741.3111967999998,13.246612549000002,0.6098356843,0.6215737461999999,0.5596282482,2.0667300224000003,59.524589539,0.48660087590000006,0.0,133.9887085,44.981140137,0.0,70000.0
2961,1741.4631967999999,13.452917099,0.5819025636,0.5929062963,0.5463782549,2.0719470978,59.469524383999996,0.486708194,0.0,137.24528503,45.005245208999995,0.0,65000.0
2962,1741.6151968,13.567548752,0.5549805760000001,0.5654786229,0.5308960676,2.0829360485,58.033107758,0.48629698159999996,0.0,142.54707336,45.07308197,0.0,65000.0
2963,1741.7671967999997,13.616318703,0.520059526,0.5335828066,0.5198097825,2.0876190662000003,55.697570801000005,0.48711672429999997,0.0,147.71838379,45.218753815,0.0,65000.0
2964,1741.9191967999998,13.737355232,0.4672097862,0.4879609048,0.5214888453000001,2.0819976330000003,53.773189545,0.4995874763,0.0,150.53733826,45.338523865,0.0,65000.0
2965,1742.0711967999998,14.004027367,0.4421752393,0.45205995439999996,0.5217139125,2.0713531971,53.412086486999996,0.5179231167,0.0,154.90699768,45.16721344,0.0,65000.0
2966,1742.2231967999999,14.027249335999999,0.4519072771,0.4482452273,0.5145774484000001,2.0625457764,53.307788849,0.521063745,0.0,154.47091675,44.672615051,0.0,65000.0
2967,1742.3751968,13.767069817000001,0.47965502740000004,0.4689096808,0.5061006546,2.0635995865,52.361366272,0.5006139874000001,0.0,150.49320984,44.235397338999995,0.0,65000.0
2968,1742.5271968,13.588870049,0.5164603591,0.5018905401,0.49978923799999997,2.0802781582,51.23456955,0.4732507467,0.0,148.15199280000002,44.372886658,0.0,65000.0
2969,1742.6791967999998,13.539517403,0.541559279,0.5318579078,0.49645835159999996,2.1027579308,52.118515015,0.46913316850000003,0.0,147.56713867,44.375,0.0,65000.0
2970,1742.8311967999998,13.516792297,0.5527810454,0.5483220816,0.4970676005,2.1116838455,54.45016861,0.4854699969,0.0,147.61877441,44.285812378,0.0,65000.0
2971,1742.9831967999999,13.475358963,0.5422523022,0.5467043519,0.5017836094,2.1103861332,56.536880493000005,0.49898642299999996,0.0,147.32958984,44.05146026600001,0.0,65000.0
2972,1743.1351968,13.305592537,0.5449243784000001,0.544125855,0.5079667568,2.1096725463999997,56.900272369,0.4983278215,0.0,147.37846375,43.90270614600001,0.0,65000.0
2973,1743.2871968,13.183540344,0.541113019,0.542994678,0.5146660805,2.1084828377,55.406700134,0.4821572006,0.0,147.70094299,43.957305908,0.0,65000.0
2974,1743.4391967999998,13.255774498,0.5313053131000001,0.5351012349000001,0.5177569985,2.1048781872,53.607509613000005,0.46640124920000003,0.0,148.46186829,43.695304871000005,0.0,65000.0
2975,1743.5911967999998,13.432909965999999,0.5174698234,0.5228971243,0.5172325969,2.0998363495,52.690982819,0.4541971684,0.0,148.99249268,43.830997466999996,0.0,65000.0
2976,1743.7431967999999,13.762485504,0.5083225965,0.5123003125,0.5148236752,2.0939991474,52.890258788999994,0.4430356622,0.0,149.77056885,44.22166442899999,0.0,65000.0
2977,1743.8951968,14.152947425999999,0.5099238157,0.5094993114,0.5117824078000001,2.0857355595,53.81558609,0.43642693759999995,0.0,150.40092468,44.57170105,0.0,65000.0
2978,1744.0471968,14.003382683,0.5167121291,0.5137798786,0.5094812512,2.0780997275999997,54.400878906,0.4381358325,0.0,150.49853516,44.676094055,0.0,65000.0
2979,1744.1991967999998,13.754932404000002,0.5141302347,0.5152637959,0.5084886551,2.075555563,54.197696686,0.44679018859999997,0.0,150.59733582,44.827312469,0.0,65000.0
2980,1744.3511967999998,13.729335785,0.5111392736,0.5121500492000001,0.5074027181,2.0741040707,53.581954956000004,0.4602093399,0.0,150.51660156,44.962734221999995,0.0,65000.0
2981,1744.5031967999998,13.701107025,0.5119512677,0.51149261,0.505386889,2.070473671,52.765125275,0.46746543049999995,0.0,151.09205627,44.96900177,0.0,65000.0
2982,1744.6551967999999,13.669593810999999,0.5243273377000001,0.5193294883,0.5051139593,2.0644361973,52.210441589,0.4596918523,0.0,150.81802368,44.967102051000005,0.0,65000.0
2983,1744.8071968,13.613438605999999,0.5391893983,0.5330786109000001,0.5066836476,2.0622475147,51.887218475,0.45123267170000003,0.0,150.24568176,44.770240783999995,0.0,65000.0
2984,1744.9591967999997,13.571602820999999,0.5428287983,0.5416035056,0.5099474192,2.0659193993000002,51.487930298,0.45351582770000004,0.0,149.5521698,44.160228728999996,0.0,65000.0
2985,1745.1111967999998,13.568535805,0.5364155172999999,0.5393036008,0.5158423185000001,2.0694987774,51.574504852,0.45474356409999994,0.0,148.74111938,43.65461731,0.0,65000.0
2986,1745.2631967999998,13.577653885,0.5294365287,0.5322840214,0.518776834,2.0721616744999998,52.294761658,0.4530000091,0.0,148.10368347,43.639064788999995,0.0,65000.0
2987,1745.4151967999999,13.546628952,0.5271293521,0.528242588,0.5176962018,2.0767152309,52.953723907,0.4545540214,0.0,147.11975098,43.768138885,0.0,65000.0
2988,1745.5671968,13.48492527,0.5288646221,0.5282465219,0.5229189396,2.082272768,52.931285858,0.4491812587,0.0,145.95524597,44.015678406000006,0.0,65000.0
2989,1745.7191967999997,13.447544098,0.536440134,0.5331444143999999,0.5339891314999999,2.0836389065,52.701721191000004,0.437941432,0.0,145.05076599,44.167854309,0.0,65000.0
2990,1745.8711967999998,13.278934479,0.5425620675,0.5401203036,0.5450599194,2.0811161995,52.754161835,0.4386903644,0.0,143.7431488,44.271629333,0.0,65000.0
2991,1746.0231967999998,13.291324615,0.5476235151,0.5455211401,0.5561301707999999,2.0789122581,53.268787384,0.45279175039999997,0.0,143.2674408,44.380718231,0.0,65000.0
2992,1746.1751967999999,13.591399192999999,0.554457128,0.5516150594,0.5673054457,2.0778343678,53.156856536999996,0.4711340368,0.0,143.22230530000002,44.550426483,0.0,65000.0
2993,1746.3271968,13.9812603,0.5595972538,0.5576996803000001,0.5776913762,2.0782799721000003,52.25151062,0.4838355482,0.0,142.84274292,44.662384033,0.0,65000.0
2994,1746.4791968,14.222477912999999,0.5554143189999999,0.5574100614,0.5828690529,2.0816380978,51.722324371000006,0.4780474007,0.0,142.70075989,44.68200302100001,0.0,65000.0
2995,1746.6311967999998,14.350456238,0.5394595861,0.5460413693999999,0.5787131786,2.0865721703,52.382282257,0.45698162909999995,0.0,142.64376831,44.797267913999995,0.0,65000.0
2996,1746.7831967999998,14.449824332999999,0.527970016,0.5322688818,0.5678954124,2.0841350555,53.356132507,0.43843922020000003,0.0,143.00093079,44.943862915,0.0,65000.0
2997,1746.9351967999999,14.518593787999999,0.5197293162,0.5228693485,0.5555813909,2.068488121,53.321071625,0.43877735729999995,0.0,143.95057678,45.009712218999994,0.0,65000.0
2998,1747.0871968,14.724705696,0.5126544833,0.5151998997,0.5436167121,2.0561773777,52.943538666,0.4560510516,0.0,144.73912048,44.83732605,0.0,65000.0
2999,1747.2391968,14.719420433,0.5074824095,0.5092788339000001,0.5321002007,2.0533390044999997,53.602378845,0.4724006951,0.0,145.35882568,44.715091705,0.0,65000.0
3000,1747.3911967999998,14.469590187,0.5060988069,0.5063982606,0.5208804011,2.0521502495,54.72026825,0.4787522852,0.0,145.25675964,44.720222473,0.0,65000.0
3001,1747.5431967999998,14.147073745999998,0.5131856799,0.5100424886,0.5091611743,2.0516510009999998,55.22726059,0.47326114770000005,0.0,144.9594574,44.812721251999996,0.0,65000.0
3002,1747.6951967999998,13.866827011,0.5220628977,0.5185189843,0.4968441725,2.0573551655,55.526256561000004,0.4608448446,0.0,144.61584473,44.85614776600001,0.0,65000.0
3003,1747.8471968,13.946210860999999,0.5265716314,0.5250726342,0.4876373112,2.0659713744999997,54.906776428,0.4541543424,0.0,144.44299316,44.818035126000005,0.0,65000.0
3004,1747.9991968,14.299370766,0.5252188444,0.526268661,0.4822425842,2.0712959766,53.320423126,0.4610687196,0.0,144.14071655,44.94658660899999,0.0,65000.0
3005,1748.1511967999998,14.671395302,0.5143403411,0.5193384289999999,0.47784614560000005,2.0822153091,52.812839508,0.4754385054,0.0,144.7862854,45.096244811999995,0.0,65000.0
3006,1748.3031967999998,14.66382885,0.5068026185,0.5095563531,0.474342525,2.0943350792,52.931865691999995,0.4777418077,0.0,145.10455322,45.221012115,0.0,65000.0
3007,1748.4551967999998,14.283841133,0.4971700907,0.5010617375,0.4733314514,2.0954561234,52.210597992,0.4704741538,0.0,144.58505249,45.183784485,0.0,65000.0
3008,1748.6071967999999,14.146632195,0.4810394943,0.4876430333,0.475053221,2.0891728401,51.328998566,0.4624338746,0.0,143.69485474,45.228042603,0.0,65000.0
3009,1748.7591968,14.090733528,0.46320182090000006,0.4702334106,0.4798837602,2.0851354599,50.762962341000005,0.4581591189,0.0,143.54968262,45.157764435,0.0,65000.0
3010,1748.9111967999997,13.805016518,0.4540022612,0.4572051167,0.4903154373,2.0886278152,50.044651031,0.46676787729999997,0.0,143.67279053,44.866214752,0.0,65000.0
3011,1749.0631967999998,13.589313507,0.46783015130000005,0.4607454836,0.5139111876,2.0916974544999998,48.724822998,0.47971722479999995,0.0,143.51913452,44.602676392,0.0,65000.0
3012,1749.2151967999998,13.59492588,0.5065152049,0.4898214638,0.5505874157,2.0872135162,47.60823822,0.4818735421,0.0,142.21684265,44.553478241,0.0,65000.0
3013,1749.3671967999999,13.861834525999999,0.585699141,0.5518813729,0.5930918454999999,2.0924367905000003,45.851642608999995,0.4548340738,0.0,138.14555359,44.409671783,0.0,65000.0
3014,1749.5191968,14.362732887,0.6747689246999999,0.638817668,0.6405896543999999,2.1142537594,42.81678009,0.412024796,0.0,131.15892029,44.133956909,0.0,65000.0
3015,1749.6711968,14.578169823,0.7792056203,0.7364989518999999,0.6875046492,2.1507530212,39.751998901,0.382553488,0.0,123.22694397,43.814800262,0.0,65000.0
3016,1749.8231967999998,14.392665863,0.8266340494,0.8112041354,0.726408422,2.1908786297,37.045665741,0.3696856499,0.0,122.401474,43.56388855,0.0,65000.0
3017,1749.9751967999998,14.209223747000001,0.8131587505,0.8212515116,0.7658652663,2.2096824646,35.979747771999996,0.36866244670000003,0.0,132.8162384,43.647327423,0.0,70000.0
3018,1750.1271967999999,13.964791298,0.7408127189,0.7724812031,0.8154159784,2.2039401531,37.078071594,0.3760336339,0.0,138.95384216,43.881393433,0.0,70000.0
3019,1750.2791968,13.682154655,0.6889923810999999,0.7084118723999999,0.8503466248999999,2.1834783554,38.971469879000004,0.38853666189999997,0.0,140.49766541,44.094203949,0.0,80000.0
3020,1750.4311968,13.595667839,0.7083143592,0.6966804862,0.8414784073999999,2.1722102165,40.396198273,0.398822695,0.0,139.32867432,44.2345047,0.0,80000.0
3021,1750.5831967999998,13.706951141,0.7248427868,0.7193495631,0.8068420887000001,2.1852455139,40.513607025,0.3995520175,0.0,136.14007568,44.321674347,0.0,80000.0
3022,1750.7351967999998,13.79887867,0.7236258388,0.7252364754999999,0.7835227251000001,2.2120432854,40.094596863,0.39153984189999996,0.0,133.74101257,44.323032379,0.0,80000.0
3023,1750.8871967999999,13.87348175,0.7019848823999999,0.7121288776000001,0.7702207565000001,2.2340791225,40.648845673000004,0.38714143630000003,0.0,133.03450012,44.207519531,0.0,80000.0
3024,1751.0391968,13.972120285,0.6820738316,0.6898111105,0.7649582624,2.2346901894,40.930984497,0.38866543770000006,0.0,133.65032959,44.137382507,0.0,70000.0
3025,1751.1911968,14.153877258,0.6756561399,0.6774352193000001,0.7661052942000001,2.2205295563,40.213474274,0.38942027090000003,0.0,134.43188477,44.286834717,0.0,70000.0
3026,1751.3431967999998,14.15526104,0.6900067925,0.6831699014,0.7651127577,2.2156820297,40.021736145,0.38866993780000003,0.0,134.12854004,44.277149200000004,0.0,70000.0
3027,1751.4951967999998,14.112960815,0.6979886889,0.6951694489,0.7611028552,2.2272713184,40.968105316,0.387078315,0.0,133.2459259,44.178371428999995,0.0,70000.0
3028,1751.6471967999998,14.185964584,0.692371726,0.6951312423,0.7549455762,2.2400238513999997,41.947013855,0.3846004903,0.0,132.79011536,44.125202179,0.0,70000.0
3029,1751.7991968,14.128563881,0.6992613673,0.6953677534999999,0.7493234873000001,2.2531867027000003,42.824420929,0.38975694780000003,0.0,133.22787476,44.051906586,0.0,70000.0
3030,1751.9511968,14.117072105,0.717464447,0.7097734213,0.7474308609999999,2.2574052811,42.98565292399999,0.40515848990000003,0.0,133.14758301,43.795150756999995,0.0,70000.0
3031,1752.1031967999998,14.042843819000002,0.7234624623999999,0.722460568,0.7427880764,2.2523739338,41.787078857,0.4196539223,0.0,132.72480774,43.470485687,0.0,70000.0
3032,1752.2551967999998,13.947094917000001,0.7141850591,0.7188548445999999,0.7328999043000001,2.25015378,40.067691803,0.4291824996,0.0,131.95204163,43.241691589,0.0,70000.0
3033,1752.4071967999998,14.107438087,0.6875346899,0.6992028356000001,0.7238246799,2.23929286,38.963787079,0.4380072057,0.0,132.80715942,43.296154021999996,0.0,70000.0
3034,1752.5591967999999,14.106160164,0.6600596905,0.6710332632,0.7147482634000001,2.2242481709,38.67943573,0.4417386055,0.0,135.96029663,43.423454285,0.0,70000.0
3035,1752.7111968,13.930478096,0.634745121,0.6449563503,0.7059597373000001,2.2112822533000003,39.249771118000005,0.4345815778,0.0,138.53178406,43.554946898999994,0.0,70000.0
3036,1752.8631967999997,14.098417282,0.6251562834000001,0.6274969578,0.6976194381999999,2.1946792603,40.457309723,0.4252823293,0.0,139.2530365,43.688983917,0.0,70000.0
3037,1753.0151967999998,14.393340110999999,0.6304391026,0.6273186803,0.6903526783,2.1858119965,41.762744904,0.41853591799999995,0.0,138.88380432,43.835735321,0.0,80000.0
3038,1753.1671967999998,14.507714272000001,0.6368119121,0.634531498,0.6855734587000001,2.1870510578,43.044448853,0.4122439325,0.0,138.29241943,43.982089996000006,0.0,80000.0
3039,1753.3191967999999,14.339300155999998,0.6459956765,0.6420340538,0.6823219061,2.1934754848,44.326118468999994,0.4076795876,0.0,137.93080139,44.071769714,0.0,80000.0
3040,1753.4711968,14.292916298,0.6575677395,0.6529393792,0.6790909767000001,2.1996469498,45.60786438,0.4135740697,0.0,137.21742249,44.046337128000005,0.0,65000.0
3041,1753.6231968,14.402794838,0.6806548834,0.6702706814,0.6707156301,2.199911356,46.60635376,0.42260938880000004,0.0,136.66578674,44.082870483,0.0,65000.0
3042,1753.7751967999998,14.250999450999998,0.6844159961,0.6845042109,0.6524466872,2.1934125423,46.672897338999995,0.4209605157,0.0,136.86392212,44.31438446,0.0,65000.0
3043,1753.9271967999998,14.125571250999998,0.6279732585,0.6554681659,0.6314464808,2.1868224144,46.261539459,0.4125010967,0.0,137.73719788,44.577957153,0.0,65000.0
3044,1754.0791967999999,14.149318695,0.5587188600999999,0.5862105489,0.612421453,2.1784777641,46.812446593999994,0.4028888643,0.0,139.5987854,44.791122437,0.0,65000.0
3045,1754.2311968,14.114810944,0.5377296209,0.5411787629,0.6003044248,2.155094862,47.615650177,0.40212652090000006,0.0,141.78007507,44.986839294,0.0,65000.0
3046,1754.3831968,14.036503792000001,0.5774125457,0.5559882522,0.5970624089,2.1250188351,47.334506989,0.4120265543,0.0,144.62547302,45.026657103999995,0.0,65000.0
3047,1754.5351967999998,13.812227249000001,0.6139116286999999,0.6006392240999999,0.5977799296,2.1198768616,47.075527191000006,0.41669240590000006,0.0,146.197052,44.94581604,0.0,65000.0
3048,1754.6871967999998,13.743618965,0.6264324188,0.6235657334,0.6070188879999999,2.1486802100999998,46.782997131,0.4094937146,0.0,144.8838501,44.868675232,0.0,65000.0
3049,1754.8391967999999,14.087192535,0.6326391101,0.6307371259000001,0.6236724257,2.1835792065,45.465991974,0.3944071233,0.0,141.9624176,44.823619843,0.0,65000.0
3050,1754.9911968,14.40154171,0.640165925,0.6373867989,0.6440973282,2.2002198696,44.574241638000004,0.38503700490000003,0.0,139.67962646,44.91596603399999,0.0,65000.0
3051,1755.1431968,14.540548325,0.6466072202,0.6442863941,0.6697881818,2.204890728,44.184696198000005,0.38642424350000004,0.0,137.89543152,44.913749695,0.0,65000.0
3052,1755.2951967999998,14.430933952,0.6518271565,0.6496726274,0.6993126868999999,2.202038765,43.408008575,0.3901611865,0.0,136.18818665,44.675136566000006,0.0,65000.0
3053,1755.4471967999998,14.364218712000001,0.6568158269,0.6550576686999999,0.728830874,2.1954035759,42.205162048000005,0.3928087652,0.0,134.82806396,44.369182587,0.0,80000.0
3054,1755.5991967999998,14.452062607,0.6633221507,0.6610199213,0.7583914995000001,2.1878759861000003,41.148586273,0.3894001544,0.0,133.79072571,44.311206818,0.0,80000.0
3055,1755.7511968,14.539907455,0.6778835654,0.6715012193000001,0.7862946391,2.1898005009,40.569030762,0.37921351189999997,0.0,132.14933777,44.500156403000005,0.0,80000.0
3056,1755.9031968,14.557415009000001,0.7054048181,0.6935431361,0.8076201081000001,2.1978113650999997,40.516979218,0.3671153486,0.0,129.91416931,44.699428558,0.0,80000.0
3057,1756.0551967999997,14.458921432,0.7558948994,0.7337064147,0.8206430673999999,2.2080709934000002,41.380588531,0.3542273045,0.0,127.75086975,44.730701447,0.0,80000.0
3058,1756.2071967999998,14.381948471,0.811232686,0.7889704704,0.8241099118999999,2.2192525863999997,42.567306519,0.3499118686,0.0,126.33689879999999,44.79497146600001,0.0,80000.0
3059,1756.3591967999998,14.304253577999999,0.8444279431999999,0.8334499002,0.8157381415,2.2328999043,41.887966156,0.35514485840000004,0.0,125.33097076,44.943534851,0.0,80000.0
3060,1756.5111967999999,14.197293282,0.8323906064,0.8420986533,0.8045488595999999,2.2397894859,41.726428986,0.35807105899999997,0.0,124.53768158,45.044059753,0.0,80000.0
3061,1756.6631968,14.069850922,0.7903881073000001,0.8092164993000001,0.7890888453,2.2277235985,42.606746674,0.3568460345,0.0,124.40493011,45.146350861,0.0,80000.0
3062,1756.8151967999997,14.071058273,0.7329170107999999,0.7568042873999999,0.7694782615000001,2.2171654701,43.313323975,0.36050832270000005,0.0,125.67983246,45.218605042,0.0,80000.0
3063,1756.9671967999998,14.196154594000001,0.6816432476000001,0.7005411983,0.7457978725,2.2073545456,43.15442276,0.36825406549999995,0.0,128.4546051,45.070476532,0.0,80000.0
3064,1757.1191967999998,14.223402023,0.6491886377,0.6599902511,0.7250963449,2.2022974491,41.966163635,0.3758025467,0.0,131.71653748,45.0626297,0.0,80000.0
3065,1757.2711967999999,14.066380501,0.6273742914,0.63574332,0.722407937,2.1966109276,40.917251586999996,0.3819234371,0.0,134.92451477,45.173141478999995,0.0,80000.0
3066,1757.4231968,13.868717194,0.6278275847,0.6248614788,0.7344048619,2.1941523552,39.938499451,0.38513135909999996,0.0,137.48834229,45.315536499,0.0,65000.0
3067,1757.5751968,13.88263607,0.656134963,0.6418639421,0.7492522597,2.1998474598,38.38337326,0.3836077154,0.0,138.61988831,45.432224274,0.0,65000.0
3068,1757.7271967999998,13.853978157,0.7086992264,0.6853259801999999,0.7706768513,2.2152893543000003,36.317901610999996,0.37269544600000004,0.0,135.72929382,45.387905121,0.0,65000.0
3069,1757.8791967999998,13.831183434000001,0.7790660858,0.7492496967,0.7989798784000001,2.2421708107,34.427036285,0.34993860130000004,0.0,128.97955322,45.220149993999996,0.0,65000.0
3070,1758.0311967999999,14.026128769000001,0.8481328487,0.8211534618999999,0.8365412354,2.2784731388,33.741355896,0.3315074444,0.0,122.40634155,45.177494048999996,0.0,80000.0
3071,1758.1831968,14.078789710999999,0.9027785659,0.8826679587,0.8787351251000001,2.3206720352000003,34.373435974,0.3296687901,0.0,118.8864212,45.14908599899999,0.0,80000.0
3072,1758.3351968,13.906727791,0.9348271489,0.9246673584,0.920635283,2.3495624065,35.735534668,0.3381496072,0.0,117.70896912,45.053283691000004,0.0,70032.0
3073,1758.4871967999998,13.77471447,0.9526539445000001,0.9466631413,0.9557327628,2.345143795,36.609210968,0.3411783576,0.0,117.18429565,44.949684143,0.0,70032.0
3074,1758.6391967999998,13.721712112,0.9612466693,0.9585349559999999,0.9730491638,2.333126545,36.703800201,0.3356714547,0.0,116.70859528,45.11138916,0.0,70032.0
3075,1758.7911967999999,13.690732002,0.9637049437,0.9632350801999999,0.9801708459999999,2.3289608955000003,36.083179474,0.3346973062,0.0,116.37168884,45.405712128000005,0.0,70032.0
3076,1758.9431968,13.667869567999999,0.9548680186,0.9598952531999999,0.9817909001999999,2.3306694031,35.069271088,0.33819636700000005,0.0,116.13377379999999,45.456661223999994,0.0,70032.0
3077,1759.0951968,13.652915000999998,0.9314100146,0.9422819018,0.975394249,2.3393027782,34.131122589,0.33404403920000003,0.0,115.89588928,45.627502441000004,0.0,70032.0
3078,1759.2471967999998,13.646651268,0.901388526,0.9140315056,0.9662234783,2.3517129421000003,33.934391022,0.32602554559999997,0.0,115.58959198,45.973613738999994,0.0,70032.0
3079,1759.3991967999998,13.660904884,0.8600607514,0.8785940409,0.9611002206999999,2.3546357155,34.554706573000004,0.32288849350000004,0.0,116.13345337,46.318820953,0.0,70032.0
3080,1759.5511967999998,13.709627151,0.8328552245999999,0.8408024906999999,0.9639338255,2.3586792946,35.04278183,0.3254961967,0.0,118.11959076,46.474655151,0.0,70032.0
3081,1759.7031968,13.786344527999999,0.8594099879000001,0.8410198092,0.9692291020999999,2.3578038216,35.319881439,0.3278510273,0.0,120.66204071,46.425907135,0.0,70032.0
3082,1759.8551968,13.893911362,0.9165796041,0.8915883303000001,0.9722422361,2.3435282707,35.420040131,0.3240078986,0.0,122.64460754,46.05854415899999,0.0,70032.0
3083,1760.0071967999997,14.029735565,0.9736343026000001,0.9511870145999999,0.9663246870000001,2.3303928375,35.47360611,0.3151907027,0.0,122.90291595,45.65555954,0.0,70032.0
3084,1760.1591967999998,14.168580055,0.9937258363,0.9908964038,0.948164463,2.3374826908,36.132736206,0.3065477014,0.0,121.39507294,45.535232543999996,0.0,70032.0
3085,1760.3111967999998,14.282419205,0.9759895205,0.9864919186,0.9355217218,2.3564081191999997,37.182201385,0.3014669716,0.0,118.99539185,45.659286499,0.0,70032.0
3086,1760.4631967999999,14.370573044,0.9690284729,0.9685447215999999,0.9355723262000001,2.3734724522,37.565349579,0.30021744969999997,0.0,117.22759247,45.867752075,0.0,70032.0
3087,1760.6151968,14.422908782999999,0.9726945162,0.971400857,0.9383370876,2.3636310100999998,36.152732849,0.2935614884,0.0,117.27503204,45.945735931,0.0,70032.0
3088,1760.7671967999997,14.451528549,0.9632666111,0.9692553281999999,0.9411115645999999,2.34720397,34.46288681,0.2878705263,0.0,118.56678009,45.75579834,0.0,80000.0
3089,1760.9191967999998,14.459914207,0.9172326326000001,0.9408323169,0.9441298246,2.3386707306,34.373222351,0.290098995,0.0,120.55461884,45.407039642,0.0,80000.0
3090,1761.0711967999998,14.458164215,0.8437577486,0.8755787015000001,0.9472493529000001,2.3219244480000003,35.324359894000004,0.29860597850000004,0.0,124.36011505,45.398132323999995,0.0,80000.0
3091,1761.2231967999999,14.441918373,0.7898168564,0.8065400124,0.9505729079,2.3035242558,36.913211823000005,0.3198192716,0.0,128.84170532,45.47755432100001,0.0,80000.0
3092,1761.3751968,14.452215195,0.7812817693,0.7785189748000001,0.9542884231000001,2.2898890972,38.258136749,0.35316327210000004,0.0,130.25354004,45.462253571000005,0.0,80000.0
3093,1761.5271968,14.574645042,0.8366151451999999,0.8057022691,0.9623301625,2.2830848694,39.155071259,0.37558472159999995,0.0,127.62717438,45.540420532,0.0,80000.0
3094,1761.6791967999998,14.633247375,0.9249553084000001,0.8878701925,0.9849418402,2.28317976,39.458473206,0.3685200512,0.0,123.63801575,45.740058899,0.0,80000.0
3095,1761.8311967999998,14.691849709000001,0.9942013025,0.9712306856999999,1.0142923594,2.2940578461000003,40.088088989,0.3477841616,0.0,120.36086273,45.917247771999996,0.0,80000.0
3096,1761.9831967999999,14.631717682,1.0022978783,1.008384943,1.0417876244,2.3234772682,40.933750153000005,0.3319307864,0.0,117.62734985,45.822723389,0.0,80000.0
3097,1762.1351968,14.286437035,0.9636327624,0.9823428392,1.0650086403,2.3631412983,41.184978485,0.3240199387,0.0,115.43926239,45.561450958,0.0,70032.0
3098,1762.2871968,14.209837914000001,0.9401967525,0.944026947,1.0867809057,2.3786842823,41.04460144,0.3254220784,0.0,114.47776031,45.169258118,0.0,70032.0
3099,1762.4391967999998,14.283644676,0.9344318509,0.9361881018000001,1.1055115461,2.3569250107,41.271789551,0.3269360662,0.0,115.04597473,44.891792296999995,0.0,70032.0
3100,1762.5911967999998,14.280297279000001,0.9355579615,0.9337748289,1.1191005707,2.340739727,39.499862671,0.3320047557,0.0,116.97113037,44.860256195,0.0,70032.0
3101,1762.7431967999999,14.237942696,0.9529181123,0.9431573749,1.1324914694,2.3301577568000003,36.797710419,0.33549979329999996,0.0,118.54822539999999,44.887275696,0.0,80000.0
3102,1762.8951968,14.349003792000001,0.9829278588,0.9700833559,1.1459527016,2.3199923038,34.099430084,0.3290113509,0.0,117.91866302,44.663059235,0.0,80000.0
3103,1763.0471968,14.214273452999999,1.0152052641,1.0026488304,1.1598125696,2.3173177242,31.77832222,0.32076051829999996,0.0,115.16534424,44.621921539,0.0,80000.0
3104,1763.1991967999998,14.091403961,1.0395772456999999,1.0316872597,1.1752656698000001,2.3244574069999997,31.142723083000003,0.3183000088,0.0,111.71810149999999,44.89573288,0.0,80000.0
3105,1763.3511967999998,14.26316452,1.0495043993000002,1.0479907990000001,1.1917283534999998,2.3297672272,31.848371506,0.319316864,0.0,109.58997345,44.946483612,0.0,80000.0
3106,1763.5031967999998,14.51036644,1.050999999,1.0508117676,1.2075846195,2.3242471218,32.225845336999996,0.3230905831,0.0,108.81760406,44.849117279,0.0,80000.0
3107,1763.6551967999999,14.474122047,1.0628045797,1.0554144382,1.2196680306999998,2.3117172718,32.458389282,0.3201062083,0.0,108.26611328,44.945743561,0.0,80000.0
3108,1763.8071968,14.111942290999998,1.0922673941,1.0781558752,1.2259838581,2.3119387627,32.440036774,0.3001298904,0.0,108.16157532,44.940734863,0.0,80000.0
3109,1763.9591967999997,13.849381447,1.128791213,1.1141167879,1.2331303358,2.3266777992,32.357067108,0.2771404386,0.0,107.69306946,45.023052216,0.0,80000.0
3110,1764.1111967999998,13.798643112,1.1601704359,1.1486679316,1.2428659201,2.3385672569,32.389823914000004,0.2703832388,0.0,106.03543854,45.162418365,0.0,80000.0
3111,1764.2631967999998,13.756194115,1.1826026440000001,1.1750694513,1.2574763298,2.3470742702000003,32.558990479,0.2726821005,0.0,104.36066437,45.132049561,0.0,70032.0
3112,1764.4151967999999,13.716098785,1.1930396557,1.1909757853,1.2728309631,2.3564929962,32.55443573,0.27795144920000003,0.0,103.40196991,45.165382385,0.0,70032.0
3113,1764.5671968,13.638409615,1.1925785542,1.1937583685,1.2861195803,2.3647346497,31.25916481,0.28818404670000003,0.0,102.86306,45.188575745,0.0,70032.0
3114,1764.7191967999997,13.592175484,1.1771399975,1.1856293678,1.2942564487000001,2.368899107,29.174362183000003,0.3009015322,0.0,102.73287964,45.106918335,0.0,70032.0
3115,1764.8711967999998,13.573987960999998,1.1541991234,1.1633740664,1.3014355898,2.3764774799,29.075532913000004,0.3090978861,0.0,103.25419617,44.904392242,0.0,70032.0
3116,1765.0231967999998,13.556067467,1.131262064,1.1402497292,1.307672739,2.3791925906999998,30.066310883000003,0.3123136461,0.0,104.88096619,44.64389801,0.0,70032.0
3117,1765.1751967999999,13.532115935999999,1.1095107793999999,1.1177796125,1.3095999956,2.3747355938,30.938137054000002,0.3141552806,0.0,107.60364532,44.494800568,0.0,70032.0
3118,1765.3271968,13.615672112,1.0921200514,1.0985459089,1.3099644184,2.3680968285,31.429325104,0.3135915101,0.0,109.68201447,44.488273621000005,0.0,80000.0
3119,1765.4791968,13.996917725,1.0865894556,1.0862514973000001,1.3125038146999999,2.3609735966,31.668066025,0.3039729595,0.0,109.41072083,44.540363312,0.0,80000.0
3120,1765.6311967999998,14.438780785,1.0969735384000001,1.0901452303,1.3177884817,2.365778923,31.505777359,0.2814479768,0.0,107.39418793,44.668842316,0.0,80000.0
3121,1765.7831967999998,14.244310379000002,1.1302841902,1.1127873659,1.3230574131000001,2.3829443455000003,31.179239273,0.2672765553,0.0,105.38000488,44.878677368000005,0.0,80000.0
3122,1765.9351967999999,14.079338074,1.1914740801,1.1634280682,1.3282603025,2.4085433483000003,31.879934311,0.2657986283,0.0,104.35899353,44.989963531,0.0,80000.0
3123,1766.0871968,14.068943977,1.2596424818,1.2337965965,1.3336012363,2.4208755493000003,33.196739197,0.268440336,0.0,104.22427368,44.893444061000004,0.0,80000.0
3124,1766.2391968,14.095635414,1.2979539633,1.2899417877,1.339220047,2.4064011574,32.260299683,0.2723703682,0.0,104.30104065,44.754890442,0.0,80000.0
3125,1766.3911967999998,14.13441658,1.2945238352,1.3021476269,1.3411722182999999,2.3873856068,30.583421707,0.2718499303,0.0,104.66977692,44.515480042,0.0,80000.0
3126,1766.5431967999998,14.17403698,1.2568683623999999,1.2770521640999999,1.3204679489,2.3826744556,29.826803206999998,0.2670836151,0.0,105.27634429999999,44.304168701,0.0,80000.0
3127,1766.6951967999998,14.203266144,1.197479248,1.2239508629,1.283012867,2.3881523609,29.413328171,0.2629777491,0.0,105.91177368,44.302890778000005,0.0,80000.0
3128,1766.8471968,14.222677230999999,1.1395734548999998,1.1608555317,1.2773185968,2.3876152039,29.339870453000003,0.2598834634,0.0,106.95600128,44.405078888,0.0,80000.0
3129,1766.9991968,14.226534843,1.1479753256,1.1271575689,1.3125566244,2.3788442612000003,29.514844894,0.260353744,0.0,107.58051299999998,44.448242188,0.0,80000.0
3130,1767.1511967999998,14.226135254,1.2431937456,1.1933523417,1.3552532196,2.3823392391,29.62836647,0.26297611,0.0,106.92436218,44.416652678999995,0.0,80000.0
3131,1767.3031967999998,14.225751877,1.3687347174000002,1.31873703,1.4017322063,2.3975532055,29.800613403000003,0.2607119679,0.0,105.31936646,44.380935668999996,0.0,80000.0
3132,1767.4551967999998,14.224645615,1.4578713179,1.4326666594,1.4481370449000002,2.4175684452,30.472797394,0.2538128793,0.0,102.97088623,44.164661407,0.0,70032.0
3133,1767.6071967999999,14.216616630999999,1.4927358627,1.4868026972,1.4937775135,2.425962925,31.264400482,0.24680294100000003,0.0,100.90253448,43.832466125,0.0,70032.0
3134,1767.7591968,14.190855026,1.4874509572999999,1.4954551458,1.5344897509,2.4244799614,32.218177795,0.2391550839,0.0,99.80996704100001,43.673999786,0.0,70032.0
3135,1767.9111967999997,14.142190933,1.4664983749,1.4750529528,1.5729615688,2.4195029736,33.020851135,0.2302235365,0.0,99.19150543200001,43.659286499,0.0,70032.0
3136,1768.0631967999998,14.077609062,1.4460999965999999,1.4540220499,1.6082161665,2.4157466888,32.969108582,0.229865551,0.0,98.570991516,43.308837891,0.0,70032.0
3137,1768.2151967999998,14.004639626,1.4326609372999999,1.4364093541999998,1.6234921216999998,2.4258732796,32.414321899,0.23327554760000002,0.0,97.73175048799999,42.676094055,0.0,70032.0
3138,1768.3671967999999,13.93235302,1.4279206991,1.4289770125999999,1.6337509155,2.4348006248,30.688879013,0.2290268391,0.0,97.104850769,41.932262421,0.0,70032.0
3139,1768.5191968,13.865418434,1.4409637451,1.4310380219999999,1.6668349504,2.429872036,28.655439376999997,0.2214450091,0.0,96.64263916,41.047973633000005,0.0,70032.0
3140,1768.6711968,13.81102562,1.4738409519,1.458108902,1.7168300152,2.422542572,26.936447144000002,0.2145822048,0.0,95.95629882799999,40.037315369,0.0,70032.0
3141,1768.8231967999998,13.783325195,1.5164606571,1.4983394146,1.7668688297,2.4265668392,25.059770584000002,0.2090377659,0.0,94.970306396,38.986206055,0.0,70032.0
3142,1768.9751967999998,13.763346672,1.5660408735,1.5445754528,1.8140437603,2.4346089363,23.370735168000003,0.2082785368,0.0,94.27265167200001,38.044944763000004,0.0,70032.0
3143,1769.1271967999999,13.748515129000001,1.6457496881,1.6041201353,1.82739079,2.4355804919999997,23.819326400999998,0.21677440399999998,0.0,93.832374573,37.167732239,0.0,70032.0
3144,1769.2791968,13.75275898,1.701285243,1.6956863403,1.7310118675,2.4243929386,24.903985976999998,0.23154054579999997,0.0,93.277282715,36.200000763,0.0,70032.0
3145,1769.4311968,13.764243125999998,1.5788031815999999,1.6743271351,1.5867960453,2.396163702,25.101243973000003,0.2458759397,0.0,93.66082763700001,35.389972687,0.0,70032.0
3146,1769.5831967999998,13.785775185,1.3241282701000001,1.4305449724000001,1.4350435734,2.3620061874,24.089179993000002,0.2634330392,0.0,94.75247192399999,35.217983245999996,0.0,70032.0
3147,1769.7351967999998,13.872559547,1.0324561596,1.1586749554,1.2573271990000001,2.3179035187,22.137195586999997,0.2895115614,0.0,96.41821289100001,35.253395081,0.0,70032.0
3148,1769.8871967999999,14.111501694000001,0.8050752281999999,0.8638194203,1.0822564363,2.2434980869,20.477972031,0.3122776151,0.0,97.94339752200001,35.122238159,0.0,70032.0
3149,1770.0391968,14.41425705,0.7170971036,0.7326310873,0.9366016387999999,2.2013804913,19.578056335,0.3301479518,0.0,99.437011719,34.875080109,0.0,70032.0
3150,1770.1911968,14.564129829,0.7040824294,0.7008898854000001,0.8533496856999999,2.1766662597999997,18.271409988,0.3439019322,0.0,101.45147705,34.630897522,0.0,70032.0
3151,1770.3431967999998,14.637804985,0.7074832320000001,0.7086158395000001,0.7864264846,2.1569476128,18.074029922,0.355678916,0.0,103.37279509999999,34.63325119,0.0,70032.0
3152,1770.4951967999998,14.656916618,0.6798477769,0.6993652582,0.7551713586,2.1315133572,18.484153748,0.3643375337,0.0,104.01727295,34.773429871,0.0,70032.0
3153,1770.6471967999998,14.674527168,0.629987061,0.6494924425999999,0.7391304374,2.1206600666,18.965572357,0.3674899042,0.0,103.95973206,34.884021759,0.0,70032.0
3154,1770.7991968,14.751349449000001,0.5855978727000001,0.6022241711999999,0.7310963273000001,2.1160891056,19.199874878,0.3698982,0.0,104.19760132,34.630397797,0.0,70032.0
3155,1770.9511968,14.89457798,0.5610403419,0.5644523500999999,0.7303640842,2.1099078655000003,18.678796767999998,0.3774031699,0.0,104.3021698,34.135540009,0.0,70032.0
3156,1771.1031967999998,14.9789114,0.5673382878000001,0.5592522621,0.7429573536,2.1058967113,18.825748444000002,0.3878157437,0.0,103.56517792,34.095920563,0.0,70032.0
3157,1771.2551967999998,14.991345405999999,0.597096324,0.5820570588,0.7599101067,2.1137290000999998,18.481285095,0.3964091837,0.0,100.33526611,34.469203949000004,0.0,70032.0
3158,1771.4071967999998,14.985060692000001,0.6394012570000001,0.62121135,0.7898257970999999,2.1236057281,19.738840103,0.4015223086,0.0,94.772994995,34.671260834,0.0,70032.0
3159,1771.5591967999999,14.979073524,0.6823735833,0.6659634709000001,0.8436471224,2.1281101704,20.804521560999998,0.40003570909999997,0.0,91.274208069,34.613048553,0.0,70032.0
3160,1771.7111968,14.991408348,0.7203401327,0.7056171298,0.9434993267,2.1295905113,21.251626968,0.3923830092,0.0,92.554496765,34.615947723000005,0.0,70032.0
3161,1771.8631967999997,15.043129920999998,0.7581611872,0.7426193953,1.0931588411,2.1193578243,20.825033188,0.38711705799999996,0.0,97.535476685,34.579631805,0.0,70032.0
3162,1772.0151967999998,15.138430595,0.8004360198999999,0.7825405002,1.253203392,2.1062064171,20.205175399999998,0.37959659100000004,0.0,102.7926712,34.399829865,0.0,70032.0
3163,1772.1671967999998,15.183984756,0.8467567562999999,0.8275966644,1.4097183943,2.1095888615000002,19.904584885,0.3702258468,0.0,103.83253479,34.561058044,0.0,70032.0
3164,1772.3191967999999,15.190071106,0.8979305625,0.8756485581,1.570260644,2.1216394900999997,20.255996704,0.3584529757,0.0,99.567024231,34.958465576,0.0,70032.0
3165,1772.4711968,15.191989899000001,0.9527832270000001,0.9309207201,1.7837421894,2.1332201958000003,19.967502594000003,0.34871360659999995,0.0,92.63143158,35.165973663,0.0,70032.0
3166,1772.6231968,15.232885361,1.0090370178,0.9856316447,1.9862554072999998,2.1417922974,19.663520812999998,0.3489131629,0.0,88.15967559799999,35.347885131999995,0.0,70032.0
3167,1772.7751967999998,15.379958152999999,1.0826393366,1.0458369255,2.0921781063,2.1433010101,19.360900879000003,0.34885495899999996,0.0,88.069869995,35.579231262,0.0,70032.0
3168,1772.9271967999998,15.50985527,1.2366119623,1.1466816664,2.0243930817,2.1468024253999998,19.03802681,0.344709754,0.0,91.493736267,35.583572388,0.0,70032.0
3169,1773.0791967999999,14.946706772,1.5056103468000002,1.3788959980000002,1.919695735,2.1561989784,19.763116837000002,0.3359841704,0.0,95.273162842,35.434791565,0.0,70032.0
3170,1773.2311968,14.624773979,1.6653339862999998,1.6767398118999999,1.8016844988,2.1845424175,19.65013504,0.3163913786,0.0,94.460380554,35.364948273,0.0,70032.0
3171,1773.3831968,14.495517731,1.4841650724000002,1.6246525049,1.6861960888,2.2228653431,19.081792830999998,0.2936502397,0.0,89.96467590299999,35.168262481999996,0.0,70032.0
3172,1773.5351967999998,14.463407515999998,1.1818982363,1.276322484,1.6107829809,2.251966238,19.063554764000003,0.2887034714,0.0,88.828445435,34.961616516,0.0,70032.0
3173,1773.6871967999998,14.603674889,1.0014014244,1.0503342152,1.5565030575,2.2274503708,20.238929749,0.3167580664,0.0,92.69402313200001,34.948337555,0.0,70032.0
3174,1773.8391967999999,14.544484138,0.9353347420999999,0.9351893067,1.5025291443000002,2.1672279835,20.976009369,0.3444802165,0.0,98.48748016399999,35.07037735,0.0,70032.0
3175,1773.9911968,14.352132797000001,0.9821059704,0.9414442181999999,1.4582211971,2.1405887604,21.842876434,0.3568873107,0.0,101.51229095,34.950862885,0.0,70032.0
3176,1774.1431968,14.216144562,1.1049938202,1.0456291437,1.4594783783,2.1546037197,22.552083969,0.3563680053,0.0,97.93043518100001,34.642608643,0.0,70032.0
3177,1774.2951967999998,14.076026917,1.2904655933,1.1990172863,1.4804145098,2.1723814011,22.244110106999997,0.3503630161,0.0,91.30854797399999,34.420036316,0.0,70032.0
3178,1774.4471967999998,13.95968914,1.4940203428,1.4262024163999998,1.5329033136,2.1883161068,21.647102355999998,0.3412599564,0.0,85.58618927,34.292388916,0.0,70032.0
3179,1774.5991967999998,13.884979247999999,1.6097379923,1.5896972418000002,1.6119934319999998,2.2123279572,20.667963028,0.3311241865,0.0,82.14214325,34.37587738,0.0,70032.0
3180,1774.7511968,13.868572235,1.6035121679,1.6331938505,1.6832853556,2.2390546799,19.357471466,0.3157622516,0.0,80.202819824,34.570457458,0.0,70032.0
3181,1774.9031968,13.849740028,1.5094990730000002,1.5554494858,1.726580739,2.2898082733000003,18.105045319000002,0.28649672870000004,0.0,79.977638245,34.776813507,0.0,70032.0
3182,1775.0551967999997,13.812854767000001,1.401022315,1.4407068491,1.7172681093000002,2.3455286026,17.514564514,0.2527512014,0.0,81.405128479,34.880001068,0.0,70032.0
3183,1775.2071967999998,13.751636505,1.311550498,1.3432477713,1.6638269424,2.3504292965,17.098470688,0.2339071482,0.0,82.60231781,34.851764679,0.0,70032.0
3184,1775.3591967999998,13.710677147,1.2305728197,1.2650431395000001,1.5703908205000001,2.328412056,16.663173676,0.2297228128,0.0,83.486984253,34.699111938,0.0,70032.0
3185,1775.5111967999999,13.660143852000001,1.1504559517,1.1792787313,1.4646558762000002,2.3182349205,16.531690598,0.2366084456,0.0,84.94357299800001,34.421577454,0.0,70032.0
3186,1775.6631968,13.638094902,1.0866769552,1.1087104081999999,1.3419053555,2.32046628,16.909744263,0.2497963011,0.0,86.56592559799999,34.336265564,0.0,70032.0
3187,1775.8151967999997,13.645112037999999,1.0361030102,1.054818511,1.2171096801999999,2.3255348206,17.769937515,0.2650461495,0.0,87.928825378,34.554466248000004,0.0,70032.0
3188,1775.9671967999998,13.607751846,0.9918608665,1.0090512037000001,1.0949170589,2.3193235397,18.953905106,0.26942387219999997,0.0,88.22666931200001,34.72448349,0.0,70032.0
3189,1776.1191967999998,13.517192840999998,0.9544196725,0.9668415785,1.036485672,2.3100907803,19.132440567,0.2723259032,0.0,88.26837158200001,34.644340515,0.0,70032.0
3190,1776.2711967999999,13.438821792999999,0.9251125455,0.9363209009000001,0.9951791763,2.3083102703,18.600818634,0.27731254699999996,0.0,88.560951233,34.361286163,0.0,70032.0
3191,1776.4231968,13.412203789000001,0.9053954482,0.9093037248,0.953905642,2.3117995262,18.231351852,0.2815994024,0.0,89.56071472200001,34.161762238,0.0,70032.0
3192,1776.5751968,13.412499428,0.8988062143000001,0.8996232748,0.9126988649,2.3088071346,18.232696533,0.27850741149999997,0.0,89.480873108,34.143253326,0.0,70032.0
3193,1776.7271967999998,13.420755386,0.89541924,0.8968152404,0.8873383403,2.3099935055,18.730672836,0.28237876300000003,0.0,88.420257568,34.257923126,0.0,70032.0
3194,1776.8791967999998,13.430225372,0.8875033259,0.8928307890999999,0.8675525784,2.29352808,18.887702942,0.2877583802,0.0,87.316055298,34.431209564,0.0,70032.0
3195,1777.0311967999999,13.439699173,0.8731518984000001,0.8794451952,0.8485054374,2.2871677876,19.027690887000002,0.2860193849,0.0,87.03121948200001,34.553951263,0.0,70032.0
3196,1777.1831968,13.447400092999999,0.8461838365000001,0.8641992807,0.8347783685,2.2935154438,17.791627884,0.2833351791,0.0,87.96988678,34.635601044,0.0,70032.0
3197,1777.3351968,13.450845718,0.7987719773999999,0.8190342784,0.8222024441,2.3099331856,16.504943848,0.2838903666,0.0,89.75907135,34.714920044,0.0,70032.0
3198,1777.4871967999998,13.45306015,0.7508100270999999,0.7690204978,0.8093364835,2.3212928772,16.307598114,0.2870413065,0.0,91.330963135,34.591133118,0.0,70032.0
3199,1777.6391967999998,13.455253600999999,0.7135187984,0.7247470021,0.7942249179,2.3127901554,16.453832626,0.28866580129999997,0.0,92.558891296,34.233333588,0.0,70032.0
3200,1777.7911967999999,13.45754528,0.6927263737,0.6985125542,0.7783760428000001,2.2952210903,16.297075272,0.28498989339999997,0.0,93.460105896,34.137878418,0.0,70032.0
3201,1777.9431968,13.459742546,0.6851217747,0.6842626929000001,0.7625119090000001,2.2732722759,16.648061752,0.2887963653,0.0,94.06993103,34.476314545,0.0,70032.0
3202,1778.0951968,13.462033272000001,0.6962844729000001,0.6872016191,0.7421932817,2.261824131,16.855499268,0.2983192503,0.0,94.451477051,34.813591003,0.0,70032.0
3203,1778.2471967999998,13.464231491,0.7278506159999999,0.7110350728,0.7222244143000001,2.2669253349000003,15.920618057,0.30654400589999997,0.0,94.03503418,34.96585083,0.0,70032.0
3204,1778.3991967999998,13.466425895999999,0.7557327151000001,0.7535203695,0.7194753289,2.2759847641,15.169561386,0.310952723,0.0,93.078521729,34.902141571,0.0,70032.0
3205,1778.5511967999998,13.46717453,0.7446303368000001,0.7566378712999999,0.7284565568000001,2.2801537514,15.465990067,0.3104255795,0.0,93.139350891,34.692611694,0.0,70032.0
3206,1778.7031968,13.467200279000002,0.7103633285,0.7246212959,0.7415738702,2.2765543461,15.14598465,0.3084791303,0.0,94.30330658,34.635662079,0.0,70032.0
3207,1778.8551968,13.467007637,0.6858489512999999,0.6891897917,0.7632750869,2.2664351463,15.102597237000001,0.30772930379999996,0.0,95.95635986299999,34.802398681999996,0.0,70032.0
3208,1779.0071967999997,13.46690464,0.6919605136,0.682733357,0.7861679196,2.2564487456999998,16.159965515,0.3079865277,0.0,97.02028656,35.064281464000004,0.0,70032.0
3209,1779.1591967999998,13.466328620999999,0.732604444,0.7088935970999999,0.8101633787000001,2.2428507805,16.905460358,0.310477376,0.0,96.23630523700001,35.200885773,0.0,70032.0
3210,1779.3111967999998,13.459461212,0.794324398,0.7705135345,0.8343806267,2.2352662086,17.051504135,0.3081304729,0.0,94.22798156700001,35.225521088,0.0,70032.0
3211,1779.4631967999999,13.450193405,0.8473069668000001,0.8290352820999999,0.8676263094,2.2431433200999997,16.682180405,0.30297812820000003,0.0,92.642112732,35.279220581,0.0,70032.0
3212,1779.6151968,13.440820694000001,0.8829021454000001,0.8733750581999999,0.9091638327,2.2604122162,16.213703155999998,0.2975996733,0.0,91.85219574,35.368003845,0.0,70032.0
3213,1779.7671967999997,13.431443214000002,0.8953148723000001,0.8947384356999999,0.9519207478,2.2801499367,15.677853584000001,0.2939080596,0.0,91.280845642,35.456546783,0.0,70032.0
3214,1779.9191967999998,13.422159195,0.8899224997,0.8940200806,0.9828805923,2.2968091965,14.968988419,0.2932299972,0.0,91.181983948,35.241409302,0.0,70032.0
3215,1780.0711967999998,13.412793159000001,0.8789646626000001,0.8830314279000001,0.9905090331999999,2.3052020072999997,15.583248138,0.2975099385,0.0,90.80321502700001,34.92634201,0.0,70032.0
3216,1780.2231967999999,13.404443741,0.8730000256999999,0.8734209538,0.9973490237999999,2.3022418022,16.582233429000002,0.3042489886,0.0,90.888832092,35.188983917,0.0,70032.0
3217,1780.3751968,13.397192000999999,0.8769866824,0.8734521270000001,1.0044145584,2.2966895103,16.834489822000002,0.3079607189,0.0,90.528465271,35.472003937,0.0,70032.0
3218,1780.5271968,13.390194893,0.8909345865,0.8837226033,1.0072233677,2.3056862354,16.710838318,0.3071777523,0.0,90.555732727,35.744499207,0.0,70032.0
3219,1780.6791967999998,13.383215904000002,0.9098650813,0.9014517665,0.9952651262000001,2.3083453178,17.018129349000002,0.3011715114,0.0,90.44606781,35.874790192,0.0,70032.0
3220,1780.8311967999998,13.376232147,0.9301634431,0.9226662517,0.9818258286,2.3015699387,17.558628082000002,0.2937699258,0.0,90.461303711,35.801696777,0.0,70032.0
3221,1780.9831967999999,13.369253159000001,0.9494318962,0.9417071939,0.9706687927,2.2998027802000003,18.002285004,0.2868449986,0.0,90.279136658,35.829399109,0.0,70032.0
3222,1781.1351968,13.347753525,0.9633190631999999,0.9613901973000001,0.9618073106,2.3044772148,18.406198502,0.2780317366,0.0,89.523025513,35.955924988,0.0,70032.0
3223,1781.2871968,13.332806587,0.9595720768000001,0.9635493755,0.9589939117,2.3059072494999997,18.419487,0.27903983,0.0,88.943153381,35.816871643,0.0,70032.0
3224,1781.4391967999998,13.326849937,0.9462347627,0.9508126378,0.9616314769,2.3150424956999998,18.361709595,0.2869637311,0.0,88.32104492200001,35.68927002,0.0,70032.0
3225,1781.5911967999998,13.325489044000001,0.936756134,0.9394035339,0.9647222161,2.325823307,18.30050087,0.2921609581,0.0,87.90279388399999,35.656009674,0.0,70032.0
3226,1781.7431967999999,13.318408012,0.9364677071999999,0.9341320992000001,0.9837970138,2.3259828091,18.752483368,0.292327553,0.0,86.69155883799999,35.714710236,0.0,70032.0
3227,1781.8951968,13.308467865,0.9526977539,0.9409406781,1.0146627426000001,2.3287961483,18.905509949000002,0.2925715446,0.0,85.251167297,35.565113068,0.0,70032.0
3228,1782.0471968,13.246112822999999,0.9921575785,0.9735671878000001,1.0347620249,2.3238639832,17.627569199,0.2944957912,0.0,83.380203247,35.177513123000004,0.0,70032.0
3229,1782.1991967999998,13.199337005999999,1.0447198153,1.0222049951999999,1.0300263165999999,2.3209586143000003,17.265737534,0.2865955234,0.0,82.53176116899999,35.260116577,0.0,70032.0
3230,1782.3511967999998,13.256828308,1.0943461657,1.0795254707,1.0215812922,2.3343424797,17.456594467000002,0.27968662980000003,0.0,83.371665955,35.603221893000004,0.0,70032.0
3231,1782.5031967999998,13.341869354000002,1.1006985903,1.1099385023000001,1.0172088146,2.3498649597,17.232337952,0.2800742388,0.0,84.798492432,35.803707123,0.0,70032.0
3232,1782.6551967999999,13.414614677000001,1.0461642742,1.0730073452,1.0124281645,2.3576564789,16.112649918,0.27448982,0.0,86.185333252,35.584140778000005,0.0,70032.0
3233,1782.8071968,13.46367836,0.969519496,0.9990571737,0.9997977614,2.3518149853,14.826294899,0.27050748469999997,0.0,87.23426055899999,35.258945465,0.0,70032.0
3234,1782.9591967999997,13.515806198,0.9155627489,0.9264656305,0.9844643474,2.3324637413,14.382120132,0.27284941079999997,0.0,87.551643372,35.081489563000005,0.0,70032.0
3235,1783.1111967999998,13.579208374,0.9185542464,0.9128157495999999,0.9741197824,2.3254117966,14.589606285,0.2770035863,0.0,87.62382507299999,35.094734192,0.0,70032.0
3236,1783.2631967999998,13.654759407,0.9406427741,0.9320240020999999,0.9695618153,2.3220672607,15.380927086,0.2819079459,0.0,87.38397216799999,35.268428801999995,0.0,70032.0
3237,1783.4151967999999,13.725709915,0.960593164,0.9527244568000001,0.9728807211,2.3227550983,16.533679962,0.276081562,0.0,86.812835693,35.462059021,0.0,70032.0
3238,1783.5671968,13.776172638,0.979706049,0.9727256298,0.9814617634,2.3162403107,17.618515015,0.2645093799,0.0,86.517250061,35.571899414,0.0,70032.0
3239,1783.7191967999997,13.808492660999999,0.9952921270999999,0.9896197915,0.9998163581,2.3175721169,18.448255539,0.2583681941,0.0,86.449546814,35.484687805,0.0,70032.0
3240,1783.8711967999998,13.828064919000001,1.0067150593,1.0027613640000002,1.0194581747,2.3206870556,19.667823792,0.2637097239,0.0,86.39010620100001,35.372695923,0.0,70032.0
3241,1784.0231967999998,13.842907905999999,1.0110406876,1.0125650167,1.0370270014,2.3221423625999997,19.714078903,0.2736335695,0.0,86.39186096200001,35.337001801,0.0,70032.0
3242,1784.1751967999999,13.856235504,0.9947479367000001,1.0043567419,1.0398197174,2.3229064941,19.24826622,0.2787253261,0.0,86.755912781,35.358829498,0.0,70032.0
3243,1784.3271968,13.860676765,0.9672529101,0.976393342,1.0378278494,2.3220500946000002,18.768390655999998,0.27869561309999996,0.0,87.056434631,35.367046355999996,0.0,70032.0
3244,1784.4791968,13.860926628,0.9566088319,0.9571317434000001,1.0353473425,2.3270661831,19.18170929,0.2749836147,0.0,86.68107605,35.143733978,0.0,70032.0
3245,1784.6311967999998,13.860814095,0.9691724776999999,0.9625086784,1.0313959122,2.3251540661,19.549537659000002,0.2707101703,0.0,86.127922058,34.950965881,0.0,70032.0
3246,1784.7831967999998,13.865335464000001,0.9827191829999999,0.9811712503,1.0240397453,2.3260691166,19.371858597,0.2677895427,0.0,86.077308655,35.187187195,0.0,70032.0
3247,1784.9351967999999,13.875224113,0.9716539383,0.9791538119,1.0161629915000001,2.3288581371,17.956972122,0.2639888227,0.0,86.77545929,35.778411865,0.0,70032.0
3248,1785.0871968,13.891766548,0.9507525563,0.9546585083,1.0090471506,2.3296401501,16.88130188,0.2594881058,0.0,87.27809143100001,36.293785095,0.0,70032.0
3249,1785.2391968,13.915163994,0.9572159648,0.953042388,1.0174916983,2.3278355598,17.10323143,0.25549483300000003,0.0,87.08396148700001,36.586158751999996,0.0,70032.0
3250,1785.3911967999998,13.933605194,0.9776118993999999,0.9674441814,1.0544406176,2.3247957230000003,17.468105316,0.2526182234,0.0,86.487976074,36.710071564,0.0,70032.0
3251,1785.5431967999998,13.939248085,1.0060963631,0.9966125487999999,1.1035137177,2.3226156235,17.523979187000002,0.2507683039,0.0,86.725921631,36.687080383,0.0,70032.0
3252,1785.6951967999998,13.939715385,1.0380957127,1.0188156366,1.1528173685,2.3219640255000003,17.690814972000002,0.2540270984,0.0,86.963806152,36.644351959,0.0,70032.0
3253,1785.8471968,13.93953228,1.1108379364,1.0780020952,1.1930863857,2.324326992,18.726411819000003,0.2577963769,0.0,87.091560364,36.613201141,0.0,70032.0
3254,1785.9991968,13.939415932000001,1.1826444864,1.1659216881,1.2036557198,2.3345632553,20.586202620999998,0.2572317421,0.0,86.33785247799999,36.556835175,0.0,70032.0
3255,1786.1511967999998,13.93798542,1.1743087769,1.1861101389,1.1884381770999999,2.3439068794,21.738529205,0.2594134212,0.0,85.293357849,36.367980957,0.0,70032.0
3256,1786.3031967999998,13.92766571,1.1126973629,1.1386692524,1.1677019596,2.3520343304,21.718040465999998,0.2612268627,0.0,84.421905518,36.211883545,0.0,70032.0
3257,1786.4551967999998,13.920804024,1.0475698709,1.0704034567,1.1418563128,2.3643977642,20.873306274,0.2577789426,0.0,83.23285675,36.249217987,0.0,70032.0
3258,1786.6071967999999,13.912961006,1.0063878298,1.0205439329000001,1.1144579649,2.3660409451,19.959781647,0.2587303519,0.0,82.141021729,36.429714203,0.0,70032.0
3259,1786.7591968,13.875185965999998,0.9816707969,0.9914673567,1.0869241953,2.3443744183,19.350223541,0.2675623298,0.0,82.028678894,36.22808075,0.0,70032.0
3260,1786.9111967999997,13.80958271,0.9590549468999999,0.9670881033,1.0569485426,2.3248820305,19.146217346,0.277996093,0.0,83.096893311,35.819507599,0.0,70032.0
3261,1787.0631967999998,13.728559494,0.9445664883,0.9487417340000001,1.0253609419,2.3221714497,18.863697052,0.2825936973,0.0,84.574478149,35.713668823,0.0,70032.0
3262,1787.2151967999998,13.662852287,0.9421445727,0.9436479211,0.9966444373000001,2.3268547058,18.047182083,0.2821426094,0.0,85.53986358600001,35.923461914,0.0,70032.0
3263,1787.3671967999999,13.600209236,0.9404799937999999,0.9398750663,0.9846690297,2.3234398365,17.164989471,0.2777641118,0.0,86.40173339799999,35.997749329,0.0,70032.0
3264,1787.5191968,13.52931118,0.946834147,0.9441907406000001,0.9911805390999999,2.3243393898,16.293741225999998,0.2728405297,0.0,86.41270446799999,36.093711853,0.0,70032.0
3265,1787.6711968,13.454554558,0.9592754245,0.9495087862,1.0182360411,2.3296339512,15.707306862000001,0.2691608071,0.0,85.06940460199999,36.548648834,0.0,70032.0
3266,1787.8231967999998,13.385955810999999,1.0071936846,0.986061573,1.079207778,2.3398709297,15.412677765,0.2656101286,0.0,83.497566223,37.077671050999996,0.0,70032.0
3267,1787.9751967999998,13.323559760999999,1.0740770102,1.0428198576,1.1553659439,2.3489027022999998,16.794010162,0.2607382834,0.0,81.558525085,37.248821259,0.0,70032.0
3268,1788.1271967999999,13.277728081,1.1753329039,1.1311146021,1.2534548044,2.3566608428999998,17.332475662,0.2554736137,0.0,80.780288696,37.672039032,0.0,70032.0
3269,1788.2791968,13.255446434000001,1.3000916243,1.2519440651,1.3632034063,2.3717947006,17.902059555,0.2505044341,0.0,80.63949585,38.600944519,0.0,70032.0
3270,1788.4311968,13.24706459,1.4000521897999998,1.3673647642,1.4553079605,2.3906795978999997,18.320253372,0.24553619329999998,0.0,81.812225342,39.082775116,0.0,70032.0
3271,1788.5831967999998,13.251408577000001,1.4343835115,1.4274289608000001,1.5301127434000001,2.390434742,18.647375107000002,0.2439470887,0.0,82.716262817,39.471626281999995,0.0,70032.0
3272,1788.7351967999998,13.23470974,1.4124222994,1.4230259657,1.6000850200999999,2.3846540451,18.637451172000002,0.2487608939,0.0,84.78578186,39.778133392,0.0,70032.0
3273,1788.8871967999999,13.188453674000002,1.3775238991,1.3916618824,1.6651903391,2.3765742779,19.003780365,0.2564549446,0.0,87.40024566700001,40.127876281999995,0.0,70032.0
3274,1789.0391968,13.152462959000001,1.3464431763,1.3570381403,1.7084863186,2.3694598675,20.557590485,0.26156315210000003,0.0,90.924026489,40.690395355,0.0,70032.0
3275,1789.1911968,13.137417793,1.3427277803,1.3389021158,1.7344669104,2.368311882,21.593162536999998,0.2607077062,0.0,93.634506226,41.262130737,0.0,70032.0
3276,1789.3431967999998,13.125856400000002,1.3904122114,1.3687593937,1.7566677332,2.3653705119999997,21.612276076999997,0.257170409,0.0,93.88655090299999,41.557384491,0.0,70032.0
3277,1789.4951967999998,13.115074157999999,1.4647424221,1.4328402281000001,1.7695716619,2.3718523979,20.644147872999998,0.25374597309999997,0.0,92.270858765,41.150676727,0.0,70032.0
3278,1789.6471967999998,13.078446388,1.5601686238999999,1.5220928191999998,1.7771462202000001,2.3819465637,19.374853134000002,0.25029975179999997,0.0,89.452842712,40.971763611,0.0,70032.0
3279,1789.7991968,13.049238205,1.6358019113999998,1.615052104,1.7936114072999998,2.386298418,18.2192173,0.24619488420000002,0.0,87.367607117,41.032524109,0.0,70032.0
3280,1789.9511968,13.040664673,1.6214993,1.6272290944999999,1.8335746527,2.3829157352,18.179246902,0.24596618120000002,0.0,86.384750366,41.419174194,0.0,70032.0
3281,1790.1031967999998,13.039723396,1.6115335225999998,1.6097443104,1.8964585066,2.3687999249000002,18.62918663,0.2483372986,0.0,84.709068298,41.602207184,0.0,70032.0
3282,1790.2551967999998,13.039624214000002,1.6690436602,1.6403524876,1.964643836,2.3637347221000002,18.904283524,0.24489127100000002,0.0,82.86707305899999,41.679347992,0.0,70032.0
3283,1790.4071967999998,13.038234711,1.7898672818999999,1.7401584387,1.99829638,2.3682551384,19.084337234,0.2370758802,0.0,82.551460266,41.929088593,0.0,70032.0
3284,1790.5591967999999,13.033189774,1.914896369,1.872543335,1.9831678866999998,2.3797760009999998,18.901464462,0.2297852784,0.0,83.36154174800001,42.183200836,0.0,70032.0
3285,1790.7111968,13.026276588,1.9458478688999998,1.9471797943,1.9441832304,2.3933200836,18.156650542999998,0.22342951600000002,0.0,85.414611816,42.4127388,0.0,70032.0
3286,1790.8631967999997,13.021122932,1.8150885105,1.8754993677,1.8761907815999999,2.4094576836000003,17.813201904,0.2215998173,0.0,87.943077087,42.408054352,0.0,70032.0
3287,1791.0151967999998,13.019327164000002,1.5944359303,1.6726937294,1.7926231623,2.4233491421,17.713033676,0.2277831286,0.0,89.773048401,42.160118103,0.0,70032.0
3288,1791.1671967999998,13.037430763,1.4748983383,1.5197890997,1.7264152765,2.4219801426,17.681699753,0.2383945733,0.0,91.565422058,42.054878235,0.0,70032.0
3289,1791.3191967999999,13.129107475,1.3944199085,1.4218730927,1.6696844101,2.4082200527,17.864435196,0.2485782355,0.0,92.596099854,41.8034935,0.0,70032.0
3290,1791.4711968,13.245999335999999,1.3734208344999999,1.3794945478,1.6309597491999999,2.3835067749000003,18.553440094000003,0.25650075079999995,0.0,93.096046448,41.596126556,0.0,70032.0
3291,1791.6231968,13.347266197,1.3816536665,1.3754019737,1.6125193834,2.3730556965000003,18.910961151,0.26452010870000003,0.0,93.30290985100001,41.53704071,0.0,70032.0
3292,1791.7751967999998,13.438433647,1.4263112544999998,1.4067356586000002,1.5991574525999999,2.3721938133,18.676429749,0.2725026906,0.0,93.45763397200001,41.427761078,0.0,70032.0
3293,1791.9271967999998,13.510908127,1.4924964905000002,1.4674793482,1.5858637093999999,2.367980957,18.81269455,0.2705737352,0.0,94.024253845,41.42357254,0.0,70032.0
3294,1792.0791967999999,13.568879127999999,1.5388889313,1.5218687057,1.5734765530000001,2.3707752228,19.70791626,0.25896400210000003,0.0,94.88681030299999,41.558963776,0.0,70032.0
3295,1792.2311968,13.62304306,1.5652545691,1.5565932988999998,1.5643861293999999,2.3788678646,21.184337616,0.2534558177,0.0,95.446128845,41.73249054,0.0,70032.0
3296,1792.3831968,13.673733710999999,1.5631462336000002,1.5658316612,1.556404233,2.3836183548,22.928369521999997,0.2580162287,0.0,95.59811401399999,41.641468048,0.0,70032.0
3297,1792.5351967999998,13.719656944,1.5225839615,1.5438568592,1.5483547449000001,2.378582716,23.493183136,0.26512366530000003,0.0,95.445472717,41.305309296,0.0,70032.0
3298,1792.6871967999998,13.763383865,1.4098155499,1.4557324647999998,1.5299907922999998,2.3627078533000003,22.712120056,0.268754065,0.0,95.717033386,40.858108521,0.0,70032.0
3299,1792.8391967999999,13.806832314000001,1.2836955786,1.3285681009,1.5039291382,2.3437180519,21.151039124,0.2708326578,0.0,96.47206878700001,40.57950592,0.0,70032.0
3300,1792.9911968,13.847325325,1.2361143826999998,1.2513096333,1.4740419388,2.3375861645,19.043500899999998,0.2736843228,0.0,96.239326477,40.214069366,0.0,70032.0
3301,1793.1431968,13.885263443,1.2424602509,1.2370220423,1.4356213808000002,2.3404996395,17.330575943,0.272680223,0.0,95.05725097700001,39.844581604,0.0,70032.0
3302,1793.2951967999998,13.923946380999999,1.289272666,1.2718222141,1.3941957951,2.3439257145,16.743930817,0.2655940354,0.0,94.338989258,39.590583801,0.0,70032.0
3303,1793.4471967999998,13.97308445,1.3143020868000002,1.3069303036,1.3626928328999999,2.3495988846,17.262237549,0.2589068711,0.0,93.859771729,39.435817719,0.0,70032.0
3304,1793.5991967999998,14.036056519,1.2922165394,1.3043078184,1.3387072086,2.3489980698,17.184734344000002,0.2604348063,0.0,93.03322601299999,39.4753685,0.0,70032.0
3305,1793.7511968,14.067696570999999,1.2165324687999999,1.2469696999,1.3256263733,2.3404757977,17.040315628,0.2683137655,0.0,92.900802612,39.554424286,0.0,70032.0
3306,1793.9031968,14.077515602,1.1385382414,1.1667830944,1.3230395317,2.3341593742,17.615982056,0.2766134739,0.0,93.596611023,39.701946259,0.0,70032.0
3307,1794.0551967999997,14.086273193,1.1195331812,1.1244226694,1.3232389688,2.3293938637,19.116956711,0.2790000141,0.0,93.304244995,39.767406464000004,0.0,70032.0
3308,1794.2071967999998,14.120643615999999,1.1585896015000001,1.1422873734999999,1.3217762709,2.3197965622,20.287387847999998,0.2797618508,0.0,92.98704528799999,39.489879608,0.0,70032.0
3309,1794.3591967999998,14.15323925,1.2184106112,1.1941918135,1.3190289736,2.3075706959,20.497089386,0.28362071510000003,0.0,92.66985321,39.148269653,0.0,70032.0
3310,1794.5111967999999,14.173013687000001,1.2775682211,1.2543392181,1.3160374165000002,2.3040437698,19.756601334000003,0.282862395,0.0,91.277275085,39.175071716,0.0,70032.0
3311,1794.6631968,14.189777374,1.3278853893,1.3090211153,1.3154425620999999,2.3099541664,18.771661758,0.2757717967,0.0,91.206542969,39.448165894,0.0,70032.0
3312,1794.8151967999997,14.198988914000001,1.357265234,1.3481179475999998,1.3309499025,2.3164887428,17.563631058,0.274841994,0.0,91.18350982700001,39.695110321,0.0,70032.0
3313,1794.9671967999998,14.181563377,1.3350294828,1.3444941044,1.3509464264,2.32142663,17.169548035,0.2792344987,0.0,91.385070801,39.668296814,0.0,70032.0
3314,1795.1191967999998,14.126198769,1.3006908894,1.3130928278,1.3693197966,2.3234415054,18.083707809,0.2763646841,0.0,92.603462219,39.770503998,0.0,70032.0
3315,1795.2711967999999,14.040842055999999,1.2962503432999999,1.2984675169,1.3874739408,2.3287577629,19.351734161,0.2693443596,0.0,94.022888184,40.284744263,0.0,70032.0
3316,1795.4231968,13.958922386,1.2857763767000001,1.2901153564,1.3882957697,2.3404681683,20.650705337999998,0.2657239437,0.0,94.77075195299999,40.521183014,0.0,70032.0
3317,1795.5751968,13.896465302000001,1.2696516514,1.2755932808,1.3673332930000002,2.3480107784,21.501390457,0.2652338147,0.0,95.863059998,40.570793152,0.0,70032.0
3318,1795.7271967999998,13.851614952,1.2627334595,1.2662354707999999,1.3356127739,2.3492336273,21.387712479,0.2654998899,0.0,97.195114136,40.334133148,0.0,70032.0
3319,1795.8791967999998,13.825921059,1.2226980925,1.2403379679000002,1.2919745445,2.3396744728,21.312431335,0.2656663954,0.0,98.581680298,40.278091431,0.0,70032.0
3320,1796.0311967999999,13.811800957,1.0966012478,1.1447181702,1.2229198217,2.3245885372,21.894029616999998,0.26417973640000003,0.0,100.49333191,40.880756378,0.0,70032.0
3321,1796.1831968,13.800952911,1.0126420259,1.0442196131,1.16363585,2.3177855015,22.052637100000002,0.2692602277,0.0,101.12985229,41.199531555,0.0,70032.0
3322,1796.3351968,13.794187546,0.9935776591,0.9991539717,1.1436872482,2.317458868,21.770605087,0.2786599994,0.0,100.87062073,41.459300995,0.0,70032.0
3323,1796.4871967999998,13.789038657999999,1.0442005396,1.0225505829000001,1.1592428684,2.3177652359,21.485305785999998,0.2799099684,0.0,99.81175231899999,41.392486571999996,0.0,70032.0
3324,1796.6391967999998,13.763442993,1.1751592159,1.1247259378,1.1926779747,2.3179953097999997,21.141817093,0.2761313915,0.0,98.775054932,41.319137573,0.0,70032.0
3325,1796.7911967999999,13.716285705999999,1.2542600631999998,1.2234854698,1.2366147041,2.3290531635,20.556791305999997,0.26951515670000004,0.0,97.965263367,41.431526184,0.0,70032.0
3326,1796.9431968,13.679653168,1.2783998251000002,1.2693074942,1.2835479975,2.3491380215,20.118167877,0.2610835433,0.0,97.504371643,41.386787415,0.0,70032.0
3327,1797.0951968,13.660222054,1.2636698484,1.2694437504,1.3157842159,2.3641636372,20.35336113,0.2529219091,0.0,98.09246826200001,41.481784821,0.0,70032.0
3328,1797.2471967999998,13.649394035,1.2101203203,1.2303665876,1.3380733728,2.3655109406,20.844482422000002,0.2451060265,0.0,98.583557129,41.870956421,0.0,70032.0
3329,1797.3991967999998,13.611876488,1.1658108234,1.1831868887,1.3497799634999998,2.359282732,20.92263031,0.2401325554,0.0,98.84097290000001,42.276569366,0.0,70032.0
3330,1797.5511967999998,13.648174286,1.1618888378,1.1635807753,1.3522269725999998,2.3541238308000003,20.076908112,0.2420112044,0.0,98.135948181,42.456985474,0.0,70032.0
3331,1797.7031968,13.761534691,1.1870406866,1.1769883633,1.3524264097,2.3512458801,18.731874466,0.2444953918,0.0,97.704071045,42.125080109,0.0,70032.0
3332,1797.8551968,13.866347313,1.2188770771,1.2060850859,1.3526259661000002,2.3518481255,17.465267180999998,0.2418777943,0.0,97.397750854,41.956348419,0.0,70032.0
3333,1798.0071967999997,13.938501358,1.247952342,1.2359538078,1.3543298244,2.3555207253,16.540233612,0.23991194370000002,0.0,97.10038757299999,42.197498322,0.0,70032.0
3334,1798.1591967999998,13.979030609,1.2832964659000001,1.2694249153000001,1.365413785,2.3611955643,16.651096344000003,0.23674087230000002,0.0,96.964546204,42.39484787,0.0,70032.0
3335,1798.3111967999998,14.001074790999999,1.3341532945999999,1.3144265413,1.3978539705000002,2.3665835857,17.955553055,0.2304869443,0.0,96.52355194100001,42.426689148,0.0,70032.0
3336,1798.4631967999999,14.016233444000001,1.3410391808,1.3382043839,1.4447261095,2.3687095642,19.849145889000003,0.227985695,0.0,96.261932373,42.368080139,0.0,70032.0
3337,1798.6151968,14.028639793,1.3435803652,1.3426418303999998,1.5066869259,2.375005722,21.125226974,0.2311220318,0.0,95.917289734,42.378154755,0.0,70032.0
3338,1798.7671967999997,14.040506362999999,1.3793740273,1.3650897740999999,1.5779758691999999,2.3852469921,21.548635483,0.23490338030000002,0.0,95.560340881,42.753807068,0.0,70032.0
3339,1798.9191967999998,14.041859627000001,1.4753519297,1.4370523691,1.6546695232,2.3932743073,22.517776489000003,0.23224800829999998,0.0,94.393844604,43.50660705600001,0.0,70032.0
3340,1799.0711967999998,14.027200699000002,1.5951082706,1.5473028421000001,1.7349033356,2.4043216705000003,25.123876571999997,0.222678408,0.0,92.587875366,44.264335632,0.0,70032.0
3341,1799.2231967999999,13.990915297999999,1.7177288532,1.6690943241,1.8156951665999999,2.4179825783,27.396821976,0.2105235904,0.0,91.29695892299999,44.523105621000006,0.0,70032.0
3342,1799.3751968,13.95202446,1.8250517844999998,1.7812954187,1.8956887722,2.4353675841999998,28.351144791,0.1997472793,0.0,90.79949951200001,44.833705902,0.0,70032.0
3343,1799.5271968,13.924741745,1.8389884233000002,1.8316313028,1.9750634431999998,2.4532132149,27.878005980999998,0.1948786378,0.0,92.15414428700001,45.024276733,0.0,70032.0
3344,1799.6791967999998,13.902801514,1.8310129642,1.8344292641,2.0536880493000003,2.46296978,26.233726501,0.19509708879999998,0.0,93.104850769,45.216686249,0.0,70032.0
3345,1799.8311967999998,13.873179436,1.9067054987,1.8766254187,2.1134259700999998,2.4661719799,24.405254364,0.2020716816,0.0,92.45650482200001,45.470016478999995,0.0,70032.0
3346,1799.9831967999999,13.840168953,1.9745290278999998,1.9466700553999998,2.1321258545,2.4632842541,22.787559509,0.2111420184,0.0,91.852416992,45.604072571,0.0,70032.0
3347,1800.1351968,13.817974090999998,1.9551838636,1.9625736475,2.1229474544999998,2.4527146816,21.936790465999998,0.21634756030000002,0.0,91.134399414,45.493038176999995,0.0,70032.0
3348,1800.2871968,13.809913635,1.9056117535,1.9253628254,2.1049337387000002,2.4391694069,21.887895584000002,0.21752376850000002,0.0,91.47303772,45.227279663000004,0.0,70032.0
3349,1800.4391967999998,13.793535233,1.8537541628,1.874896884,2.0847859383,2.4279267788,22.64153862,0.2145342082,0.0,92.506477356,44.906669617,0.0,70032.0
3350,1800.5911967999998,13.760619164000001,1.8078072071,1.8262760638999997,2.0640490055000003,2.424482584,23.955329895,0.2127913088,0.0,93.621482849,44.92066955600001,0.0,70032.0
3351,1800.7431967999999,13.718008995,1.7619116306,1.7801415919999999,2.0436604023,2.428147316,25.560823441,0.2148556113,0.0,94.316093445,45.024898529,0.0,70032.0
3352,1800.8951968,13.669851303,1.7551370859,1.7583022118,2.0246202946,2.4343678951,27.109889984000002,0.21585363149999998,0.0,94.479507446,45.070968628,0.0,70032.0
3353,1801.0471968,13.614326477,1.8115423918,1.7887482643000001,2.00938797,2.4380619526,27.047330856,0.213933751,0.0,94.556762695,45.218231201,0.0,70032.0
3354,1801.1991967999998,13.551279068,1.8752471209000001,1.8487342596,1.9921746254,2.4388144016,26.241586685,0.2124712169,0.0,94.26371765100001,45.308563232,0.0,70032.0
3355,1801.3511967999998,13.476007462,1.8847565651,1.8812218904,1.9716732502,2.4449341297,25.801460266,0.2138369977,0.0,93.90676879899999,45.259613037,0.0,70032.0
3356,1801.5031967999998,13.390319824,1.8762943744999998,1.8800168037,1.9515801668000001,2.4536366463,24.793193817,0.2190232724,0.0,93.18489074700001,45.23091507,0.0,70032.0
3357,1801.6551967999999,13.313638687000001,1.8355007172,1.851988554,1.943112731,2.4559540749,23.101568221999997,0.2264424115,0.0,92.98690033,45.248321533,0.0,70032.0
3358,1801.8071968,13.256562233,1.7676230669,1.794205904,1.9467926025,2.4538404942,22.377500534,0.232269913,0.0,93.24800109899999,45.386562346999995,0.0,70032.0
3359,1801.9591967999997,13.214362144,1.6815705299,1.7170212269,1.9524490833,2.4554374218,22.439781189,0.2338089496,0.0,94.161842346,45.462963103999996,0.0,70032.0
3360,1802.1111967999998,13.18333149,1.7468802929,1.7189996243,1.9524202347,2.4618258476,22.157436371,0.23049744960000002,0.0,94.130439758,45.23543930100001,0.0,70032.0
3361,1802.2631967999998,13.162957190999999,1.8425040245,1.8033516406999999,1.9473906755000001,2.4668600559000002,21.629880905,0.22699333730000001,0.0,92.90048217799999,45.017105103,0.0,70032.0
3362,1802.4151967999999,13.136569977,1.9383301735,1.8996990919,1.9416059256,2.4623072147,21.458158493,0.225494206,0.0,91.17707061799999,44.589355469,0.0,70032.0
3363,1802.5671968,13.101564407,2.0065388680000003,1.9786117077,1.9362051487,2.4502112865,21.793779373000003,0.22620564699999998,0.0,89.78678894,44.367897033999995,0.0,70032.0
3364,1802.7191967999997,13.071464539,1.9513453244999999,1.9745759963999998,1.9312275648,2.4384186268,21.839263916,0.2309087217,0.0,89.952049255,43.886817932,0.0,70032.0
3365,1802.8711967999998,13.059762955,1.8348363638,1.8821114302000002,1.9263386725999998,2.4299609661000003,21.499315262,0.2341086268,0.0,91.15120697,43.328132628999995,0.0,70032.0
3366,1803.0231967999998,13.064979552999999,1.7132312059,1.7621968984999998,1.9268022776,2.4276566505,21.978626250999998,0.2337676436,0.0,92.49145507799999,42.958278656000005,0.0,70032.0
3367,1803.1751967999999,13.070590973,1.7182000875,1.7137607336000003,1.9379742146,2.4277083874,22.892433166999997,0.23684212570000002,0.0,92.418457031,42.862861633,0.0,70032.0
3368,1803.3271968,13.071700095999999,1.8097401857,1.7713204622,1.9506839513999998,2.4324979782,23.321897507,0.2433319539,0.0,90.331474304,42.85893631,0.0,70032.0
3369,1803.4791968,13.071700095999999,1.8869199753,1.855891943,1.9513190985,2.4439694881,23.227577209,0.2447492033,0.0,88.30405426,42.949516296,0.0,70032.0
3370,1803.6311967999998,13.07498455,1.9031618834000001,1.8980997801,1.9448739290000001,2.4590601921,22.71739006,0.23699496690000002,0.0,86.79838562,43.220165253000005,0.0,70032.0
3371,1803.7831967999998,13.086335182000001,1.8817317486000003,1.8908509016,1.9544892311000002,2.4632513523,22.22725296,0.22654974460000002,0.0,86.608299255,43.594436646000005,0.0,70032.0
3372,1803.9351967999999,13.101506233,1.8263589143999999,1.8497462272999998,1.9839059114,2.453820467,22.507671356,0.22099359329999999,0.0,86.739318848,44.008586883999996,0.0,70032.0
3373,1804.0871968,13.110070229000002,1.8708940744,1.8504816294,2.0237240791,2.4425549507,23.385547638000002,0.2192737311,0.0,87.227546692,44.314914703,0.0,70032.0
3374,1804.2391968,13.111599922,1.9448846578999999,1.914400816,2.0684685707,2.4322674274000002,23.966712951999998,0.21522125600000003,0.0,88.159515381,44.416160583,0.0,70032.0
3375,1804.3911967999998,13.11392498,1.9904402494,1.9726028441999999,2.0987234116,2.4301795959,24.235229492,0.2070925385,0.0,89.18183136,44.320274353,0.0,70032.0
3376,1804.5431967999998,13.130745888,1.993999958,1.9936653376,2.106802702,2.4361486435,24.549877167,0.200238809,0.0,89.562171936,44.186664581,0.0,70032.0
3377,1804.6951967999998,13.182024002,2.0031189919,1.9997216463,2.1061842442,2.442309618,25.095636368,0.19728198649999998,0.0,89.380912781,44.055538176999995,0.0,70032.0
3378,1804.8471968,13.270532608,2.0439925194,2.0263273716,2.0996465683000003,2.4509062767,25.445163726999997,0.1965509057,0.0,89.226844788,43.969470978000004,0.0,70032.0
3379,1804.9991968,13.377655029000001,2.0498130322,2.0485203266,2.0872151852000003,2.457054615,24.877227783000002,0.1956379563,0.0,89.10785675,44.648288727,0.0,70032.0
3380,1805.1511967999998,13.480250359000001,2.0156629086,2.0297510624,2.0705766678,2.4516077041999997,23.635717391999997,0.19344078,0.0,89.39910888700001,44.597915648999994,0.0,70032.0
3381,1805.3031967999998,13.552601814,1.8984396458000001,1.9478225708,2.0402579308,2.4419417381,22.561983109,0.1915486604,0.0,90.34360504200001,44.362384796,0.0,70032.0
3382,1805.4551967999998,13.591404915,1.8248668909,1.8525595665,2.0166106224,2.4402925968,22.378910065,0.1908501536,0.0,90.658256531,44.284957886,0.0,70032.0
3383,1805.6071967999999,13.610949516,1.8466733694,1.834513545,2.0133495331,2.4417076111,22.922203064,0.1910478622,0.0,89.71983337399999,44.237785339,0.0,70032.0
3384,1805.7591968,13.620844840999998,1.924177289,1.8911789656,2.0172953606,2.4434623718,23.553487778,0.1918916702,0.0,89.16402435299999,44.03370285,0.0,70032.0
3385,1805.9111967999997,13.626812935,1.9882253408000001,1.9627660513,2.04037714,2.4464941025,24.057588576999997,0.1940202713,0.0,88.16534423799999,43.81760025,0.0,70032.0
3386,1806.0631967999998,13.623289108,1.9834508896,1.9871666431000001,2.0836119652000002,2.4454829693,23.313465118000003,0.1955024451,0.0,87.34164428700001,44.02942276,0.0,70032.0
3387,1806.2151967999998,13.579613685999998,1.9129370450999998,1.9448361397,2.1391494274,2.4509398937,21.782705306999997,0.1925379038,0.0,87.72051239,44.240512848,0.0,70032.0
3388,1806.3671967999999,13.493375777999999,1.9490368366,1.9303120375,2.2023932934,2.4662084579,20.688619614,0.18549580870000001,0.0,88.488044739,44.232208252,0.0,70032.0
3389,1806.5191968,13.415596008,2.0122072697,1.9864263535,2.2585577965,2.4714894295,20.138015747,0.1804803163,0.0,88.930000305,44.02469635,0.0,70032.0
3390,1806.6711968,13.36289978,2.0998761654,2.0640609264,2.3054749966,2.467852354,20.519569397,0.18079736829999998,0.0,88.487663269,44.316505432,0.0,70032.0
3391,1806.8231967999998,13.318195343,2.213351965,2.1662666798,2.3501739502000003,2.4637637138,21.040964127,0.18237988649999998,0.0,87.583732605,44.65581131,0.0,70032.0
3392,1806.9751967999998,13.275560379000002,2.2602806091,2.244869709,2.3968391418,2.4564666747999997,20.800827026,0.1826111078,0.0,86.85807800299999,44.452842712,0.0,70032.0
3393,1807.1271967999999,13.235985756,2.318908453,2.2941362858,2.4413409233000003,2.4617986679,20.19742775,0.1844660193,0.0,86.467002869,44.130939483999995,0.0,70032.0
3394,1807.2791968,13.199390411,2.3625524044,2.3457903862,2.4774813652,2.4781234264,20.04816246,0.188527599,0.0,86.49270629899999,43.891162871999995,0.0,70032.0
3395,1807.4311968,13.163440704000001,2.3636755943,2.3654718399,2.5089983940000002,2.482503891,19.880762100000002,0.1913820505,0.0,86.24815368700001,43.838512421000004,0.0,70032.0
3396,1807.5831967999998,13.127990723,2.344899416,2.3531601428999998,2.5255000591,2.4744532108,19.753620148,0.19235384460000002,0.0,85.8491745,44.001350403000004,0.0,70032.0
3397,1807.7351967999998,13.093458175999999,2.3093366623,2.3244986534,2.5213239193,2.4640848637,20.372131348,0.1918869764,0.0,85.428993225,43.976425171,0.0,70032.0
3398,1807.8871967999999,13.059203148,2.2628822327,2.2822890282,2.507776022,2.4619891644,21.728351593000003,0.1931339353,0.0,85.45483398399999,43.706729888999995,0.0,70032.0
3399,1808.0391968,13.027526855,2.2243928909,2.2395164967,2.4793105125,2.4677803516,22.876190186,0.1977855563,0.0,85.62895202600001,43.407577515,0.0,70032.0
3400,1808.1911968,13.003512383,2.2019736766999998,2.2100999355,2.4393153191,2.4736511706999997,22.557336807,0.2023882568,0.0,85.774719238,43.18096542399999,0.0,70032.0
3401,1808.3431967999998,12.986127853,2.1633448601,2.1801166534,2.3995475769,2.479351759,21.218549728,0.20397585629999998,0.0,86.28176879899999,42.974121094,0.0,70032.0
3402,1808.4951967999998,12.97226429,2.1062400341,2.1306602955000002,2.361477375,2.4802262783,20.258493423,0.2022292614,0.0,86.581047058,42.589374542,0.0,70032.0
3403,1808.6471967999998,12.961836815,2.0792839527,2.0884201527,2.3254413605,2.4826202393,20.359869003,0.1986280829,0.0,86.505737305,42.278663635,0.0,70032.0
3404,1808.7991968,12.953341484000001,2.0852475166,2.0811238289,2.289690733,2.4824752808,20.942216873,0.1960036755,0.0,86.201499939,42.116985321,0.0,70032.0
3405,1808.9511968,12.946530342,2.0819702148,2.0839362144,2.2539315224000003,2.4788491726,21.458244324000002,0.1970755905,0.0,86.23588562,42.266014099,0.0,70032.0
3406,1809.1031967999998,12.940487862000001,2.0367250443000002,2.0576636791,2.2224359512,2.472173214,21.501890181999997,0.2005803883,0.0,86.41012573200001,42.57383728,0.0,70032.0
3407,1809.2551967999998,12.938529015,2.0071752071,2.017706871,2.2055792809,2.4676001072,21.141130447000002,0.2013747096,0.0,86.41847991899999,42.764610291,0.0,70032.0
3408,1809.4071967999998,12.948184967000001,1.9888774157,1.9959022999,2.2006494999,2.4658796787,20.923744202,0.19981397690000002,0.0,86.362182617,42.895011902,0.0,70032.0
3409,1809.5591967999999,12.966450690999999,1.9975893497,1.9920421838999998,2.1957051754,2.4566316605000003,21.200504303,0.2002130002,0.0,86.30589294399999,42.964839935,0.0,70032.0
3410,1809.7111968,12.983768462999999,2.0222864151,2.0114266872,2.1892044544,2.4478521347,22.397001266,0.2000079602,0.0,86.02459716799999,42.990680695,0.0,70032.0
3411,1809.8631967999997,12.99913311,2.0056147575,2.016092062,2.1784582138,2.4455602169,24.10436821,0.1985466927,0.0,85.877487183,42.97919464100001,0.0,70032.0
3412,1810.0151967999998,13.015644072999999,1.9673756361,1.9840180874000002,2.1703062056999998,2.4444200993000003,24.955253601,0.19673188030000002,0.0,86.111976624,42.939094543,0.0,70032.0
3413,1810.1671967999998,13.054930687,1.9387530088,1.9498865604,2.1699416637,2.4533107281,24.840467453000002,0.191406697,0.0,86.38591766399999,42.930999756,0.0,70032.0
3414,1810.3191967999999,13.12700367,1.9665917158000001,1.9517519474,2.1674323082,2.462136507,24.409086227,0.1838595271,0.0,86.682281494,43.056476593,0.0,70032.0
3415,1810.4711968,13.205296515999999,2.0251486301,1.9999524355,2.1511650085,2.4692099094,23.983171463,0.179206118,0.0,87.004325867,43.219772338999995,0.0,70032.0
3416,1810.6231968,13.285833359000002,2.0418567657,2.0384485722,2.1199355125,2.4746365547,23.568342209,0.1796856225,0.0,87.480125427,43.182193756000004,0.0,70032.0
3417,1810.7751967999998,13.357933998,1.9954119921,2.0179340838999997,2.0903372765,2.4705812931,23.145498275999998,0.1827000082,0.0,88.418945313,42.938545227,0.0,70032.0
3418,1810.9271967999998,13.408507347,1.8995627165,1.9410722256,2.0743350983,2.4624173641,22.482004166,0.1864158511,0.0,89.35787963899999,42.76417923,0.0,70032.0
3419,1811.0791967999999,13.441926956,1.8229113816999998,1.8508719206,2.0735402107,2.4609675407,21.026857376,0.1908254474,0.0,89.12878418,42.865604401,0.0,70032.0
3420,1811.2311968,13.458846092,1.8074023724000001,1.8086817265000001,2.0736398697,2.4686861038,19.719118118,0.1952339709,0.0,88.69772338899999,43.120079041000004,0.0,70032.0
3421,1811.3831968,13.469202042000001,1.8738603591999998,1.8410016297999998,2.0737395287,2.4743664265,19.631532669000002,0.1987127066,0.0,88.39665222200001,43.097995758,0.0,70032.0
3422,1811.5351967999998,13.478776932,1.9647988081,1.9274549484,2.073839426,2.467184782,19.425086975,0.1965742707,0.0,87.91004943799999,43.035942078000005,0.0,70032.0
3423,1811.6871967999998,13.491592407,2.0180249214,1.9998537302000001,2.0935881138,2.4582250118,19.45000267,0.1880842596,0.0,87.46809387200001,43.109668731999996,0.0,70032.0
3424,1811.8391967999999,13.512007713,2.0222694874,2.0242044926,2.1370286942,2.4664957522999997,20.132577896,0.1826388091,0.0,87.59513855,43.296772003,0.0,70032.0
3425,1811.9911968,13.534244537000001,1.9966350794,2.0088393688,2.1604137421000003,2.4841265678,21.038602829000002,0.1837403625,0.0,87.628257751,43.321353912,0.0,70032.0
3426,1812.1431968,13.547483444000001,1.9641582966,1.9771984816,2.1685707569,2.4910292625,21.64475441,0.1864334494,0.0,87.27933502200001,43.111618041999996,0.0,70032.0
3427,1812.2951967999998,13.556546210999999,1.9476321936,1.9526019096,2.1751379966999997,2.478115797,21.325094223,0.1893160343,0.0,86.843200684,42.638912201,0.0,70032.0
3428,1812.4471967999998,13.57229805,1.9364445209999999,1.9407215118,2.1802248955000003,2.4598064422999997,21.15104866,0.1922813803,0.0,86.33903503399999,42.437221527,0.0,70032.0
3429,1812.5991967999998,13.574379920999998,1.9371013641,1.9352235794,2.1853108406,2.4538857937,21.610017776,0.1946119219,0.0,85.92959594700001,42.433158875,0.0,70032.0
3430,1812.7511968,13.552096367,1.9441796541,1.9410027266,2.1915514469,2.4596934319,21.870452881,0.1960605085,0.0,86.03254699700001,42.632884979,0.0,70032.0
3431,1812.9031968,13.509985924,1.9683306216999998,1.9565751553,2.2021667956999997,2.4622008800999997,21.100357056,0.1968693882,0.0,86.504745483,42.741592407,0.0,70032.0
3432,1813.0551967999997,13.437706947,2.0156590938999996,1.994294405,2.2169334888,2.4591898918,19.987417220999998,0.1980874091,0.0,87.466529846,42.537593842,0.0,70032.0
3433,1813.2071967999998,13.347426414000001,2.0677647591,2.0464935303,2.231695652,2.4665467738999998,19.953678131,0.20001144710000002,0.0,87.81300354,42.652236938,0.0,70032.0
3434,1813.3591967999998,13.244968414,2.0601921082,2.0699632168,2.2460205555,2.4779994488,20.381538391,0.2026854306,0.0,87.236068726,42.789516449000004,0.0,70032.0
3435,1813.5111967999999,13.138702392999999,2.0418498516,2.0484516621,2.2580411434,2.4682457447,20.290632247999998,0.2043125927,0.0,86.327362061,42.947132111,0.0,70032.0
3436,1813.6631968,13.050904274,2.0516285896,2.0447237491999997,2.2669231892,2.4605848788999998,19.627449035999998,0.204548642,0.0,86.057327271,43.159355164,0.0,70032.0
3437,1813.8151967999997,12.98631382,2.0499658585,2.0533497334,2.2700762749,2.470304966,19.450500488,0.2083069086,0.0,86.17626190200001,43.214756011999995,0.0,70032.0
3438,1813.9671967999998,12.949272156,2.0179269314,2.0341496468,2.2624773979,2.4729325771,19.865163802999998,0.2149475664,0.0,86.52037811299999,43.201465606999996,0.0,70032.0
3439,1814.1191967999998,12.942973137000001,2.0109958649,2.0099973679,2.2500913143,2.4712467194,19.928342819,0.2187862098,0.0,86.996231079,43.10187912,0.0,70032.0
3440,1814.2711967999999,12.950041770999999,2.0037884712,2.00791049,2.2337818146,2.4675292969,19.653333664,0.2177157849,0.0,86.80198669399999,42.97146225,0.0,70032.0
3441,1814.4231968,12.950620651,2.0009999275,2.0014998913,2.2116878033000003,2.4580485821,20.104166031,0.21879136559999998,0.0,86.50373840299999,42.794471741,0.0,70032.0
3442,1814.5751968,12.945012092999999,1.9958115816,1.9987754822,2.1757047176,2.4485630989,20.496273041,0.2239281684,0.0,86.75388336200001,42.42332077,0.0,70032.0
3443,1814.7271967999998,12.937870025999999,1.9652044773,1.9803507328,2.1303195953,2.4463829994,21.161220551,0.2268042266,0.0,86.892738342,42.248981476,0.0,70032.0
3444,1814.8791967999998,12.931521415999999,1.9218852519999998,1.9394806622999998,2.084946394,2.4489681721000003,21.995952606,0.2287409604,0.0,86.951538086,42.136486053,0.0,70032.0
3445,1815.0311967999999,12.916520119000001,1.8572212458000001,1.8853447437000002,2.0402932167,2.4429788588999997,22.25784874,0.23123364149999998,0.0,87.06589508100001,41.903148651,0.0,70032.0
3446,1815.1831968,12.882761002,1.7759017944,1.8092521429,1.9975430965,2.4259738922,21.396190643,0.22987723350000003,0.0,86.856445313,41.61813736,0.0,70032.0
3447,1815.3351968,12.850780487,1.7071532011000001,1.7323418856000001,1.9555940628,2.4155404568,20.909034729000002,0.2255372554,0.0,86.582862854,41.308582306,0.0,70032.0
3448,1815.4871967999998,12.837643623,1.6754949093,1.6835417746999999,1.9167064428,2.409424305,21.192625046,0.21913984420000002,0.0,86.47843170200001,41.244480133,0.0,70032.0
3449,1815.6391967999998,12.845326424000001,1.6880749463999998,1.6785820722999998,1.8859454393000001,2.4105608463,21.001317978,0.21504758300000001,0.0,86.703330994,41.482910155999996,0.0,70032.0
3450,1815.7911967999999,12.865717887999999,1.7295678853999998,1.710242033,1.8614040613,2.4169907569999998,20.258110046,0.21393968160000001,0.0,87.478317261,41.618530273000005,0.0,70032.0
3451,1815.9431968,12.886879920999998,1.7035274506,1.7248635291999999,1.8542622328,2.4189736843,19.548923492,0.21407675739999998,0.0,88.699165344,41.655658722,0.0,70032.0
3452,1816.0951968,12.892263412,1.6429642438999998,1.6688123941,1.8754392862,2.4281759262000002,18.864164352,0.21790647510000002,0.0,89.75856018100001,41.760932921999995,0.0,70032.0
3453,1816.2471967999998,12.897025108,1.6762906313,1.6488771438999998,1.9046571255000002,2.43577528,17.954933167,0.2251563668,0.0,89.784317017,41.842029572,0.0,70032.0
3454,1816.3991967999998,12.918060302999999,1.8190416098,1.7503809928999998,1.9300746918,2.4452338219,17.131895065,0.2271725386,0.0,88.508247375,41.751152039000004,0.0,70032.0
3455,1816.5511967999998,12.95986557,1.9184938669,1.8885132074000002,1.9391224384,2.4509382248,16.818490982,0.2235070616,0.0,87.00327301,41.631343842,0.0,70032.0
3456,1816.7031968,13.008170128,1.9136475325,1.9266995191999998,1.9232803583000002,2.4474902153,17.062740326,0.2147589177,0.0,86.18089294399999,41.559856415,0.0,70032.0
3457,1816.8551968,13.028970718,1.8215980530000002,1.8671010733000002,1.886502862,2.4474308491,17.612930298,0.2064808905,0.0,85.566978455,41.524753571,0.0,70032.0
3458,1817.0071967999997,13.041039467000001,1.7457634211000002,1.7701711655,1.8337031603,2.4442074299,17.914459229000002,0.2050686032,0.0,85.089225769,41.356246948,0.0,70032.0
3459,1817.1591967999998,13.073364258,1.7189464569,1.7244290113,1.7755385637,2.4255776405000002,17.751638412000002,0.2099989206,0.0,84.313903809,41.091999054,0.0,70032.0
3460,1817.3111967999998,13.110719680999999,1.6824001074000001,1.7008486986000002,1.7420910596999999,2.4163293839,17.17946434,0.21646562219999999,0.0,83.698783875,40.832904815999996,0.0,70032.0
3461,1817.4631967999999,13.151115417,1.6009620428,1.639383316,1.7283228636,2.4185595512,16.60279274,0.21830345690000003,0.0,83.86816406300001,40.778808594000004,0.0,70032.0
3462,1817.6151968,13.195532799,1.5173122883,1.5486832857,1.7181283236000002,2.4226438999,16.781555175999998,0.2145907432,0.0,84.778121948,40.930103302,0.0,70032.0
3463,1817.7671967999997,13.237586975,1.4696828127000001,1.4833445549000002,1.717320919,2.4199433327,17.657344818,0.21302978690000002,0.0,86.22994995100001,41.218940735,0.0,70032.0
3464,1817.9191967999998,13.273430824,1.4918099641999998,1.4736447334,1.7328310013,2.421775341,18.421495438,0.2141851038,0.0,87.73891449,41.870883942,0.0,70032.0
3465,1818.0711967999998,13.306859015999999,1.5968577862,1.5454679728,1.7680020332,2.4233345985,18.942546844000002,0.2124595791,0.0,88.499946594,42.274765015,0.0,70032.0
3466,1818.2231967999999,13.341303825,1.7461600304,1.6833791733,1.8098824024000002,2.4177720547,19.440135956,0.2027395666,0.0,88.074790955,42.486751556,0.0,70032.0
3467,1818.3751968,13.388108253,1.9037179947,1.8400907516,1.8649888038999998,2.4218144417,19.541021347,0.18639609219999997,0.0,87.21669006299999,42.845787048000005,0.0,70032.0
3468,1818.5271968,13.449399948,2.0182540416999997,1.9800972938999999,1.931166172,2.4370057583,19.579301834000002,0.17316344379999998,0.0,86.416976929,43.281410217,0.0,70032.0
3469,1818.6791967999998,13.516740799,2.0938980578999997,2.0667572021000002,2.0235815048,2.4501624107,20.285396576,0.1653854549,0.0,85.648544312,43.703098297,0.0,70032.0
3470,1818.8311967999998,13.575238228,2.1220083237000003,2.1174128056,2.148670435,2.4552268982,21.360809326,0.1649123877,0.0,85.679450989,43.906093596999995,0.0,70032.0
3471,1818.9831967999999,13.614452362,2.1090445518000003,2.1195280552,2.2805032730000003,2.4603178501,21.636232376,0.16814340649999998,0.0,85.814926147,43.948970795,0.0,70032.0
3472,1819.1351968,13.637399672999999,2.1195440292,2.109133482,2.3910648823,2.4645848274,20.544790268,0.16993696989999998,0.0,85.711555481,43.99042511,0.0,70032.0
3473,1819.2871968,13.639388084,2.1560394763999997,2.1400418281999998,2.4025933743,2.4625651836,20.223791122,0.16831536589999999,0.0,85.83430481,43.89490509,0.0,70032.0
3474,1819.4391967999998,13.629181862000001,2.1936509609,2.1795265675,2.3674991131,2.4670164585,20.175544739,0.165155679,0.0,86.33254241899999,43.642192841,0.0,70032.0
3475,1819.5911967999998,13.61315918,2.1863744259,2.19835186,2.3323853016,2.4691057205,20.011199951,0.163605839,0.0,86.53324890100001,43.316612244,0.0,70032.0
3476,1819.7431967999999,13.583322525,2.1336424351,2.159368515,2.3024291991999997,2.4753284453999997,19.925123215,0.1659135371,0.0,85.89365387,42.937988280999996,0.0,70032.0
3477,1819.8951968,13.508947372,2.0733346938999997,2.0964255333,2.2846565247,2.4639081955,19.807346344000003,0.1710982472,0.0,84.97764587399999,42.646389008,0.0,70032.0
3478,1820.0471968,13.404989243,2.0303680897,2.0439016819,2.268881321,2.4481692313999996,19.591266632,0.17484131460000002,0.0,84.050186157,42.476707458,0.0,70032.0
3479,1820.1991967999998,13.312456131,2.0199322701,2.018279314,2.2422075272,2.443053484,19.319522858,0.1781502664,0.0,83.53431701699999,42.325946808000005,0.0,70032.0
3480,1820.3511967999998,13.222373009000002,2.0312609672999997,2.0247719288,2.1964921951,2.443567276,18.811229706,0.1831167638,0.0,83.415336609,42.212562561,0.0,70032.0
3481,1820.5031967999998,13.160100937000001,2.0210306644,2.0307700634,2.1549489498,2.4468626976,18.291812897,0.1915822327,0.0,83.481262207,42.005336761,0.0,70032.0
3482,1820.6551967999999,13.12587738,1.9871958494,2.0028276443,2.0950620174,2.4480550289,18.465717316,0.203317076,0.0,83.562171936,41.688484192,0.0,70032.0
3483,1820.8071968,13.10739994,1.9470282793,1.9631603956,2.0465044975,2.4478414059,20.029369354,0.2103900909,0.0,83.624794006,41.394233704,0.0,70032.0
3484,1820.9591967999997,13.096701622000001,1.9067721367,1.9229760169999999,2.032582283,2.4403228759999998,20.83846283,0.213230595,0.0,83.897781372,41.215270996,0.0,70032.0
3485,1821.1111967999998,13.087134360999999,1.8656178713,1.8824310303,2.0368444919999997,2.4284975529,20.02693367,0.2125421464,0.0,84.116874695,41.191871643,0.0,70032.0
3486,1821.2631967999998,13.077149390999999,1.8237336874,1.8406833409999999,2.025277853,2.4224216938,19.213676452999998,0.21054789420000003,0.0,84.202156067,41.488052368000005,0.0,70032.0
3487,1821.4151967999999,13.066684723,1.8048858643,1.8070266247,2.0153384209,2.419965744,19.134283066,0.2082620859,0.0,84.39792633100001,41.818313599,0.0,70032.0
3488,1821.5671968,13.052760124,1.8271830082,1.811886549,2.0169887543000002,2.4203610419999997,19.47274971,0.20510400829999997,0.0,84.635627747,41.850273132,0.0,70032.0
3489,1821.7191967999997,13.025580406,1.8846086264,1.8573065996,2.039992094,2.4249718189,19.607603073,0.2026288807,0.0,84.788566589,41.944618225,0.0,70032.0
3490,1821.8711967999998,12.993602753,1.957759738,1.9275995493,2.0665380955000003,2.4323232174,19.475435257,0.2009553164,0.0,84.823570251,42.100601196,0.0,70032.0
3491,1822.0231967999998,12.973197937,2.0262007713,2.0002741814,2.0946464539,2.4402186871000002,19.710794449,0.1993805021,0.0,84.814254761,42.109863280999996,0.0,70032.0
3492,1822.1751967999999,12.967009544000001,2.0564894676,2.052312851,2.1006166935,2.4463889599,20.53565979,0.19851516190000001,0.0,85.1978302,42.076023102,0.0,70032.0
3493,1822.3271968,12.999921799000001,2.0035300255,2.0390179157,2.0943763256,2.4463729858,21.746299744,0.2006761134,0.0,85.853530884,42.081752777,0.0,70032.0
3494,1822.4791968,13.057403564000001,1.8914210796000002,1.9410623312000002,2.0674037933,2.4440505505,23.140298843000004,0.2050143778,0.0,86.069320679,42.223625183,0.0,70032.0
3495,1822.6311967999998,13.145786285,1.7992656231,1.8277022839,2.0182757378,2.445435524,24.313051224000002,0.20737974350000002,0.0,85.719932556,42.272480011,0.0,70032.0
3496,1822.7831967999998,13.236592293,1.7572157383000002,1.7669771909999998,1.969394207,2.4417185783,24.456935883000003,0.2068797499,0.0,85.013648987,41.928764343000005,0.0,70032.0
3497,1822.9351967999999,13.34860611,1.7390513419999998,1.744800806,1.9205361605000002,2.4322252274,22.75687027,0.2046872228,0.0,84.066177368,41.440975189,0.0,70032.0
3498,1823.0871968,13.511884689,1.7270599603999999,1.7311103344,1.8716542721,2.4298818111,21.433904648,0.2024246752,0.0,83.27986145,41.085708618000005,0.0,70032.0
3499,1823.2391968,13.63528347,1.7141308784,1.7204213141999998,1.8239480257,2.4264616966,21.71875,0.2012970001,0.0,83.136817932,41.094760895,0.0,70032.0
3500,1823.3911967999998,13.707551002999999,1.69622612,1.7044531106999998,1.7834770678999998,2.4276454449,23.277994156,0.1994104981,0.0,83.54499054,41.035003662,0.0,70032.0
3501,1823.5431967999998,13.739656448,1.6733509302,1.6831858158000002,1.7533648013999998,2.4350047112,24.875175476,0.1991597712,0.0,84.056350708,40.793540955,0.0,70032.0
3502,1823.6951967999998,13.758602142,1.6215803622999998,1.6492882966999998,1.7237348556999998,2.4425525665,25.813774109,0.20241042969999998,0.0,84.64236450199999,40.681583405,0.0,70032.0
3503,1823.8471968,13.774728775,1.5461283922,1.5777426958,1.6982544661,2.4445104599,25.099651336999997,0.20685201879999998,0.0,85.137062073,40.797420502,0.0,70032.0
3504,1823.9991968,13.790308952,1.5031729937,1.5101274252,1.6816021204,2.4403324127,23.437122345,0.2110577673,0.0,85.23891449,40.819210051999995,0.0,70032.0
3505,1824.1511967999998,13.804659843,1.531124115,1.5079051256,1.6684583426,2.4303143024000002,22.115104675,0.2112922668,0.0,85.179466248,40.824279785,0.0,70032.0
3506,1824.3031967999998,13.812401772000001,1.5931046009,1.5680869818,1.6756740808000001,2.4279389381,22.42673111,0.2025303692,0.0,84.954925537,40.996238708,0.0,70032.0
3507,1824.4551967999998,13.817519188,1.6547999381999998,1.6307413578,1.7159029245,2.4409039021,22.693403244000002,0.1917733848,0.0,84.675109863,41.32390976,0.0,70032.0
3508,1824.6071967999999,13.822307587000001,1.7144989967,1.6910026073,1.7724951506,2.451931715,22.815418243000003,0.1900873184,0.0,84.77040863,41.544696808000005,0.0,70032.0
3509,1824.7591968,13.825984000999998,1.7756061554,1.7509081363999999,1.8373061419,2.4513823986000003,22.549430846999996,0.1919170022,0.0,85.20099639899999,41.49622345,0.0,70032.0
3510,1824.9111967999997,13.823355675,1.8519347906,1.8177249432,1.9056791066999998,2.4539089203,21.539482117,0.19197292629999999,0.0,85.294563293,41.446186065999996,0.0,70032.0
3511,1825.0631967999998,13.816842079,1.9202325344,1.8983454704,1.9843860865,2.4605641365,20.577791214,0.19550879300000001,0.0,84.923210144,41.628757477,0.0,70032.0
3512,1825.2151967999998,13.810437202000001,1.9679578543,1.9504259825,2.0562748909,2.4633281231,20.627248764,0.20098446309999998,0.0,84.293060303,41.946861266999996,0.0,70032.0
3513,1825.3671967999999,13.808049202000001,1.9858908653,1.9869494438,2.1264474391999997,2.4491333961,20.024971007999998,0.19832107420000003,0.0,83.729362488,42.120170593000005,0.0,70032.0
3514,1825.5191968,13.801651001,1.9689706563999998,1.9802008866999998,2.1841418743000003,2.4370005131,18.600378036,0.1923749447,0.0,83.681373596,42.102203369,0.0,70032.0
3515,1825.6711968,13.775257110999998,1.9587519169,1.9570803641999999,2.225643158,2.4316096306,18.172460556,0.1887499243,0.0,83.32443237300001,42.212001801,0.0,70032.0
3516,1825.8231967999998,13.747392654,1.9851022959,1.9678711891,2.2667529583,2.4290761948,18.235609055,0.1881501377,0.0,83.004165649,42.389350891,0.0,70032.0
3517,1825.9751967999998,13.731164932,2.0453364849,2.0155560969999997,2.3024742603,2.4272146225,18.28902626,0.1898316294,0.0,82.73329162600001,42.605705261,0.0,70032.0
3518,1826.1271967999999,13.724482535999998,2.1267368793,2.0916087627,2.3184711933,2.4279382229,18.926698685,0.1915120184,0.0,82.504074097,42.763526917,0.0,70032.0
3519,1826.2791968,13.690579414,2.2209775447999998,2.1811618805,2.335824728,2.4323577881,19.948904037000002,0.194222793,0.0,82.503410339,43.06932067899999,0.0,70032.0
3520,1826.4311968,13.595076560999999,2.2954690456,2.2739896774,2.3753881454,2.4351856709,20.132139205999998,0.1990542859,0.0,82.889503479,43.54429245,0.0,70032.0
3521,1826.5831967999998,13.470751762,2.3028972149,2.3159515858,2.418974638,2.4311923981,20.371290207,0.198654592,0.0,83.652687073,43.861789703,0.0,70032.0
3522,1826.7351967999998,13.379340172000001,2.2810862064,2.2874853611000003,2.4497742653,2.4314365387,20.623764038,0.2078805417,0.0,84.787887573,43.965934753,0.0,70032.0
3523,1826.8871967999999,13.321130753,2.2993412018,2.2819507122,2.4318263531,2.436413765,20.950065613,0.21994814280000002,0.0,85.904724121,44.24174881,0.0,70032.0
3524,1827.0391968,13.307753563,2.3415343761000003,2.3256988525,2.3916051388,2.4270329475,21.423976898,0.2217936665,0.0,86.60988616899999,44.700714111,0.0,70032.0
3525,1827.1911968,13.30164814,2.3416507244,2.3552348614,2.3564879894,2.4177854061,22.734910965,0.2180156559,0.0,87.672058105,45.056095123,0.0,70032.0
3526,1827.3431967999998,13.293967247000001,2.2571930884999998,2.3088223934,2.3312084675,2.4203248024,26.44477272,0.2155998051,0.0,89.68493652299999,45.373996735,0.0,70032.0
3527,1827.4951967999998,13.286289215,2.0445036888,2.1577157974000003,2.3290970325,2.4313178062,29.546602249,0.21268816289999998,0.0,91.33546447799999,45.62760162399999,0.0,70032.0
3528,1827.6471967999998,13.278606415,1.8244599103999999,1.8874230385,2.3770892619999997,2.4473781586000003,31.594484329,0.2124260515,0.0,91.076873779,45.797473907,0.0,70032.0
3529,1827.7991968,13.271697997999999,1.8912777901,1.7830080986,2.4207639694,2.4494888783,32.718044281,0.2101056278,0.0,88.638328552,45.928012848,0.0,70032.0
3530,1827.9511968,13.271298409000002,2.1935989857,2.0631952286,2.4908978938999997,2.4507277012,32.618415833,0.201691404,0.0,85.599609375,45.960536956999995,0.0,70032.0
3531,1828.1031967999998,13.274963379,2.4444818497,2.3717861175999997,2.6279056071999998,2.4627351761000003,31.313816070999998,0.19678922,0.0,84.296676636,45.920684814,0.0,70032.0
3532,1828.2551967999998,13.279253006,2.6447627544,2.555154562,2.8636827469,2.474758625,29.320007324000002,0.19640505309999998,0.0,84.32800293,45.894416809,0.0,70032.0
3533,1828.4071967999998,13.283550262,2.8505718707999996,2.7742507458,3.1104032993,2.4820094109,27.586626053000003,0.1934291124,0.0,83.99829101600001,45.754207611000005,0.0,70032.0
3534,1828.5591967999999,13.287960052,2.9675159454,2.9461915493,3.3414132595,2.4743001461,26.698022841999997,0.1893400103,0.0,83.281585693,45.48790741,0.0,70032.0
3535,1828.7111968,13.292555809000001,3.0109033585000002,2.9942958355,3.4018886088999998,2.4755396843,26.025255203,0.189865008,0.0,82.98526001,45.187267303,0.0,70032.0
3536,1828.8631967999997,13.297235489,3.0453662872000002,3.0347509383999998,3.0892579556,2.4768135548,26.970832825,0.1912293732,0.0,83.244537354,45.039802551,0.0,70032.0
3537,1829.0151967999998,13.301789284000002,3.0289647579000003,3.051633358,2.7012097836,2.4555637836,29.013771057,0.1895722598,0.0,82.813201904,45.025535583,0.0,70032.0
3538,1829.1671967999998,13.306002617,2.792147398,2.9589242935000004,2.3417868613999997,2.4211690426,32.088134765999996,0.1896310896,0.0,82.141609192,44.879234313999994,0.0,70032.0
3539,1829.3191967999999,13.312182426,2.1958169937,2.5034992695,1.9905643463,2.3910877705,35.077949524,0.1937321275,0.0,81.514793396,44.601669312,0.0,80000.0
3540,1829.4711968,13.340397835,1.522505641,1.7443751097,1.6745882034000001,2.3514509201,37.81085968,0.2031170726,0.0,81.36026001,44.439727783,0.0,80000.0
3541,1829.6231968,13.446692467,1.0657231808,1.2054069042,1.4728324413,2.2939414978,40.920791625999996,0.225573197,0.0,82.973274231,44.592205048000004,0.0,80000.0
3542,1829.7751967999998,13.880056381,0.8312963247,0.8779577017,1.2855751514,2.2496588230000003,44.230812073,0.2724105716,0.0,87.80594635,44.917179108,0.0,80000.0
3543,1829.9271967999998,14.125481606,0.7663239837000001,0.7724131942,1.1279433965999999,2.2109582424000003,47.224636078,0.32819980379999997,0.0,96.064918518,45.249874115,0.0,80000.0
3544,1830.0791967999999,14.011291504,0.7646902204000001,0.7602045535999999,0.9996563195999999,2.2009029388,49.817565918,0.367144376,0.0,108.01384735,45.369274139,0.0,80000.0
3545,1830.2311968,13.908385277,0.7823172212,0.7732596397,0.9226344823999999,2.2012953758,51.365837096999996,0.38729801770000005,0.0,119.77890778,45.244251251,0.0,80000.0
3546,1830.3831968,14.056075095999999,0.7973443866,0.7952616215,0.859575808,2.1888177394999997,52.640380859,0.39681619409999996,0.0,125.0659256,45.101142883,0.0,80000.0
3547,1830.5351967999998,14.184060097,0.800932467,0.8003252149,0.8296746612,2.1798429488999997,53.205642700000006,0.40222314,0.0,124.80102539,45.042732238999996,0.0,80000.0
3548,1830.6871967999998,14.130137444,0.8098804355,0.8031506538,0.8378973006999999,2.1853480339,50.701961517,0.3984006643,0.0,123.71150208,45.109580994,0.0,80000.0
3549,1830.8391967999999,14.218472481,0.8282185793000001,0.8200191855,0.8611522912999999,2.1953699588999998,48.452980042,0.39994245770000003,0.0,122.99583435,45.244224548000005,0.0,80000.0
3550,1830.9911968,14.488716125,0.8412911892,0.8391976356999999,0.875649035,2.2014443874,47.111179352,0.3998763859,0.0,123.63825226,45.363739014,0.0,80000.0
3551,1831.1431968,14.400801659,0.8412662745,0.8436790109000001,0.8714118004000001,2.2069668769999997,48.001319885,0.38754144310000005,0.0,126.16072845,45.401687622,0.0,80000.0
3552,1831.2951967999998,14.26498127,0.8226004839,0.8364229798,0.8680779934,2.2057316303,48.451099396000004,0.3762204349,0.0,128.7583313,45.363788605,0.0,80000.0
3553,1831.4471967999998,14.125985146,0.7931839228,0.8034392595000001,0.8657799362999999,2.1931996346,49.808319092,0.3749150634,0.0,130.53919983,45.338043213,0.0,80000.0
3554,1831.5991967999998,14.130908966,0.7782077789,0.7793186307,0.8633902073,2.1816470622999997,52.336601257,0.3769663274,0.0,131.62020874,45.332897186000004,0.0,80000.0
3555,1831.7511968,14.010252953,0.7791175245999999,0.7760443091,0.8610926867,2.17791152,53.84254837,0.3740898371,0.0,131.78303528,45.283229828,0.0,80000.0
3556,1831.9031968,14.078229904,0.7883129715999999,0.7839048504999999,0.8587024212000001,2.1625549793000003,52.616527557,0.36942607159999996,0.0,131.10725403,45.088947296,0.0,80000.0
3557,1832.0551967999997,14.243937492,0.7958800793,0.7953551412000001,0.8564645648,2.1483151913,52.937217712,0.3653621078,0.0,130.51245117,44.823669433999996,0.0,80000.0
3558,1832.2071967999998,14.421575546,0.7991871834000001,0.7968818545,0.8558746576,2.1562337875,52.933139801,0.361925751,0.0,129.99761963,44.620323181,0.0,80000.0
3559,1832.3591967999998,14.572900772,0.8037388920999999,0.8017499446999999,0.8632931113,2.1624090672,53.17252349899999,0.3599386513,0.0,129.79524231,44.48387146,0.0,80000.0
3560,1832.5111967999999,14.389237404000001,0.7982217073000001,0.805421114,0.8717558384,2.1655285358,54.38994598399999,0.35816821460000003,0.0,130.20295715,44.412258148,0.0,80000.0
3561,1832.6631968,14.234199524000001,0.7828470469,0.7874748706999999,0.8762928247,2.1662676334,56.007701874,0.3572546542,0.0,131.01881409,44.47303009,0.0,80000.0
3562,1832.8151967999997,14.303668975999999,0.7845363020999999,0.7770038247,0.8690295218999999,2.1620731354,56.999916076999995,0.3589886427,0.0,130.81114197,44.633537292,0.0,80000.0
3563,1832.9671967999998,14.24825573,0.7985445857,0.7956502437999999,0.8585278987999999,2.1722187996,55.855438232,0.354883045,0.0,129.34996033,44.725082397,0.0,80000.0
3564,1833.1191967999998,14.132374763,0.8007354736,0.8016342520999999,0.8350759745,2.1770551205,54.975830078,0.35427632929999997,0.0,127.59039307,44.893081665,0.0,80000.0
3565,1833.2711967999999,14.065102577000001,0.7872740029999999,0.7980831861,0.8154167533,2.1795222759,54.807811737,0.3579401076,0.0,127.07538605,45.206481933999996,0.0,80000.0
3566,1833.4231968,13.984919547999999,0.7568380237000001,0.7707582115999999,0.8110157847,2.1753854752,54.639923096000004,0.36539226770000005,0.0,127.45303345,45.61901474,0.0,80000.0
3567,1833.5751968,13.826775550999999,0.7287212014,0.7369439602,0.8057210445,2.1682169437,54.482757568000004,0.37741169329999996,0.0,128.23606873,46.176784515,0.0,80000.0
3568,1833.7271967999998,13.948486328,0.7264579535,0.7186231017,0.7999556065000001,2.1621735096,55.107902527,0.3854809701,0.0,129.25602722,46.47979354899999,0.0,80000.0
3569,1833.8791967999998,13.991551399,0.7489898801,0.7396869659,0.7958232164,2.1597912312,54.924777985,0.3836277127,0.0,130.34777832,46.156982422,0.0,80000.0
3570,1834.0311967999999,14.821012497,0.7664649487,0.7620594501000001,0.7986178993999999,2.1707754135,54.258441925,0.374953717,0.0,130.84494019,45.81685257,0.0,80000.0
3571,1834.1831968,14.823306084,0.7717900276,0.7732903956999999,0.8020101786,2.1850380898,55.15763855,0.3661862016,0.0,130.20855713,45.712463379,0.0,80000.0
3572,1834.3351968,14.825600624000002,0.7699999809,0.7701001762999999,0.8053998351,2.1976993084,56.099849701000004,0.36160025,0.0,129.04998779,45.430984497,0.0,80000.0
3573,1834.4871967999998,14.827894210999998,0.7715920209999999,0.7697009444,0.8087921143000001,2.1973009109,55.405906677,0.3665884435,0.0,128.1452179,45.22631073,0.0,80000.0
3574,1834.6391967999998,14.340727805999999,0.7743952274,0.773579061,0.8125796318,2.1957085133,53.23261261,0.3787345588,0.0,126.97893524,45.254398346,0.0,80000.0
3575,1834.7911967999999,14.241244316,0.7769634724,0.7748901248000001,0.8165695071,2.1941120625,51.307998657,0.3893191814,0.0,125.34302521,45.125015258999994,0.0,80000.0
3576,1834.9431968,14.438266754,0.7803899646,0.7798466681999999,0.8205572963,2.1947925091,50.504310608000004,0.3971167207,0.0,123.44812012,44.892803191999995,0.0,80000.0
3577,1835.0951968,14.976078033,0.7802252173,0.7810844779,0.824054718,2.1914441586,52.053581238,0.4061822593,0.0,122.47869873,44.915279388,0.0,80000.0
3578,1835.2471967999998,14.667666435,0.7774614096,0.7792288661,0.8198653459999999,2.1903166771,55.85161209100001,0.4080726504,0.0,122.92750549,45.024921417,0.0,80000.0
3579,1835.3991967999998,14.488340378,0.7746176123999999,0.7748802304000001,0.8135166764,2.1961905956,57.700340271,0.39170458909999994,0.0,124.54153442,45.023822784,0.0,80000.0
3580,1835.5511967999998,14.71900177,0.7739999890000001,0.7743102312000001,0.8072292209,2.2032542229,58.680084228999995,0.3716142774,0.0,125.80669403,45.127613068,0.0,80000.0
3581,1835.7031968,15.024158478,0.7724916934999999,0.7742999792,0.8018271327,2.2016425133,59.299636841,0.36270487310000005,0.0,126.27471924,45.349216461000005,0.0,80000.0
3582,1835.8551968,14.730769157000001,0.7662547826999999,0.7696239948,0.7978032827,2.1863052845,61.142044067,0.3625000119,0.0,126.40739441,45.439266205,0.0,80000.0
3583,1836.0071967999997,14.44709301,0.7544236182999999,0.7605654597,0.7939125298999999,2.1844434738,63.556396484,0.3676470518,0.0,125.81242371,45.482315063,0.0,80000.0
3584,1836.1591967999998,14.448685646,0.7409387231,0.7456701398000001,0.7902151942,2.1968014240000002,63.29127883899999,0.3770041764,0.0,124.66007233,45.660778046000004,0.0,80000.0
3585,1836.3111967999998,14.323345184,0.7453598379999999,0.7349621654,0.8005309701000001,2.2069549561,61.18870163,0.38261207939999997,0.0,123.03179932,45.869777678999995,0.0,80000.0
3586,1836.4631967999999,14.480969429000002,0.7784641981,0.7634100914,0.8181474805,2.1989171505000003,59.75870132399999,0.38347449899999997,0.0,122.02896118,45.978786469,0.0,80000.0
3587,1836.6151968,14.413139343,0.816806376,0.8007116914,0.8359933495999999,2.1966788769,59.573310852,0.3787934482,0.0,121.87167358,45.86043930100001,0.0,80000.0
3588,1836.7671967999997,14.516465187,0.8415656686,0.8405293822,0.8538523912,2.1987082958,58.207874298,0.37150907520000004,0.0,122.49301909999998,45.771408081000004,0.0,80000.0
3589,1836.9191967999998,14.446306229000001,0.82939291,0.8385701776000001,0.8707430959,2.2068238258,56.947135925,0.3723462522,0.0,123.68604279,45.750213623,0.0,80000.0
3590,1837.0711967999998,14.36208725,0.8049344420000001,0.8134335279000001,0.8812197447,2.2117738724000002,58.271770477,0.3656342626,0.0,125.05528259,45.772987366,0.0,80000.0
3591,1837.2231967999999,14.223960876,0.7902474999,0.7927113771,0.8875941037999999,2.1964092255,59.843093872,0.36453944439999997,0.0,125.46179962,45.675640106,0.0,80000.0
3592,1837.3751968,14.063006400999999,0.7929154634000001,0.7875303626000001,0.8837303518999999,2.1815748215,59.699542998999995,0.37359741329999996,0.0,124.26890564,45.474060058999996,0.0,80000.0
3593,1837.5271968,13.994659424000002,0.8053807615999999,0.8025200963,0.8787732124,2.1741826534,57.44360733,0.3743835986,0.0,123.02075958,45.436012268,0.0,80000.0
3594,1837.6791967999998,13.915906905999998,0.8093717694,0.807452023,0.8737882972,2.1830348969,55.064914703,0.3740230799,0.0,123.08425903,45.673164368,0.0,80000.0
3595,1837.8311967999998,13.782138824,0.8126807809000001,0.8121181726000001,0.8687998056,2.1992046833,54.175926208,0.37776014210000003,0.0,124.03846741,45.807235718,0.0,80000.0
3596,1837.9831967999999,13.507127762,0.8146752119,0.8141803741,0.8638148308,2.2132246494,54.13080978399999,0.38221663240000003,0.0,124.56296539,45.832557678,0.0,80000.0
3597,1838.1351968,13.624734879000002,0.8166701794,0.8159825206,0.8592937589,2.2084918022,54.607521057,0.3828738928,0.0,124.67711639,46.172122955,0.0,80000.0
3598,1838.2871968,14.057851791,0.8186646104,0.8178702593000001,0.8596522212000001,2.1951491833000003,55.494628906,0.3828068376,0.0,124.31085968,46.408191681000005,0.0,80000.0
3599,1838.4391967999998,14.113063812,0.8213191031999999,0.8199517727,0.861558795,2.1942927837,56.454917908,0.3886552453,0.0,123.46035767,46.242778778,0.0,80000.0
3600,1838.5911967999998,14.048661232,0.824326992,0.8235277534000001,0.8635528088,2.1982836723,56.376728058000005,0.3964186311,0.0,123.27416992,46.194969177,0.0,80000.0
3601,1838.7431967999999,13.913842201,0.820781827,0.8250937462000001,0.8654557467,2.1989696026,55.445625305,0.4015280604,0.0,123.58247375,46.171981812,0.0,80000.0
3602,1838.8951968,13.71713829,0.8052448034,0.8125809431000001,0.8597049712999999,2.1985392569999997,54.361865996999995,0.39572864770000005,0.0,123.7771759,45.874782562,0.0,80000.0
3603,1839.0471968,13.581850052,0.7865316868000001,0.7929406762000001,0.8506553768999999,2.2074122429,53.350933075,0.3943731189,0.0,123.71264648,45.667934418,0.0,80000.0
3604,1839.1991967999998,13.914171219000002,0.7795309424,0.7781937122,0.8457756042,2.2038006783,53.155826569,0.3985159993,0.0,124.04341125,45.686634063999996,0.0,80000.0
3605,1839.3511967999998,14.324424744000002,0.7900217175,0.7846736907999999,0.8536217809000001,2.1900625229,54.147556305,0.4028281868,0.0,124.75718689,45.772262573,0.0,80000.0
3606,1839.5031967999998,14.714577675,0.8056657314,0.7996148467,0.8625097870999999,2.186157465,54.585197449,0.3974593878,0.0,125.3126297,45.810310363999996,0.0,80000.0
3607,1839.6551967999999,14.995863914000001,0.8135296702,0.8142600656,0.8672961593,2.1875348090999998,53.934616088999995,0.38382154700000004,0.0,125.23827362,45.782592773000005,0.0,80000.0
3608,1839.8071968,14.717325210999999,0.8113692403,0.8090775609,0.8691494465,2.1802718639,52.758766173999994,0.3708139658,0.0,125.31674194,45.671218872,0.0,80000.0
3609,1839.9591967999997,14.652663230999998,0.821731329,0.8178805709,0.8707446456,2.1832923889,50.49729919399999,0.3574106395,0.0,124.99333191,45.560573578,0.0,80000.0
3610,1840.1111967999998,15.049948692000001,0.8267961144,0.8271853924,0.8723409176000001,2.1933362484,51.868724823,0.350966692,0.0,123.71619415,45.578777313,0.0,80000.0
3611,1840.2631967999998,15.415990829000002,0.8195275664,0.8242403268999999,0.8739361763,2.203555584,53.113658905,0.3547084928,0.0,122.82701111,45.811405182,0.0,80000.0
3612,1840.4151967999999,15.526917458,0.8066346645,0.8109976648999999,0.8749952912000001,2.209882021,53.546516418,0.3599449098,0.0,123.02500153,46.369148253999995,0.0,80000.0
3613,1840.5671968,15.483846664000001,0.8033428192000001,0.8020047545000001,0.8735830784,2.2075555325,53.58557510399999,0.3629091978,0.0,124.94461059999999,46.735797882,0.0,80000.0
3614,1840.7191967999997,15.40845108,0.8127747178,0.8083086014,0.8714421391,2.1999914646,53.58856964100001,0.3667598069,0.0,127.04775238,46.768249512,0.0,80000.0
3615,1840.8711967999998,15.026568413,0.8234376907,0.8206421137000001,0.8692486286,2.1826906204,54.473312378,0.37128013369999996,0.0,127.1391449,46.472564696999996,0.0,80000.0
3616,1841.0231967999998,14.719977379000001,0.8255747556999999,0.8264347315,0.864842236,2.1795384884,54.63607025100001,0.37533855439999997,0.0,126.21730042,46.077159882,0.0,80000.0
3617,1841.1751967999999,15.048656464,0.8203066587000001,0.8228561282,0.8565412164,2.1907737255,53.781028748000004,0.3852339387,0.0,124.35185242,46.297668457,0.0,80000.0
3618,1841.3271968,15.093694687000001,0.8118038773999999,0.8167602420000001,0.847761929,2.1940586566999998,52.97152710000001,0.38263097409999997,0.0,122.79933167,46.466564178,0.0,80000.0
3619,1841.4791968,14.920944214,0.8023845553,0.802931726,0.8412621617,2.1918442249,53.444553375,0.37043499950000003,0.0,122.01792908,46.324569702,0.0,80000.0
3620,1841.6311967999998,14.812447548,0.8062746525,0.805120945,0.8357797861,2.1891400813999997,54.258975983,0.3590099514,0.0,122.29746246,46.317359923999994,0.0,80000.0
3621,1841.7831967999998,14.956518173,0.8040060401000001,0.806397438,0.8305668831,2.1915025711,55.298709869,0.3578615189,0.0,123.45665741,46.463340759,0.0,80000.0
3622,1841.9351967999999,14.744403839,0.7919599414,0.7972037792000001,0.8265116811,2.1952884196999998,56.242607117,0.3610276878,0.0,125.06539917,46.410739899,0.0,80000.0
3623,1842.0871968,14.487785339,0.7777976394,0.783323288,0.8229674697,2.1966664791,56.499389648000005,0.3647924662,0.0,125.55918884,46.151103973000005,0.0,80000.0
3624,1842.2391968,14.526665688,0.7687359452,0.7708654404,0.8193914294,2.2021536827,55.92603302,0.3656454086,0.0,125.40002441,46.027549744,0.0,80000.0
3625,1842.3911967999998,14.577553749000002,0.7721849084,0.7688555717000001,0.8161444068000001,2.1993832587999997,56.24440765399999,0.36630278829999996,0.0,124.69828796,45.96503067,0.0,80000.0
3626,1842.5431967999998,14.659591675,0.7881393433,0.7820159793000001,0.8216214776,2.1941657065999998,56.165351868,0.3704334497,0.0,122.92108154,45.860431671,0.0,80000.0
3627,1842.6951967999998,14.850793839000001,0.8033311962999999,0.7973794937,0.8313292265000001,2.1990482807,55.121513367,0.3805994987,0.0,121.92488098,45.84627533,0.0,80000.0
3628,1842.8471968,15.04729557,0.811733067,0.8107725978,0.8414139748,2.1996588707,54.047531128,0.3802384138,0.0,122.44799042,45.731113433999994,0.0,80000.0
3629,1842.9991968,14.977087021,0.8017265796999999,0.8082774281999999,0.8514049649,2.1973035336,53.385089873999995,0.3752222657,0.0,122.91941833,45.645748138,0.0,80000.0
3630,1843.1511967999998,14.828667641,0.7797749639,0.7864804864,0.8606975675,2.1991038322,52.790599823,0.3697384,0.0,122.75608063,45.636566162,0.0,80000.0
3631,1843.3031967999998,14.7492342,0.7776144147,0.772557795,0.8698756695000001,2.2094731331,52.48739242600001,0.36103981729999995,0.0,121.99368286,45.60092926,0.0,80000.0
3632,1843.4551967999998,14.829362869,0.8138666153,0.7967464328,0.8787177801,2.2178747654,52.451030731,0.35631257299999997,0.0,120.95172882,45.572429657,0.0,80000.0
3633,1843.6071967999999,15.020079613,0.8636126518,0.8460358381,0.8869879842,2.2226278782,52.943065643000004,0.361243993,0.0,118.34693909,45.591537476000006,0.0,80000.0
3634,1843.7591968,15.148771285999999,0.8923378587,0.8865805268000001,0.9033770561,2.2358641624,54.267742157,0.35961964729999996,0.0,116.65550232,45.634647369,0.0,80000.0
3635,1843.9111967999997,14.993017197,0.8745346069,0.8872910737999999,0.9350132346,2.2475650311,55.931297302,0.35759758950000003,0.0,116.07272339,45.6393013,0.0,80000.0
3636,1844.0631967999998,15.009853363,0.8286466599,0.8427540064,0.9581782818000001,2.2423255444,57.96465683,0.36978447439999995,0.0,117.53024292,45.55753326399999,0.0,80000.0
3637,1844.2151967999998,15.246786118,0.8218044043000001,0.8161683679,0.9617829323,2.2272152900999997,59.506828308,0.3805108368,0.0,120.98142242,45.439414978,0.0,80000.0
3638,1844.3671967999999,15.292076110999998,0.8682349323999999,0.8499624133,0.9589055181,2.2302715778,58.575199127,0.3769073188,0.0,121.0451355,45.318344116000006,0.0,80000.0
3639,1844.5191968,15.268890380999999,0.9088387489,0.8952950835,0.9486584067,2.2300989628,56.113758087,0.3671472967,0.0,118.75457764,45.193828583,0.0,80000.0
3640,1844.6711968,15.295716286,0.9305549264,0.9244990945,0.9495580196,2.2321004868000003,54.752082825,0.3571654558,0.0,116.37897491,45.09777832,0.0,80000.0
3641,1844.8231967999998,15.294657707,0.9373155236,0.9350769520000001,0.9543756247,2.2383313178999997,55.601558685,0.356464386,0.0,117.44937897,45.118942261,0.0,80000.0
3642,1844.9751967999998,15.126036644000001,0.9409158826,0.9412165284,0.9594634175,2.2532331944,56.06937027,0.37163931130000005,0.0,118.72451019,45.247150421,0.0,80000.0
3643,1845.1271967999999,15.189448357,0.9342187643000001,0.9379073977,0.9572275281,2.2460505962,56.435390471999995,0.3822396696,0.0,121.85572815,45.332012176999996,0.0,80000.0
3644,1845.2791968,14.972531319000002,0.9185006618000001,0.9262753725,0.9487951398000001,2.2303991318,58.199176788,0.3789526224,0.0,123.92300415,45.352516173999994,0.0,80000.0
3645,1845.4311968,14.856345177,0.8884032369,0.9031759501000001,0.9381033778,2.2252781391,60.078651428,0.3684180975,0.0,125.30413818,45.609474182,0.0,80000.0
3646,1845.5831967999998,14.81018734,0.8418959975,0.8609070181999999,0.9246370195999999,2.2215764523,60.432136536,0.3590276539,0.0,124.94734192,46.037647246999995,0.0,80000.0
3647,1845.7351967999998,14.791653633,0.7977138758,0.812610209,0.9057502151000001,2.2167022228,60.166027068999995,0.35954973100000004,0.0,124.5921402,46.24962616,0.0,80000.0
3648,1845.8871967999999,14.810775757,0.7778042555,0.7822651863,0.8802645802,2.2122576237000002,58.70716095,0.3616210818,0.0,124.25957489,46.303852081,0.0,80000.0
3649,1846.0391968,14.75250721,0.7819932103,0.780133009,0.8511947393000001,2.2030992508000002,57.080154418999996,0.36263853310000005,0.0,124.02469635,46.500156403000005,0.0,80000.0
3650,1846.1911968,14.655760765,0.7842383384999999,0.7844786644,0.8306466937,2.2028291225,57.234214783,0.3690030575,0.0,124.33301544,46.504646301,0.0,80000.0
3651,1846.3431967999998,14.550403595,0.7779666781,0.7791365385,0.8159587383,2.2046477794999997,57.60409164399999,0.37678417560000005,0.0,125.04642487,46.3695755,0.0,80000.0
3652,1846.4951967999998,14.432162285,0.7840946913,0.7814497948000001,0.8048055172,2.2081599236000002,57.561717987,0.3774520755,0.0,125.98001862,46.094825745,0.0,80000.0
3653,1846.6471967999998,14.350370407,0.791307807,0.7906115651000001,0.8027575015999999,2.21002388,56.595668793,0.3779087961,0.0,126.37722778,45.815120697,0.0,80000.0
3654,1846.7991968,14.361328125,0.7817786336,0.7861305475,0.8044477701,2.2022964953999997,55.252754211,0.3867310882,0.0,126.16431427,45.733474731,0.0,80000.0
3655,1846.9511968,14.263839722,0.7709037662,0.7750698328,0.806542635,2.193842411,54.440467833999996,0.3873791397,0.0,125.80613708,45.894870758,0.0,80000.0
3656,1847.1031967999998,14.126372337000001,0.7651009559999999,0.7677460313,0.8086366057,2.1865665913,53.997558594,0.3842502832,0.0,125.68968964,46.253871918,0.0,80000.0
3657,1847.2551967999998,14.092981339000001,0.7617095709,0.7625154853,0.8128291368,2.179561615,54.774261475,0.38342231509999997,0.0,125.32104492,46.497905731,0.0,80000.0
3658,1847.4071967999998,14.110002518,0.7667448521,0.7638768554,0.8192407489,2.1839599609,55.297176361000005,0.38912779090000005,0.0,125.04830933,46.377830505,0.0,80000.0
3659,1847.5591967999999,14.075541496,0.7770650387000001,0.7728559971,0.8262010812999999,2.1971964836,55.417182921999995,0.3941949904,0.0,124.52492523,46.471576691,0.0,80000.0
3660,1847.7111968,14.370993614000001,0.7883533835,0.7842242121999999,0.832492888,2.2065238953,55.406204224,0.3920457363,0.0,124.60839844,46.514793396,0.0,80000.0
3661,1847.8631967999997,14.814061165,0.7953338623,0.7931083441,0.8369657993,2.2035479546000003,56.114276886000006,0.3908700645,0.0,124.41120148,46.160984039,0.0,80000.0
3662,1848.0151967999998,14.837263107,0.7984807491,0.7968336344,0.8418728709000001,2.1964461803,57.323181152,0.3936268389,0.0,125.07458496,46.13903427100001,0.0,80000.0
3663,1848.1671967999998,14.834767342000001,0.8074544072,0.8038697839,0.8494936228,2.1938626766,57.708839417,0.39427164200000003,0.0,125.78598022,46.26246643100001,0.0,80000.0
3664,1848.3191967999999,15.021229744000001,0.8172290325,0.8127282858,0.8579489589,2.194965601,56.24628829999999,0.38593015070000003,0.0,127.58963013,46.332462311,0.0,80000.0
3665,1848.4711968,14.984022140999999,0.8282185793000001,0.8251793981000001,0.8634012938,2.1967606544,55.87372589100001,0.37717768549999997,0.0,127.7201767,46.57251358,0.0,80000.0
3666,1848.6231968,14.770150185,0.8226148486,0.8252604008,0.8645753264,2.2014191150999998,56.223678588999995,0.37994635109999997,0.0,127.22830963,46.806835175,0.0,80000.0
3667,1848.7751967999998,14.787779808,0.813339293,0.8171450495999999,0.8646000028,2.2039256096,55.732501983999995,0.3898308873,0.0,126.73848724,46.71459198,0.0,80000.0
3668,1848.9271967999998,14.859457015999999,0.8023654819,0.8064215779,0.8646748066,2.2041501999,55.336235046000006,0.3991082609,0.0,125.79351807,46.932117462,0.0,80000.0
3669,1849.0791967999999,14.645744324,0.7929999828000001,0.7955516576999999,0.8647745252,2.2195260525,53.835597992,0.4004802704,0.0,125.10568237,47.249904633,0.0,80000.0
3670,1849.2311968,14.703918457,0.7951492667,0.7930228114,0.8648742437000001,2.2368326187,53.060699463,0.3959662616,0.0,125.48235321,47.398864746,0.0,80000.0
3671,1849.3831968,14.986787796,0.8109472394,0.8044205904,0.8669717312,2.2291612625,53.232242584,0.3933901489,0.0,125.90274048,47.430175781,0.0,80000.0
3672,1849.5351967999998,15.103302002000001,0.8302417994,0.8235176206,0.8766230940999999,2.2147495747,53.97290802,0.3975721598,0.0,125.34631348,47.536453247,0.0,80000.0
3673,1849.6871967999998,15.106330872000001,0.8375949264,0.8359578252,0.8888428211,2.2089679241,54.901893616,0.4002292454,0.0,124.84741211,47.69864273100001,0.0,80000.0
3674,1849.8391967999999,15.004014015,0.832744658,0.8359367847,0.8994966745,2.2099575996,55.66758728,0.3989155889,0.0,124.02868652,47.98606491100001,0.0,80000.0
3675,1849.9911968,14.793943405,0.8159245849,0.8227381109999999,0.9024189115000001,2.2131545544,56.256465911999996,0.39910286659999994,0.0,122.70326996,48.146915436,0.0,80000.0
3676,1850.1431968,14.847379684000002,0.7998331784999999,0.8061311841,0.8980650306,2.2179532050999997,56.722686768,0.3962737322,0.0,121.65985107,48.008792877,0.0,80000.0
3677,1850.2951967999998,14.788856505999998,0.782998383,0.7896447181999999,0.8919801712000001,2.2233126163,56.831783295,0.38973823189999995,0.0,121.62042999,47.738071442,0.0,80000.0
3678,1850.4471967999998,14.752109528,0.7680228353,0.7731915116,0.8858974576,2.2224905490999998,56.770450591999996,0.3926077187,0.0,123.09078217,47.251670837,0.0,80000.0
3679,1850.5991967999998,14.621449470999998,0.7600416541,0.7630618215,0.8765760064,2.2175002098,55.572185516000005,0.3971612155,0.0,125.32911682,46.949714661,0.0,80000.0
3680,1850.7511968,14.648332596,0.751013875,0.754953742,0.8636417984999999,2.2076611519,53.46419525100001,0.4047193825,0.0,126.53958893,46.77960968,0.0,80000.0
3681,1850.9031968,14.790816307,0.7345117331000001,0.7409628629999999,0.8497763276000001,2.1968324184,51.373638153,0.4097273648,0.0,128.4206543,46.550804138000004,0.0,80000.0
3682,1851.0551967999997,15.137863159,0.7227769493999999,0.7271978259,0.8338534236,2.1901733875,51.56840896600001,0.3981133997,0.0,129.01023865,46.45438385,0.0,80000.0
3683,1851.2071967999998,15.24777317,0.7210000156999999,0.7218701839,0.8163865805,2.1883456707,52.548126221000004,0.380386591,0.0,128.57723999,46.574100494,0.0,80000.0
3684,1851.3591967999998,15.229572295999999,0.7220620513,0.7211999893000001,0.7986367941,2.1872119904,53.075157166000004,0.37068289520000003,0.0,128.203125,46.692150116,0.0,80000.0
3685,1851.5111967999999,14.935142517000001,0.733492732,0.7283737063,0.7915011048,2.1932704449,53.181018828999996,0.3695033193,0.0,127.96324921,46.796073914,0.0,80000.0
3686,1851.6631968,14.615573883,0.7567151189,0.7478746176000001,0.8024075031,2.1945278645,53.197673798000004,0.3722536564,0.0,127.50028992,46.88582611100001,0.0,80000.0
3687,1851.8151967999997,14.405478477,0.7733797431,0.7669095993,0.8186415434000001,2.1957852840000003,53.461090088,0.3786065578,0.0,127.03305054,46.920066833,0.0,80000.0
3688,1851.9671967999998,14.468818665,0.7882937789,0.7817707062,0.8345621823999999,2.2067577838999997,54.340057373,0.3827089071,0.0,125.70970917,47.023357391000005,0.0,80000.0
3689,1852.1191967999998,14.491267204000001,0.8118663429999999,0.8026301265000001,0.8478536606,2.21494174,56.301872253,0.37691724299999996,0.0,125.01589203,47.23316955600001,0.0,80000.0
3690,1852.2711967999999,14.375113487,0.8284531831999999,0.8236703276999999,0.8591946362999999,2.2226066588999998,57.529373168999996,0.36536973710000004,0.0,124.63157654,47.394088745,0.0,80000.0
3691,1852.4231968,14.295794487,0.8101838827,0.8183168769,0.8625312448000001,2.2380895615000003,58.525588989,0.3531111181,0.0,124.38925934,47.312294006,0.0,80000.0
3692,1852.5751968,14.34369278,0.7802289128000001,0.791519165,0.8623629808,2.2428722382,59.46395492600001,0.3514238298,0.0,123.92176056,47.066375732,0.0,80000.0
3693,1852.7271967999998,14.403712273,0.7736538053,0.7752546072,0.8673490286,2.233325243,59.138504028,0.35840427880000003,0.0,123.57990265,46.954154968000005,0.0,80000.0
3694,1852.8791967999998,14.367079735,0.7941699623999999,0.7860318422,0.8745265006999999,2.2194468975,57.98009491,0.3700372875,0.0,124.23261261,46.955909729,0.0,80000.0
3695,1853.0311967999999,14.32499218,0.8207022548,0.8101018070999999,0.8801172376,2.2132751942,56.994358063,0.3865889907,0.0,125.74333954,46.794334412,0.0,80000.0
3696,1853.1831968,14.313567162,0.8420508504,0.8338780999,0.8797439933,2.2060925961,55.75580978399999,0.3927023411,0.0,124.80820465,46.36208725,0.0,80000.0
3697,1853.3351968,14.301318169000002,0.8542073369,0.8504348993,0.8765162826,2.200111866,55.228847503999994,0.3869563639,0.0,122.81338501,46.139881134,0.0,80000.0
3698,1853.4871967999998,14.270705223,0.8429537415999999,0.8476730585,0.8753330708,2.2060608864,56.039669036999996,0.380888015,0.0,121.71556091,46.293949127,0.0,80000.0
3699,1853.6391967999998,14.221253395,0.827998817,0.8340296745,0.8752999901999999,2.2193036078999997,55.91053772,0.38216769700000003,0.0,121.75222778,46.493282318,0.0,80000.0
3700,1853.7911967999999,14.315235138,0.8130334020000001,0.8189718127,0.8701198697,2.2336633205000003,55.873065948000004,0.38612365719999997,0.0,121.98243713,46.691886902,0.0,80000.0
3701,1853.9431968,14.406966209,0.798078537,0.8039099573999999,0.8589654565000001,2.2449836731,56.240722656,0.3883262277,0.0,123.22878265,46.878265381000006,0.0,80000.0
3702,1854.0951968,14.483697890999998,0.7830531597,0.7887860537000001,0.8445202112000001,2.2376930714,55.511779785,0.39057877659999996,0.0,124.44400787,46.858478546,0.0,80000.0
3703,1854.2471967999998,14.440566063,0.7672037481999999,0.7736245394,0.8292589187999999,2.2184836864,53.858318329,0.3890061378,0.0,124.92952728,46.716915131,0.0,80000.0
3704,1854.3991967999998,14.296460152,0.7542693019,0.7591202855,0.8194254637,2.2098622322,52.601425171,0.381557107,0.0,124.54968262,46.609699248999995,0.0,80000.0
3705,1854.5511967999998,14.361579895,0.7599797249,0.757324636,0.8300843834999999,2.2117037773,52.554431915,0.3719205558,0.0,123.72629547,46.493431091000005,0.0,80000.0
3706,1854.7031968,14.543951988,0.7793108225,0.7712507844,0.8620553017,2.2141370772999998,52.534500122,0.3695370853,0.0,123.35301208,46.387599945,0.0,80000.0
3707,1854.8551968,14.688341140999999,0.8061563969,0.7953325509999999,0.9050416946,2.2141189575,53.152835846,0.37158498170000004,0.0,123.51101685,46.324516296000006,0.0,80000.0
3708,1855.0071967999997,14.708298682999999,0.8317725658,0.8209720254,0.9364362359,2.2130284309,53.757415771000005,0.3708570898,0.0,123.21520233,46.406425476,0.0,80000.0
3709,1855.1591967999998,14.504683495,0.8737432957,0.8560898304000001,0.9477815031999999,2.2103588581,54.023899078,0.3649413288,0.0,122.7696991,46.62208557100001,0.0,80000.0
3710,1855.3111967999998,14.443868637000001,0.9401614666,0.9142184854000001,0.9448094964,2.2114589213999998,55.38512802100001,0.3590396643,0.0,121.83937073,46.790084838999995,0.0,80000.0
3711,1855.4631967999999,14.505752563,0.9958909154000001,0.9743977785,0.9310235977,2.2152767181,56.85604476899999,0.35171180960000004,0.0,121.45096588,46.853652954,0.0,80000.0
3712,1855.6151968,14.463832855,1.0196412801999999,1.0104168653,0.9117650986,2.2129695415,56.925876617,0.3500806689,0.0,121.29319763,47.151844025,0.0,80000.0
3713,1855.7671967999997,14.312515259000001,1.0066648722,1.012321353,0.889942646,2.2197418213,55.954681396000005,0.35288912060000005,0.0,120.84757233,47.451610565,0.0,80000.0
3714,1855.9191967999998,14.167471886,0.9294072390000001,0.9604136348000001,0.8606685996,2.2382392883,54.557228088,0.35594511030000003,0.0,121.29931641,47.697811127,0.0,80000.0
3715,1856.0711967999998,14.071586609,0.8345234394,0.8729413748,0.8265605569,2.2484738827,54.300624846999995,0.3637842536,0.0,121.84553528,47.791397095,0.0,80000.0
3716,1856.2231967999999,14.038489342,0.7359560131999999,0.7757461070999999,0.7919117808,2.2459805012,55.551307678,0.3758255839,0.0,124.02618408,47.52707672100001,0.0,80000.0
3717,1856.3751968,14.066268920999999,0.6443688868999999,0.6811926365000001,0.7575550675,2.2385208607,57.968460083000004,0.38621252780000004,0.0,127.70346832,47.217895508000005,0.0,80000.0
3718,1856.5271968,13.990310669000001,0.6130174398,0.6256831288,0.7237130404000001,2.2301571369,61.103347778,0.3994691968,0.0,131.81520081,47.166732788000004,0.0,80000.0
3719,1856.6791967999998,13.836188316,0.6144898534000001,0.6141052842,0.6915794015000001,2.2172591686,63.463134766,0.412907511,0.0,134.38085938,47.376983643,0.0,65000.0
3720,1856.8311967999998,13.766438484000002,0.6484735012,0.6356524825,0.6675143838,2.2095489502000003,64.374710083,0.41279137130000004,0.0,134.21246338,47.37903595,0.0,65000.0
3721,1856.9831967999999,13.790555954,0.6870999931999999,0.6717895865000001,0.6489422321,2.2143442631,63.937213898,0.4043211043,0.0,133.73674011,47.628662109,0.0,65000.0
3722,1857.1351968,13.781872749000001,0.6978975534,0.6931075454000001,0.6363230348,2.2251925468000002,62.545562743999994,0.3944955468,0.0,132.95606995,47.921527863,0.0,65000.0
3723,1857.2871968,13.842411995,0.6829698086,0.6886498928,0.6355965734000001,2.2273862362,61.524154663000004,0.39184829590000003,0.0,132.21865845,48.288925171,0.0,65000.0
3724,1857.4391967999998,13.89413929,0.6750152111,0.6779127120999999,0.6488566995,2.2179884911000003,60.928874969,0.3958644867,0.0,132.4471283,48.268749237,0.0,65000.0
3725,1857.5911967999998,13.80354023,0.684984684,0.6807011366,0.6694993973,2.2108261584999997,60.168914795,0.3975411057,0.0,132.75720215,48.103256226000006,0.0,65000.0
3726,1857.7431967999999,13.744545937,0.6859961748000001,0.6851573586,0.6884246468999999,2.2118227482,58.569274902,0.39414349200000004,0.0,133.06083679,47.880847931000005,0.0,65000.0
3727,1857.8951968,13.804002762,0.6820273399,0.6837387681,0.7004618049,2.2097806931,56.30563736,0.3908727169,0.0,133.49333191,47.752876281999995,0.0,65000.0
3728,1858.0471968,13.880337715,0.6938907504,0.6894507408,0.7105554342,2.2056462765,55.074359894,0.39937213060000004,0.0,133.77980042,47.717319489,0.0,65000.0
3729,1858.1991967999998,13.906540870999999,0.7107934356000001,0.7040195465000001,0.7242727876,2.212085247,55.021820068000004,0.41520795229999996,0.0,133.70056152,47.725891113,0.0,65000.0
3730,1858.3511967999998,13.905444145,0.7356395125,0.7255903481999999,0.7398302554999999,2.2264716625,55.269004822,0.42109766600000004,0.0,132.97296143,47.779220581000004,0.0,80000.0
3731,1858.5031967999998,13.964158057999999,0.7586164473999999,0.7496348023,0.7553898692000001,2.2474088669,55.504512786999996,0.4144818485,0.0,131.50328064,47.61972045899999,0.0,80000.0
3732,1858.6551967999999,14.155744553,0.7697830795999999,0.7656055689,0.7719913125,2.2796645164,55.629413605,0.4044163823,0.0,129.97807312,47.55916214,0.0,80000.0
3733,1858.8071968,14.301968575,0.7729340196,0.7714856862999999,0.7896926403,2.3202691078,56.159946442,0.3960852027,0.0,128.62751770000003,47.40542984,0.0,80000.0
3734,1858.9591967999997,14.258886337,0.7691001296,0.7704312205,0.8037360907,2.3574209213,57.845729828,0.39667776229999996,0.0,128.23231506,46.993488312,0.0,80000.0
3735,1859.1111967999998,14.174636841,0.758300364,0.7626646161,0.8137056828,2.3514208794,59.915344238,0.4059214294,0.0,128.31266785,46.761226654,0.0,80000.0
3736,1859.2631967999998,14.230523109000002,0.7424854040000001,0.7490613461,0.8227241039000001,2.2996773719999997,61.330646515,0.4111416042,0.0,128.01573181,46.906265258999994,0.0,80000.0
3737,1859.4151967999999,14.250700950999999,0.7439347506,0.7437168359999999,0.8331175447,2.2743935585,61.990345001,0.415253818,0.0,127.15275574,47.074489594,0.0,80000.0
3738,1859.5671968,14.298769950999999,0.7719662189000001,0.7603108882999999,0.8461092709999999,2.2620863914,61.930198669,0.4163386822,0.0,126.10051727,47.253582001000005,0.0,80000.0
3739,1859.7191967999997,14.381789207,0.7989758253,0.7876831293000001,0.8603283762999999,2.2409381865999998,59.982540131,0.40782603619999996,0.0,125.34663391,47.436058044,0.0,80000.0
3740,1859.8711967999998,14.42000103,0.8306893706,0.817984879,0.872974515,2.2288620472,56.81552887,0.3956458569,0.0,123.92114258,47.61946106,0.0,80000.0
3741,1860.0231967999998,14.463554382,0.853048563,0.8443084359,0.8784451485,2.2252104282,55.105705261000004,0.383110255,0.0,122.78707886,47.744682311999995,0.0,80000.0
3742,1860.1751967999999,14.474232674000001,0.8692597151000001,0.8625509143000001,0.8788553476000001,2.2256753445,54.666893005,0.3702660203,0.0,122.09978485,47.804363251000005,0.0,80000.0
3743,1860.3271968,14.429409027,0.8690485954,0.8686630129999999,0.8770811558,2.2269062996,54.807842255,0.36167886850000003,0.0,121.71733856,47.812709808,0.0,80000.0
3744,1860.4791968,14.390445709000002,0.8395753503,0.8514437079,0.8729121089,2.2362315655000002,55.903636932,0.36286550759999997,0.0,121.93788147,47.715232848999996,0.0,80000.0
3745,1860.6311967999998,14.389213562,0.8361076713,0.8370811939,0.8679707645999999,2.2451920509,57.850860596000004,0.37196809049999996,0.0,122.21025848,47.571857451999996,0.0,80000.0
3746,1860.7831967999998,14.416854857999999,0.8539335131999999,0.8467213511,0.8667864203,2.2498593330000003,59.670631408999995,0.38318416479999995,0.0,122.63021851,47.402599335,0.0,80000.0
3747,1860.9351967999999,14.453400612000001,0.8653494716,0.8612918854,0.8725107907999999,2.25243783,60.481651306,0.39608377219999996,0.0,123.49302673,47.24716568,0.0,80000.0
3748,1861.0871968,14.439652443,0.8725699186,0.8699040413,0.8813874722,2.2539675236,60.231987,0.4088322222,0.0,123.56834412,47.18919754,0.0,80000.0
3749,1861.2391968,14.369526862999999,0.8804844022,0.8775494695,0.8903705478,2.2513856888,59.689697266,0.4116379321,0.0,123.44940948,47.148578644,0.0,80000.0
3750,1861.3911967999998,14.27858448,0.8893991709000001,0.8860803843,0.9009912014,2.2381002903,60.019592285,0.4000729918,0.0,122.96058655,47.060142516999996,0.0,80000.0
3751,1861.5431967999998,14.250475883,0.8983721137,0.8946043253,0.9133829473999999,2.2331564426,61.79001236,0.38734868170000003,0.0,122.62511444,46.926555633999996,0.0,80000.0
3752,1861.6951967999998,14.317473412,0.9054955244,0.9026600718000001,0.926096499,2.2428855896,64.111976624,0.38144904380000005,0.0,122.12532043,46.780593872,0.0,80000.0
3753,1861.8471968,14.38163662,0.9115495681999999,0.90944767,0.9388674498,2.2547330856,65.636955261,0.37901800869999996,0.0,121.88726044,46.619235992,0.0,80000.0
3754,1861.9991968,14.414242744000001,0.9175356627,0.9154317975,0.9519944190999999,2.264480114,66.212509155,0.375059396,0.0,121.31774139,46.46768569899999,0.0,80000.0
3755,1862.1511967999998,14.466199875,0.9207588434,0.9197552204,0.9655200839,2.2654895782,65.586097717,0.3723638058,0.0,120.95773315,46.327255249,0.0,80000.0
3756,1862.3031967999998,14.475172042999999,0.9210000037999999,0.9211516976,0.9791318178,2.2602665424,63.476680756,0.3743545413,0.0,120.93605804,46.187576293999996,0.0,80000.0
3757,1862.4551967999998,14.456226349000001,0.9228300452,0.9220230579,0.992695868,2.2527046204,61.404541016,0.37878066299999996,0.0,121.28816223,46.069854736,0.0,80000.0
3758,1862.6071967999999,14.45661068,0.9284723401,0.9257680774,1.0063108206,2.2409427165999998,60.16412735,0.3842633665,0.0,121.22428894,45.964237213000004,0.0,80000.0
3759,1862.7591968,14.423780441,0.934458375,0.9319090843000001,1.0187526941,2.2341454029,58.794063568,0.38588184119999996,0.0,120.22716522,45.854930878000005,0.0,80000.0
3760,1862.9111967999997,14.38734436,0.9622023106,0.9501408339,1.0324534178,2.2390656471,57.427627563,0.3861660659,0.0,119.12639618,45.710800171,0.0,80000.0
3761,1863.0631967999998,14.379099845999999,0.9930368065999999,0.9801650643,1.051029563,2.2479791640999998,57.860214233,0.3949565887,0.0,119.00746918,45.555007935,0.0,80000.0
3762,1863.2151967999998,14.378899574,0.9914928079,0.9932955503,1.0755311251000002,2.2560093403,59.724349976000006,0.40685990450000004,0.0,120.60047150000001,45.397571563999996,0.0,80000.0
3763,1863.3671967999999,14.378700255999998,0.9775134920999999,0.9839726686,1.1046032906,2.2581064701,60.625053406000006,0.4056674242,0.0,122.26250458,45.212970733999995,0.0,80000.0
3764,1863.5191968,14.378500938,0.9786883593000001,0.9779386520000001,1.1354674101,2.2535705566,60.02954483,0.3887452185,0.0,121.0275116,45.013877869,0.0,80000.0
3765,1863.6711968,14.37317276,0.997769475,0.989557445,1.1657998562,2.2562286854,58.930599213,0.3670918941,0.0,118.83614349,44.77223205600001,0.0,80000.0
3766,1863.8231967999998,14.35337925,1.0293968916,1.0160901545999999,1.189183712,2.2679255009,57.774971008,0.35066500310000004,0.0,117.29625702,44.630195618,0.0,80000.0
3767,1863.9751967999998,14.329813957,1.0703158379,1.0533839464,1.2061003447,2.2862591743,56.774612427,0.34098762270000005,0.0,114.52085876,44.769706726,0.0,80000.0
3768,1864.1271967999999,14.322936058,1.1148477793,1.0970964431999999,1.2224148512000002,2.3086969852,56.228313446,0.3369115293,0.0,110.76252747,44.696907043,0.0,80000.0
3769,1864.2791968,14.32998085,1.1650410891,1.1446430683,1.2386717796,2.3172302246000003,55.384391785,0.33910781149999997,0.0,108.13233185,43.730308533,0.0,80000.0
3770,1864.4311968,14.361130714000002,1.2176504135,1.1961978674,1.2537755966,2.30966115,54.783626556,0.3382980525,0.0,107.3030777,43.182384491,0.0,80000.0
3771,1864.5831967999998,14.406351089000001,1.2678922415,1.2477332354000001,1.2647732496,2.3124582766999997,55.558139801,0.3335880637,0.0,107.14382935,43.081985474,0.0,80000.0
3772,1864.7351967999998,14.43692112,1.2950140237999999,1.2848187684999999,1.2726521492,2.3274416924000003,56.817043303999995,0.33915928009999996,0.0,108.08570099,42.9245224,0.0,80000.0
3773,1864.8871967999999,14.448871613,1.2613495587999999,1.2776353359000001,1.2767055035,2.3407013416,57.673084259,0.3502674103,0.0,110.43764496,43.134246826,0.0,80000.0
3774,1865.0391968,14.444212914000001,1.1820268631,1.2160342932,1.2676769495,2.3502724171000002,59.673213958999995,0.3576586843,0.0,114.4562912,43.539608002,0.0,80000.0
3775,1865.1911968,14.444096565,1.0877372026,1.1261146068999999,1.248680234,2.3423659801,61.838191986000005,0.36478272079999996,0.0,116.98553467,43.828308105,0.0,80000.0
3776,1865.3431967999998,14.451218605,1.0334819554999999,1.0527127981,1.2282850742,2.3276891708000003,62.353385925,0.3722573519,0.0,117.74860382,43.928871155,0.0,80000.0
3777,1865.4951967999998,14.419935226,1.034758091,1.0314321518,1.2033418417,2.3226225376,62.880390167,0.3798243701,0.0,118.44651031,43.97434234600001,0.0,80000.0
3778,1865.6471967999998,14.32298851,1.0540525912999998,1.0461013317,1.1748725176,2.3201196193999998,63.519309998000004,0.38380330799999995,0.0,118.83283234,44.108089447,0.0,80000.0
3779,1865.7991968,14.21816349,1.069850564,1.0641456842,1.1463475227,2.3176026344,64.02305603,0.37871873380000004,0.0,118.5450058,44.236087798999996,0.0,80000.0
3780,1865.9511968,14.164832115,1.0497874022,1.0604133606000001,1.117869854,2.3165166378,64.080184937,0.3683279455,0.0,117.47692108,44.102783203,0.0,80000.0
3781,1866.1031967999998,14.169322968,1.0127956867,1.0285393,1.0893889666,2.3230075836,63.768348694,0.358985126,0.0,116.65975952,44.228549957,0.0,80000.0
3782,1866.2551967999998,14.2079916,0.9840765595000001,0.9952614903,1.0634220839,2.3301038741999998,62.830162048000005,0.3543472588,0.0,116.43558502,44.50970459,0.0,80000.0
3783,1866.4071967999998,14.253111839,0.9681548476,0.9742205143000001,1.0398700237,2.3297078609,62.425430298,0.35338923340000006,0.0,115.96648407,44.809669495,0.0,80000.0
3784,1866.5591967999999,14.287707329000002,0.9516570568000001,0.9584055543000001,1.0109989643000001,2.3238101006,63.437286377,0.3575802743,0.0,116.31152344,45.217948914,0.0,80000.0
3785,1866.7111968,14.307308197000001,0.9330125451000001,0.9403451085,0.983468771,2.3135242462,64.088012695,0.370105505,0.0,117.19649506,45.17224884,0.0,80000.0
3786,1866.8631967999997,14.307991982,0.9140681624,0.921718061,0.9666337370999999,2.3077931404,64.39768981899999,0.3864235282,0.0,117.80632019,45.172798156999995,0.0,80000.0
3787,1867.0151967999998,14.268776894,0.9001302719,0.905395031,0.9523724914,2.3089678287999997,65.631874084,0.39756456020000003,0.0,117.87412262,44.878501891999996,0.0,80000.0
3788,1867.1671967999998,14.192984581,0.8946671486,0.8961818814,0.9394083619,2.3129913806999998,68.750297546,0.40140905979999997,0.0,118.93207549999998,44.777507782,0.0,80000.0
3789,1867.3191967999999,14.139147758,0.9006465673,0.8972414136,0.932784915,2.3220527172,71.79234314,0.4062995017,0.0,121.07760619999999,44.83463287399999,0.0,80000.0
3790,1867.4711968,14.150569915999998,0.9044836759999999,0.9028689265000001,0.9326710105,2.326110363,72.33391571,0.4137226939,0.0,123.11103058,44.952312469,0.0,80000.0
3791,1867.6231968,14.148201942,0.8992214798999999,0.9014958739,0.9346844554000001,2.3092660904,72.055671692,0.41918182369999996,0.0,124.33650208,45.084617615,0.0,80000.0
3792,1867.7751967999998,14.10266304,0.893887043,0.8958420156999999,0.9392957687000001,2.2823965549,72.203613281,0.4213666022,0.0,124.58474731,45.03643417399999,0.0,80000.0
3793,1867.9271967999998,14.150907515999998,0.8938201666,0.8936775923,0.9445236325,2.2578125,72.582336426,0.42196843030000003,0.0,124.53498077,44.773303986,0.0,80000.0
3794,1868.0791967999999,14.185458183,0.9054418801999999,0.9002041817,0.9486840963,2.2461078167,72.821281433,0.4271688759,0.0,124.42345428,44.710010528999995,0.0,80000.0
3795,1868.2311968,14.141813277999999,0.9365206361,0.9228910804000001,0.9493715167,2.2476096153,72.259048462,0.4304815829,0.0,124.47724915,44.659919738999996,0.0,80000.0
3796,1868.3831968,14.152634620999999,0.9632992148,0.9530698657,0.9444509745,2.2549667358,70.882156372,0.4274168909,0.0,123.84815979,45.159729004,0.0,80000.0
3797,1868.5351967999998,14.171313285999998,0.9639521837,0.9651711583,0.9354155064,2.2648670673,69.71558380100001,0.42398995159999997,0.0,122.87583159999998,45.714355469,0.0,80000.0
3798,1868.6871967999998,14.141913414000001,0.9403954743999999,0.9508354664,0.9266840219,2.2779438496,68.920593262,0.4174640477,0.0,121.6207428,45.964736938,0.0,80000.0
3799,1868.8391967999999,14.119441032000001,0.9068458676000001,0.9203379154000001,0.9212959409,2.2880890368999998,68.224769592,0.4043558836,0.0,120.59870911,45.959781647,0.0,80000.0
3800,1868.9911968,14.106826782,0.8775442243000001,0.8887636065000001,0.9248338937999999,2.2878348827,67.54861450199999,0.3901838064,0.0,120.74703217,45.952404021999996,0.0,80000.0
3801,1869.1431968,14.128135681,0.8560181259999999,0.8643852472,0.9302423000000001,2.2790000439,67.287445068,0.38132515549999996,0.0,122.78735352,46.01852417,0.0,80000.0
3802,1869.2951967999998,14.184288979000002,0.8368631601000001,0.844712913,0.9261693357999999,2.2635765076,67.869499207,0.37939405439999996,0.0,124.79150391,46.304279326999996,0.0,80000.0
3803,1869.4471967999998,14.188610077,0.8337937593000001,0.8338360786,0.9158767462,2.2566525936,68.948219299,0.3820705712,0.0,125.25511932,46.494449615,0.0,80000.0
3804,1869.5991967999998,14.146280289000002,0.8427050114,0.8386151790999999,0.9014298916,2.2640841007,70.075248718,0.3873006105,0.0,123.63420868,46.373268126999996,0.0,80000.0
3805,1869.7511968,14.120347977,0.8765389919,0.8608708978,0.8877375126,2.274494648,70.402839661,0.38727965950000004,0.0,121.55120087,46.127998352,0.0,80000.0
3806,1869.9031968,14.108807564000001,0.9203721881,0.9023662806,0.8765552640000001,2.2859914303,68.85472106899999,0.3780938089,0.0,122.82827759,46.078502655,0.0,80000.0
3807,1870.0551967999997,14.09674263,0.9378316402,0.9335752726000001,0.8725039363,2.2940840721,66.320899963,0.37456336619999997,0.0,126.07839203,46.23506546,0.0,80000.0
3808,1870.2071967999998,14.081941605,0.9173586965,0.9288193583,0.8777909875,2.2832365036,64.21605682399999,0.3804389536,0.0,127.96076965,46.268630981,0.0,80000.0
3809,1870.3591967999998,14.07195282,0.8783301115000001,0.8954553008,0.8843377829000001,2.2708261013,62.236152649,0.39070507880000005,0.0,127.77471161,46.111984253,0.0,80000.0
3810,1870.5111967999999,14.069223404,0.8193731308,0.8451445699,0.8839871883,2.2628979683000003,60.730701447,0.4003397822,0.0,126.93615723,46.123828888,0.0,80000.0
3811,1870.6631968,14.048690795999999,0.7918667197,0.7989161611,0.8791277409,2.2555315494999997,59.786563873,0.4045059383,0.0,126.03813171,46.254333496,0.0,80000.0
3812,1870.8151967999997,13.980963707,0.8095629811,0.7986001968,0.8670684098999999,2.2462604046,59.419250488,0.4038139284,0.0,125.62216949,46.300323486,0.0,80000.0
3813,1870.9671967999998,13.93059063,0.8398033381000001,0.8272936343999999,0.8547911644,2.2339630127000003,60.277683258,0.4045390189,0.0,125.81649017,46.040626526000004,0.0,80000.0
3814,1871.1191967999998,13.968442917,0.8638295531,0.854721427,0.8455920815000001,2.2274410725,62.935031891,0.40544208880000004,0.0,126.23316956,45.955642700000006,0.0,80000.0
3815,1871.2711967999999,14.000130653,0.8621371984,0.8651772140999999,0.8395057320999999,2.2353303432,66.07081604,0.409217149,0.0,126.26091766,45.953998566,0.0,80000.0
3816,1871.4231968,13.961301804000001,0.8440468906999999,0.8527255058,0.8364297748,2.2406423092,67.262649536,0.40898910159999996,0.0,126.25257111,45.972232819,0.0,80000.0
3817,1871.5751968,13.87965107,0.8321849704000001,0.8360124826,0.8335589170000001,2.2252070904,67.69329071,0.409861207,0.0,126.32708740000001,46.050693511999995,0.0,80000.0
3818,1871.7271967999998,13.799645424000001,0.8171758652,0.8239167333,0.8294465542,2.2045161724,68.120307922,0.4177547097,0.0,126.38658142,46.288238525,0.0,80000.0
3819,1871.8791967999998,13.750945090999998,0.8017213941,0.8079066277,0.8231006265,2.2017230988,68.7891922,0.42401391270000005,0.0,126.86994171,46.63394928,0.0,80000.0
3820,1872.0311967999999,13.736856460999999,0.7927566170999999,0.7957101464,0.8178815246,2.2178351879,68.750961304,0.42009791729999996,0.0,128.01765442,46.818630219,0.0,80000.0
3821,1872.1831968,13.73080349,0.7872670293,0.7890470028000001,0.8181032537999999,2.2335062027,67.432403564,0.4178735018,0.0,129.00540161,46.840293884,0.0,80000.0
3822,1872.3351968,13.686581612000001,0.7860000134,0.7863000035,0.8211685419,2.2364223003,66.709686279,0.4156751335,0.0,129.05403137,46.681556701999995,0.0,80000.0
3823,1872.4871967999998,13.627887725999999,0.7860000134,0.7863340973999999,0.8257881999,2.2311246395,66.397789001,0.4146799743,0.0,128.38537598,46.535339355,0.0,80000.0
3824,1872.6391967999998,13.632446289,0.7896921634999999,0.7881596087999999,0.8333777784999999,2.2320241928,66.467391968,0.4161045551,0.0,127.78794098,46.67652893100001,0.0,80000.0
3825,1872.7911967999999,13.733590126,0.8013035059,0.7961676121,0.8447416425,2.2342932224000003,66.77469635,0.4144497514,0.0,127.46108246,46.87562561,0.0,80000.0
3826,1872.9431968,13.771529198,0.8233426809000001,0.8132935165999999,0.8616619109999999,2.2353978157,67.044975281,0.4084012806,0.0,127.08161163,46.608772278000004,0.0,80000.0
3827,1873.0951968,13.785872459,0.8541185856,0.840672493,0.8808059095999999,2.2452325821,66.2032547,0.4029192328,0.0,126.67453766,46.247699738,0.0,80000.0
3828,1873.2471967999998,13.795122147,0.8906790018,0.8757218719,0.9054620266,2.2592995167,64.935668945,0.40013542770000005,0.0,125.88854979999999,46.001125336,0.0,80000.0
3829,1873.3991967999998,13.80209446,0.9234922528,0.9110221267,0.9358896613,2.2705543041,64.620803833,0.40549364689999995,0.0,124.6701889,45.69268417399999,0.0,80000.0
3830,1873.5511967999998,13.80565834,0.9283846021,0.9297878145999999,0.9626810551,2.2609324455,64.098487854,0.4094126225,0.0,123.51023102,45.250919341999996,0.0,80000.0
3831,1873.7031968,13.804472922999999,0.9097140431,0.9188497662999999,0.9815468192,2.2431201935,62.860584259,0.41229963299999994,0.0,122.43560028,45.038051605,0.0,80000.0
3832,1873.8551968,13.797755240999999,0.88505584,0.8950621486,0.9921608567,2.2453472614,62.452419281000005,0.4161122441,0.0,121.07290649,44.839042664,0.0,80000.0
3833,1874.0071967999997,13.791514397,0.8694207668,0.874435842,0.9886088967000001,2.2639913559,63.194179535,0.41558420659999995,0.0,119.95089722,44.796592712,0.0,80000.0
3834,1874.1591967999998,13.795100212000001,0.8745494484999999,0.8696352839,0.9790346026000001,2.2842373848,63.541721343999995,0.41128394009999997,0.0,119.5545578,44.98411178600001,0.0,80000.0
3835,1874.3111967999998,13.809851645999998,0.8978695869,0.8867915273,0.9629354477,2.2854583263,63.713455200000006,0.40887838600000004,0.0,120.1889801,45.23979187,0.0,80000.0
3836,1874.4631967999999,13.845479965,0.911657095,0.9084987044,0.9448526502,2.2712881565000003,64.38591766399999,0.40900960560000005,0.0,121.58242798,45.479057311999995,0.0,80000.0
3837,1874.6151968,13.919404984000002,0.8921661377,0.9043293595,0.9366304278,2.2629048824,66.258201599,0.40531396869999997,0.0,123.28838348,45.558269501000005,0.0,80000.0
3838,1874.7671967999997,14.060676575,0.8493124247,0.8683559895,0.9392346144,2.2584078312,68.789024353,0.39701622719999996,0.0,124.93097687,45.416316986000005,0.0,80000.0
3839,1874.9191967999998,14.205051422,0.8182103634000001,0.8277350068000001,0.9487469195999999,2.2622528076,69.498313904,0.39383164049999997,0.0,126.60639954,45.173511505,0.0,80000.0
3840,1875.0711967999998,14.15099144,0.8270252943,0.8181586862000001,0.9608275890000001,2.273815155,67.228622437,0.4037464857,0.0,127.8422699,45.217235565,0.0,80000.0
3841,1875.2231967999999,13.959985733,0.8666298984999999,0.8479998112,0.9726058840999999,2.2777068615,64.775817871,0.4182637632,0.0,127.32070923,45.346366882,0.0,80000.0
3842,1875.3751968,13.891746520999998,0.9128063917,0.8946790098999999,0.9847883581999999,2.2847874165,62.581737518000004,0.4254128039,0.0,124.82131195,45.152515411,0.0,80000.0
3843,1875.5271968,13.940713882,0.9586911798000001,0.940761745,1.0004389286,2.2839045525,61.065006256000004,0.4127096832,0.0,121.48044586,44.869808197,0.0,80000.0
3844,1875.6791967999998,14.009604454000002,1.001817584,0.9851040244,1.0210163593000001,2.2824862003,60.748775482,0.3912127316,0.0,118.4316864,44.635677338,0.0,80000.0
3845,1875.8311967999998,14.053269385999998,1.0211526155,1.0170429945000001,1.041686058,2.2900013924000002,60.662994385,0.3794340193,0.0,116.69043732,44.534553528000004,0.0,80000.0
3846,1875.9831967999999,14.080848694,1.0274041890999999,1.0257903337,1.0603867769,2.3042099476,59.47322464,0.3781963289,0.0,115.87213898,44.694972992,0.0,80000.0
3847,1876.1351968,14.116295815,1.0310349464,1.0300163031,1.0723212957,2.3152267933,56.09903335600001,0.3760343492,0.0,115.17365265,44.777679443000004,0.0,80000.0
3848,1876.2871968,14.214118004000001,1.0347020626,1.033280611,1.0791732073,2.3272488117,55.085300446000005,0.36742132899999996,0.0,115.11704254,44.778675078999996,0.0,80000.0
3849,1876.4391967999998,14.318413734000002,1.0380190611,1.0364443064,1.0779963732,2.3429889678999998,55.061317444,0.3656146228,0.0,116.10609436,44.791786194,0.0,80000.0
3850,1876.5911967999998,14.366455078,1.0101811886,1.0271127223999998,1.0628703833,2.3438098431,55.662712096999996,0.3778399229,0.0,117.61216736,44.880435944,0.0,80000.0
3851,1876.7431967999999,14.37309742,0.9612804651000001,0.9820438623000001,1.0498026609,2.331610918,57.216949463,0.395398885,0.0,119.20912933,44.78679657,0.0,80000.0
3852,1876.8951968,14.292002678,0.9107552767,0.9310283065,1.0468264818000002,2.3192822933,58.78628539999999,0.4057326615,0.0,120.74751282,44.579044341999996,0.0,80000.0
3853,1877.0471968,14.283400535999998,0.8708171248000001,0.8851647376999999,1.0476870537,2.320183754,59.277256011999995,0.40844261649999997,0.0,121.73225403,44.296703339,0.0,80000.0
3854,1877.1991967999998,14.27953434,0.8774831891,0.8677095175,1.0517423153,2.3214895725,59.279720306,0.4058204293,0.0,121.62312317,44.021331787,0.0,80000.0
3855,1877.3511967999998,14.23431778,0.924467802,0.9023925065999999,1.0600069761,2.3079957962,59.282119751,0.3953079581,0.0,119.75889587,43.723995208999995,0.0,80000.0
3856,1877.5031967999998,14.120834351,0.9813235402,0.9584615826999999,1.0719023943000001,2.3030564785,59.273986816000004,0.3797738552,0.0,116.89421082,43.7082901,0.0,80000.0
3857,1877.6551967999999,14.098488807999999,1.0479453802,1.0190726519,1.0843958855,2.3217325211,59.191059113,0.3674537539,0.0,114.92443848,43.732570648,0.0,80000.0
3858,1877.8071968,14.180107117,1.0924845934,1.0805155039,1.0943465233,2.3564066887,58.96395874,0.35536271329999997,0.0,114.94389343,43.689125061000006,0.0,80000.0
3859,1877.9591967999997,14.256101608,1.1055868864,1.1038609743,1.0924607515,2.3849680424,58.595458984,0.34535062310000003,0.0,118.5665741,43.882534027,0.0,80000.0
3860,1878.1111967999998,14.318608284000002,1.0986257792,1.1032931805,1.0630939007,2.382771492,58.036354065,0.3409984708,0.0,126.62524414,43.998291016,0.0,80000.0
3861,1878.2631967999998,14.361831665,1.0183148384,1.0640490055,0.9915037751000001,2.3615915775,58.024917603,0.3501269817,0.0,134.76808167,43.979114532,0.0,65000.0
3862,1878.4151967999999,14.332199097,0.8731441498,0.9369475842,0.9100615978000001,2.3206570148,58.91286087,0.3789144754,0.0,139.15063477,43.845977783,0.0,65000.0
3863,1878.5671968,14.279176712,0.7558436394,0.7944277525,0.8267344832,2.2797548771000002,60.802734375,0.41761469840000004,0.0,140.48368835,43.539100647,0.0,65000.0
3864,1878.7191967999997,14.183200836,0.7372050284999999,0.7296637297,0.7524788379999999,2.2436931133,62.960941315,0.4438686669,0.0,140.6317749,43.337745667,0.0,65000.0
3865,1878.8711967999998,13.991223335,0.7213996053,0.7363740802,0.7311398387000001,2.2298226356999997,64.709121704,0.4516311288,0.0,140.69450378,43.170059204,0.0,65000.0
3866,1879.0231967999998,13.940361977,0.6925507784,0.7016707659,0.719701767,2.2328543663,66.163909912,0.4480992258,0.0,140.54090881,42.932548523,0.0,65000.0
3867,1879.1751967999999,14.143196106,0.7015272379,0.6910839081,0.7065651417000001,2.2299284935,68.552566528,0.4434971809,0.0,140.42457581,42.685516357,0.0,65000.0
3868,1879.3271968,14.276940345999998,0.7182321548,0.7140506506000001,0.6918234229000001,2.2219603062,71.32245636,0.44349095229999996,0.0,140.54347229,42.430473328000005,0.0,65000.0
3869,1879.4791968,14.15246582,0.7046216129999999,0.7151275277,0.6772537826999999,2.2280161381,73.983711243,0.4471980929,0.0,140.54017639,42.074047089000004,0.0,65000.0
3870,1879.6311967999998,13.963715553,0.6779344082,0.6880298256999999,0.6631843448,2.2333550453,75.761192322,0.4513213038,0.0,141.01249695,41.635234833,0.0,65000.0
3871,1879.7831967999998,13.809081078,0.6538470984,0.6631047726,0.64982301,2.2481565475,76.353172302,0.4477535784,0.0,142.20288086,41.325008392,0.0,65000.0
3872,1879.9351967999999,13.693141937,0.6376488209000001,0.6426102519,0.6369861960000001,2.2610759735,75.923469543,0.4413184226,0.0,143.27729797,41.046421050999996,0.0,65000.0
3873,1880.0871968,13.585125923,0.6275097728,0.6310945749,0.6263480186,2.2603411674,73.00983429,0.441159904,0.0,144.1091156,40.735500336,0.0,65000.0
3874,1880.2391968,13.557577132999999,0.6233927608,0.6237965226,0.6170891522999999,2.2511544228,70.15372467,0.4344028831,0.0,145.05749512,40.499614715999996,0.0,65000.0
3875,1880.3911967999998,13.627774239,0.6236047149,0.6234203577,0.6107898355,2.2407469749,70.98816680899999,0.42936933039999997,0.0,145.95355225,40.446769714,0.0,65000.0
3876,1880.5431967999998,13.736603737000001,0.6246019602,0.6239033341,0.6085579991,2.2388856411,72.747520447,0.43548312780000004,0.0,146.5534668,40.575977325,0.0,65000.0
3877,1880.6951967999998,13.826592445,0.6381868124,0.6296739578,0.6083155274000001,2.2421963215000003,74.704673767,0.43765589590000004,0.0,146.9155426,40.731121063,0.0,65000.0
3878,1880.8471968,13.862771034000001,0.650579989,0.6477575898,0.6137545109,2.2424581051,76.119857788,0.4415969253,0.0,146.64379883,40.861568451,0.0,65000.0
3879,1880.9991968,13.818165779000001,0.6535940766,0.6531717181000001,0.6282759309,2.2297599316,76.428382874,0.4464341998,0.0,146.37460327,40.969249725,0.0,65000.0
3880,1881.1511967999998,13.73453331,0.6628774405,0.6571295857,0.6504959464,2.2113542557,77.02192688,0.4432763755,0.0,146.78633118,40.85490036,0.0,65000.0
3881,1881.3031967999998,13.611973763,0.6801929473999999,0.6726301908,0.6781292557999999,2.2006044388,79.05642700199999,0.439062804,0.0,146.90057373,40.593299866,0.0,65000.0
3882,1881.4551967999998,13.464103699,0.7032494545,0.6926513314,0.7060090303000001,2.1890721321,83.808265686,0.44509592649999996,0.0,146.60415649,40.613033295,0.0,65000.0
3883,1881.6071967999999,13.283308983,0.7315137982,0.7193675040999999,0.7359564304,2.1776881218,88.21278381299999,0.45303305979999997,0.0,146.0574646,40.824260712,0.0,65000.0
3884,1881.7591968,13.226410865999998,0.7498120070000001,0.7455598116,0.7684584856000001,2.1791529655,89.99739074700001,0.4512736201,0.0,145.11576843,41.026241301999995,0.0,65000.0
3885,1881.9111967999997,13.376555442999999,0.7499505877,0.7527528405,0.7895821929000001,2.1908173561,88.941703796,0.449880451,0.0,144.20851135,41.209499359,0.0,65000.0
3886,1882.0631967999998,13.48174572,0.7418169975,0.7453702092,0.7865908742000001,2.1834280490999998,87.226150513,0.4441722631,0.0,143.4385376,41.358016968,0.0,65000.0
3887,1882.2151967999998,13.534358978,0.7328414321,0.7362134456999999,0.7728826999999999,2.1757221222,85.144447327,0.43490985039999996,0.0,143.0922699,41.356109619,0.0,65000.0
3888,1882.3671967999999,13.558496475,0.72557652,0.7280464172,0.7731908559999999,2.173869133,84.174552917,0.43338823320000003,0.0,143.43710327,41.226272583000004,0.0,65000.0
3889,1882.5191968,13.474575043,0.72299999,0.7228832245,0.7754015923,2.1835865974,84.95565033,0.4299141467,0.0,143.56735229,41.141693115,0.0,65000.0
3890,1882.6711968,13.418509483,0.72299999,0.7228164673,0.7764719725,2.1855123043,86.40219116200001,0.4257715046,0.0,143.27000427,41.270576477,0.0,65000.0
3891,1882.8231967999998,13.408849715999999,0.72299999,0.7229161859000001,0.7737154961,2.1785678863999998,87.46237945600001,0.41704869270000006,0.0,142.79107666,41.429943085,0.0,65000.0
3892,1882.9751967999998,13.372837067,0.72299999,0.72299999,0.7701240778,2.1680562496,87.786201477,0.4188037813,0.0,142.23458862,41.184669495,0.0,65000.0
3893,1883.1271967999999,13.338260650999999,0.72299999,0.7230157256,0.7665817142,2.1668176651,87.87577819799999,0.4297153354,0.0,142.1391449,40.848323822,0.0,65000.0
3894,1883.2791968,13.36320591,0.72299999,0.7231155038,0.7634597420999999,2.1780364513,87.34099578899999,0.449596554,0.0,142.37838745,40.704200745,0.0,65000.0
3895,1883.4311968,13.468504906,0.7257618904,0.7240194081999999,0.7612965703,2.1916723251,86.06253814700001,0.4695723951,0.0,142.35609436,40.566543579,0.0,65000.0
3896,1883.5831967999998,13.538115500999998,0.7345961332,0.7303325534,0.7593012452,2.1888914108,83.915763855,0.46859872340000003,0.0,141.89805603,40.43888092,0.0,65000.0
3897,1883.7351967999998,13.560427665999999,0.7443764806000001,0.7412688731999999,0.7570729256000001,2.1813542843000002,82.210769653,0.47172027829999996,0.0,141.40419006,40.382774353,0.0,65000.0
3898,1883.8871967999999,13.572084427,0.7420119643,0.7460018992,0.7534670234,2.1860883236,81.62311554,0.4793950021,0.0,140.89732361,40.44884491,0.0,65000.0
3899,1884.0391968,13.581400871,0.7299572825,0.7352656126,0.7499895692,2.1776294708,81.367759705,0.47423371670000003,0.0,140.27726746,40.576843262,0.0,65000.0
3900,1884.1911968,13.580078125,0.7229218483,0.7238919139,0.7478086352,2.1786153316,80.862045288,0.46470001340000006,0.0,140.10153198,40.55884552,0.0,65000.0
3901,1884.3431967999998,13.574866295,0.7332651018999999,0.7253022194,0.7457012534,2.189586401,80.78854370100001,0.4650123417,0.0,140.59175109999998,40.436309814,0.0,65000.0
3902,1884.4951967999998,13.569479942000001,0.7472699881,0.74359411,0.7433730364,2.20490098,80.302055359,0.46607935429999997,0.0,141.22636414,40.339763641,0.0,65000.0
3903,1884.6471967999998,13.564122199999998,0.7467510104,0.7497214079000001,0.7400128245,2.2132692337,80.379127502,0.4587430358,0.0,141.3891449,40.301467896,0.0,65000.0
3904,1884.7991968,13.558933258,0.7308459281999999,0.7402380705,0.7345613837,2.2076818943000003,81.170120239,0.44923838969999996,0.0,140.97877502,40.325836181999996,0.0,65000.0
3905,1884.9511968,13.553746223,0.703174293,0.7161352634,0.7227658629000001,2.202334404,81.296798706,0.4466160536,0.0,140.29168701,40.497329711999996,0.0,65000.0
3906,1885.1031967999998,13.548757553,0.6801530719,0.6867318153,0.7142128944,2.1988172531,79.306808472,0.4507776499,0.0,140.10186768,40.84072876,0.0,65000.0
3907,1885.2551967999998,13.545516014,0.6667541265,0.6719292402,0.7215663791,2.1962454319,78.633934021,0.45592471960000003,0.0,140.5788269,41.106990814,0.0,65000.0
3908,1885.4071967999998,13.545546532000001,0.6563358903000001,0.660153389,0.7407928705,2.1932935715,77.327522278,0.46458768840000003,0.0,141.03193665,41.230895996,0.0,65000.0
3909,1885.5591967999999,13.551299095,0.6581867933,0.6536598802,0.763961792,2.2028253078,73.41569519,0.47282007340000004,0.0,140.16371155,41.316574097,0.0,65000.0
3910,1885.7111968,13.559557915,0.679900527,0.6675245166,0.7898438573000001,2.2147741318,69.32308959999999,0.46550035479999996,0.0,137.71835327,41.418731689,0.0,65000.0
3911,1885.8631967999997,13.572465897,0.7307178378,0.7023394108,0.8179870844,2.231559515,65.225395203,0.4465803802,0.0,133.60812378,41.421237946,0.0,65000.0
3912,1886.0151967999998,13.592246055999999,0.805608511,0.7736427784000001,0.8501836061,2.2567238808,61.448692322,0.4265057147,0.0,127.11711884,41.161510468,0.0,80000.0
3913,1886.1671967999998,13.613102912999999,0.8975142837000001,0.8566077352,0.9028787017000001,2.2830619812,60.49005127,0.41551166770000003,0.0,120.75632477,40.916496277,0.0,80000.0
3914,1886.3191967999999,13.632268905999998,0.9992291927,0.9592142701,0.9618427753000001,2.308580637,61.404853821,0.41378816960000003,0.0,117.27323914,40.816776276,0.0,80000.0
3915,1886.4711968,13.642451285999998,1.0864726304999999,1.0558996201000002,1.0283545256,2.32645154,64.272644043,0.4124126732,0.0,115.04038239,40.719036102,0.0,80000.0
3916,1886.6231968,13.639404297,1.1105815172,1.1195663214,1.0750421286,2.3372604847,67.531257629,0.4092757106,0.0,114.45575714,40.624774933000005,0.0,80000.0
3917,1886.7751967999998,13.621581078,1.0327377319,1.0836071968,1.0679425001,2.3302431107,70.119377136,0.4131763279,0.0,117.29563904,40.541927338,0.0,80000.0
3918,1886.9271967999998,13.601374625999998,0.8937420845,0.9527860284,0.9979920983,2.3097577095,72.144500732,0.4168550372,0.0,123.00055695,40.522193909,0.0,80000.0
3919,1887.0791967999999,13.579906464,0.7999064326,0.8165736198000001,0.9265788793999999,2.2911920547,75.858932495,0.4184829593,0.0,130.92163086,40.575229645,0.0,80000.0
3920,1887.2311968,13.523199081,0.7829453945,0.7816939354000001,0.8822918534,2.2644140719999997,79.563766479,0.430844754,0.0,138.77967834,40.708271026999995,0.0,65000.0
3921,1887.3831968,13.394399643,0.7801590562,0.7839571237999999,0.8480715156,2.22991395,81.234146118,0.44521006939999996,0.0,143.38476563,40.917499542,0.0,65000.0
3922,1887.5351967999998,13.325342178,0.7682596445000001,0.7736209631000001,0.8204426169,2.2091917992,82.888328552,0.4599116743,0.0,143.69725037,41.237541199,0.0,65000.0
3923,1887.6871967999998,13.315140724,0.7547758818000001,0.7603920101999999,0.8086857796,2.2092564106,85.24723815899999,0.4769704938,0.0,142.54052734,41.742477416999996,0.0,65000.0
3924,1887.8391967999999,13.322896957000001,0.7422863245,0.7475370765,0.797119081,2.2109181881,87.29611969,0.4905022681,0.0,143.27813721,42.198554993,0.0,65000.0
3925,1887.9911968,13.325300217,0.7350530623999999,0.7356470823000001,0.7868936062,2.2080299854,89.01487731899999,0.5017476082,0.0,146.10786438,42.184925079,0.0,65000.0
3926,1888.1431968,13.324757576,0.7316458225,0.7333615421999999,0.7772089839,2.1981532574,88.284751892,0.5040397644,0.0,149.51408386,41.794487,0.0,65000.0
3927,1888.2951967999998,13.316756247999999,0.7182325125,0.7273810506,0.767445147,2.1803729534,87.68089294399999,0.4920451641,0.0,152.43159485,41.567169189,0.0,65000.0
3928,1888.4471967999998,13.303040504,0.6962240338,0.7050307393,0.7578653693,2.1790611744,87.841293335,0.48333907130000003,0.0,154.40808105,41.538776398,0.0,65000.0
3929,1888.5991967999998,13.264469147,0.676668942,0.6842556,0.7498081326,2.16446805,89.58326721200001,0.48872867229999994,0.0,155.50457764,41.544456482,0.0,65000.0
3930,1888.7511968,13.11421299,0.6596366167000001,0.6660237908,0.7436364889,2.1472561359,90.762077332,0.4968976378,0.0,154.94422913,41.645332335999996,0.0,65000.0
3931,1888.9031968,12.881666183,0.6473398209000001,0.6502562761,0.7395056486,2.1452729702,91.472190857,0.4994596243,0.0,153.55403137,41.779327393,0.0,65000.0
3932,1889.0551967999997,12.688194275,0.6448196172999999,0.6431457996,0.7400971055,2.1499531269,89.303382874,0.4895549715,0.0,153.27835083,41.779407501,0.0,65000.0
3933,1889.2071967999998,12.617340087999999,0.6555919647,0.6483523846,0.7504948378,2.1522912978999997,86.523147583,0.47219532729999997,0.0,153.95223999,41.667301178,0.0,65000.0
3934,1889.3591967999998,12.556221962,0.6767902374,0.6668179631000001,0.7857170701,2.1469612122,84.407424927,0.45403450729999995,0.0,153.72424316,41.643627167,0.0,65000.0
3935,1889.5111967999999,12.514183998,0.7038537264,0.6917622089,0.840831697,2.1528463363999997,82.364974976,0.4545072317,0.0,151.48193359,41.795215606999996,0.0,65000.0
3936,1889.6631968,12.489424706,0.7512354255,0.724455893,0.8987494706999999,2.1710789204,80.27567291300001,0.44978100060000004,0.0,147.1368103,42.073833465999996,0.0,65000.0
3937,1889.8151967999997,12.833494186,0.8553041220000001,0.7970316409999999,0.9560681581,2.1956562996,77.74620819100001,0.4312646091,0.0,141.18130493,42.244842529,0.0,65000.0
3938,1889.9671967999998,13.042613982999999,0.9829324484,0.9414194821999999,1.0019911528,2.223089695,74.362564087,0.4143880606,0.0,130.01423645,42.058742523,0.0,65000.0
3939,1890.1191967999998,13.094236374000001,1.0822350979000002,1.0428966284,1.0420401096,2.2590146065,61.894733429,0.4061298966,0.0,113.36076355,41.712230682,0.0,65000.0
3940,1890.2711967999999,13.16987133,1.1484162807,1.1393071413,1.0776818991,2.3156323433000003,58.637733458999996,0.3879998028,0.0,106.15068817,41.604755401999995,0.0,80000.0
3941,1890.4231968,13.386335373,1.141723752,1.1601064205,1.105578661,2.3703308105,57.010761261000006,0.3655585349,0.0,108.90235901,41.756874084,0.0,80000.0
3942,1890.5751968,13.705058098,1.0978522301,1.1136294603,1.1295496225,2.4111030102,57.003890991000006,0.35536298159999996,0.0,111.87709808,41.805107117,0.0,80000.0
3943,1890.7271967999998,14.075798987999999,1.06605196,1.0747253895,1.1411542892,2.4239728450999998,57.911636353,0.3609474003,0.0,112.06646729,41.382900238000005,0.0,80000.0
3944,1890.8791967999998,14.15314579,1.0476492643000002,1.0533424616,1.146707654,2.4115717411,57.902244568,0.3701021671,0.0,110.41046906,40.801517487,0.0,80000.0
3945,1891.0311967999999,14.171764374,1.0411039591,1.039108634,1.1429190636,2.3939869404,55.967437743999994,0.3741765618,0.0,108.18695831,40.494617462,0.0,80000.0
3946,1891.1831968,14.020837784000001,1.0582143068,1.0447446108,1.1393045187000002,2.3746483326,54.36745071399999,0.3730391562,0.0,107.07765961,40.584037781,0.0,80000.0
3947,1891.3351968,13.909061432,1.0966964959999999,1.0787186623,1.1450226307,2.35658288,55.491744995,0.3697706163,0.0,107.43513489,40.724258423,0.0,80000.0
3948,1891.4871967999998,13.894412994000001,1.1403356790999999,1.1235742569,1.1652946472,2.3619892597,56.574684143,0.3616533577,0.0,109.06387329,40.849464417,0.0,80000.0
3949,1891.6391967999998,13.895309447999999,1.1818304062,1.1653368473,1.1940047741,2.3830623627,56.744609833,0.35101154450000005,0.0,109.90570068,40.957229614,0.0,80000.0
3950,1891.7911967999999,13.886665344,1.2182374001,1.2061492205,1.2224309443999999,2.4075653553,58.609512329,0.3428125978,0.0,108.6285553,40.997867584,0.0,80000.0
3951,1891.9431968,13.859015465,1.2299221754,1.2355188131000001,1.2378748655,2.4271650314,60.590553283999995,0.3443181813,0.0,108.26190186,40.911815643000004,0.0,80000.0
3952,1892.0951968,13.862095833,1.1992594004000001,1.2202351093000001,1.2332500219,2.4393196106,61.902187346999995,0.3477222323,0.0,109.58480835,40.75717926,0.0,80000.0
3953,1892.2471967999998,13.925215720999999,1.150205493,1.1669663191,1.2494297028,2.4455943108000002,61.476470946999996,0.3548986614,0.0,110.38869476,40.603416443,0.0,80000.0
3954,1892.3991967999998,13.944058418,1.1357269287,1.1264903545,1.2850205898,2.4387152194999997,59.521263123000004,0.3533035517,0.0,109.00350189,40.494354248,0.0,80000.0
3955,1892.5511967999998,14.08307457,1.1713331938,1.1516861915999999,1.3015259504,2.4266543388,59.325958252,0.35320043560000003,0.0,107.66796875,40.502613068,0.0,80000.0
3956,1892.7031968,14.310379028,1.2127594948,1.2007285357,1.2997143269,2.4292798041999997,57.492015839,0.3594525158,0.0,105.8576889,40.676189423000004,0.0,80000.0
3957,1892.8551968,14.529746055999999,1.2095917462999999,1.2289246321,1.3068294525,2.4366276264,55.338668823,0.3586088121,0.0,104.34214783,40.983737946,0.0,80000.0
3958,1893.0071967999997,14.677505493,1.159373045,1.1762886047,1.3260508776,2.4464728832,54.129558563,0.3549475372,0.0,106.52497101,41.281494140999996,0.0,80000.0
3959,1893.1591967999998,14.718794823,1.1391428709,1.1351211071,1.3507251740000001,2.4600930213999996,54.739601135,0.3567712903,0.0,109.438797,41.304256439,0.0,80000.0
3960,1893.3111967999998,14.707519530999999,1.1665427685,1.1498167515,1.3680858612,2.4657001495,55.505710602,0.35915642979999995,0.0,109.81279755,40.931629181,0.0,80000.0
3961,1893.4631967999999,14.729928017,1.2177168131,1.194278717,1.3453800678,2.4593346119,56.434230803999995,0.36311829090000003,0.0,109.58979797,40.440933228,0.0,80000.0
3962,1893.6151968,14.728935242,1.2659143209000001,1.2532062531000001,1.2964638472,2.4424035549000003,55.451572418000005,0.3652507365,0.0,109.68869019,40.042079926,0.0,80000.0
3963,1893.7671967999997,14.677751541,1.2664314508,1.2827560902,1.2495096922,2.4452152252,50.050170898000005,0.36169525979999995,0.0,108.71987152,39.547908783000004,0.0,80000.0
3964,1893.9191967999998,14.640851974,1.1965564489,1.2377552986,1.2055661678,2.4561777115,45.552448273,0.3510136306,0.0,106.40638733,38.930103302,0.0,80000.0
3965,1894.0711967999998,14.444169044,1.0922564268000001,1.1316568851,1.1616663933,2.4432253837999998,41.385608673,0.338200599,0.0,103.75943756,38.197559356999996,0.0,80000.0
3966,1894.2231967999999,14.257853508,1.0013760328,1.0347027779,1.1206008196,2.4359419346,39.689098358,0.32447037100000004,0.0,101.95163727,37.204849243000005,0.0,80000.0
3967,1894.3751968,14.217195511,0.9314777851,0.9531531334000001,1.0811365843,2.4251000881,38.203193665,0.3172545731,0.0,101.9108963,36.411884308000005,0.0,80000.0
3968,1894.5271968,14.302423477,0.8950354456999999,0.9009775519,1.0292277336,2.3996081352000003,34.868217468000005,0.3140197396,0.0,101.67189026,35.986186980999996,0.0,80000.0
3969,1894.6791967999998,14.445724487,0.9030305743000001,0.8889372945,0.9785158037999999,2.3836495876,32.564582825,0.3097790778,0.0,100.53934479,35.819526671999995,0.0,80000.0
3970,1894.8311967999998,14.139740944000001,0.9402979015999999,0.9280809164,0.9501082896999999,2.3659820557,31.017654419,0.3116077185,0.0,98.31580352799999,35.88433075,0.0,80000.0
3971,1894.9831967999999,14.110246658,0.9551218152,0.9574428797,0.9194509983,2.3461391926,29.501895905,0.3198008537,0.0,95.641944885,36.213729858,0.0,80000.0
3972,1895.1351968,14.220166205999998,0.9518476725,0.9484368563,0.8804454803,2.3338861465000003,29.204032898,0.3256192505,0.0,94.31275177,36.682819366,0.0,80000.0
3973,1895.2871968,14.275656699999999,0.9645560384,0.9581354856000001,0.8480778337,2.3395550250999997,29.823488235,0.32428887489999997,0.0,93.889007568,37.272403716999996,0.0,80000.0
3974,1895.4391967999998,14.296835899000001,0.9708663821,0.9735432863,0.8321239948,2.3405618668,30.754285812,0.3168256283,0.0,94.24472045899999,37.779834746999995,0.0,80000.0
3975,1895.5911967999998,14.312035560999998,0.9462314248,0.9628082514,0.827341795,2.3363592625,31.160255432,0.3163057566,0.0,95.448028564,38.142040253000005,0.0,80000.0
3976,1895.7431967999999,14.325780869,0.8953172565,0.91688025,0.8300144076,2.3340318203,31.58502388,0.3174281418,0.0,97.20323181200001,38.516799927,0.0,80000.0
3977,1895.8951968,14.338033675999998,0.8448501825,0.8626462817,0.8428509831000001,2.330057621,32.985443115,0.3134704232,0.0,98.86268615700001,38.939052581999995,0.0,80000.0
3978,1896.0471968,14.357402802000001,0.8253594041,0.821246922,0.8676310181999999,2.3277435303,36.013923645,0.3143217564,0.0,100.90542603,39.252170563,0.0,80000.0
3979,1896.1991967999998,14.371186256,0.8691901565000001,0.8402177691,0.9054539204000001,2.3327250481,38.970684051999996,0.3176613152,0.0,102.14122009,39.472747803000004,0.0,80000.0
3980,1896.3511967999998,14.348770142000001,0.9463765621,0.9179252981999999,0.9723277687999999,2.3265936375,40.615600586,0.3252429664,0.0,102.80789185,39.810844421,0.0,80000.0
3981,1896.5031967999998,14.328362465,0.9981991648999999,0.9862883091,1.0230981112,2.33425951,42.960201263,0.3326615393,0.0,103.81402588,40.086437225,0.0,80000.0
3982,1896.6551967999999,14.315439224,1.0174751281999999,1.0091301203,1.0699543953,2.3469150065999997,46.690864563000005,0.33911511299999997,0.0,106.48065186,40.21182251,0.0,80000.0
3983,1896.8071968,14.306110382,1.0374191999,1.0290383101,1.1224540472,2.3676290512000002,49.705284119,0.34605345130000004,0.0,109.63507843,40.37940979,0.0,80000.0
3984,1896.9591967999997,14.28959465,1.058961153,1.0495299101,1.1940493584,2.398430109,51.157615662,0.3461405337,0.0,111.26586151,40.643024445,0.0,80000.0
3985,1897.1111967999998,14.152084351,1.0898883343,1.0739318132,1.2813946009000001,2.4324398041,51.935070038,0.34225025770000006,0.0,111.83727264,40.874874115,0.0,80000.0
3986,1897.2631967999998,14.730536461,1.1365963221,1.1161991358,1.3410588503,2.4344778061000003,52.221843719,0.33998140689999995,0.0,111.4903717,41.023708344,0.0,80000.0
3987,1897.4151967999999,14.778383255,1.1931715012000002,1.168025136,1.3801734447,2.4241933823,52.258506775,0.34317177530000004,0.0,110.90769196,41.131000519000004,0.0,80000.0
3988,1897.5671968,14.76960659,1.2620105743,1.232194066,1.389131546,2.4145710468,52.670192719,0.34876817460000004,0.0,110.60873413,41.16576767,0.0,80000.0
3989,1897.7191967999997,14.100008011,1.3336908817,1.3086850643,1.3727582693,2.4112539291,53.598369598000005,0.36144009229999996,0.0,109.35160065,41.116481781,0.0,80000.0
3990,1897.8711967999998,13.660009384,1.3567426205000002,1.3672902584,1.3538430928999998,2.4054918289,54.939426422,0.3775994778,0.0,107.25182343,40.955307006999995,0.0,80000.0
3991,1898.0231967999998,13.601555824,1.2833706140999999,1.3217324018,1.3259707689,2.4071514606,56.344348907,0.3882966936,0.0,108.06786346,40.769287109000004,0.0,80000.0
3992,1898.1751967999999,13.674277305999999,1.1761478186,1.2167259455,1.2942842245000001,2.4098236561,57.776000976999995,0.3949554265,0.0,111.39102936,40.748542786,0.0,80000.0
3993,1898.3271968,13.523964882000001,1.0923675299,1.1195360422,1.2623487711,2.3947000504,59.739326477,0.4058965147,0.0,113.86302948,40.71975708,0.0,80000.0
3994,1898.4791968,13.530585289000001,1.0441911221,1.0610942841,1.2273845673000001,2.3703942299,62.71768951399999,0.4333569407,0.0,115.96677399,40.558784485,0.0,80000.0
3995,1898.6311967999998,13.601338387,1.0159724951,1.0219203234,1.1885291338,2.3461589813,67.137405396,0.4473595321,0.0,118.93716431,40.362148285,0.0,80000.0
3996,1898.7831967999998,13.404178619000001,1.0316509007999999,1.0125620365,1.158010602,2.3300056458,68.857025146,0.4423080087,0.0,121.63707733,40.158382416,0.0,80000.0
3997,1898.9351967999999,13.298478127000001,1.099775672,1.0752526521999999,1.129128933,2.3239643574,69.959121704,0.4338021278,0.0,121.79416656,40.000881195,0.0,80000.0
3998,1899.0871968,13.316515922999999,1.13299191,1.134506464,1.1011792421,2.328959465,71.620475769,0.4242400825,0.0,119.11190796,39.94878006,0.0,80000.0
3999,1899.2391968,13.350378035999999,1.0820976495999999,1.1131558418,1.0765280724,2.3306674956999998,72.44904327399999,0.4165916741,0.0,117.15949249,40.07183075,0.0,80000.0
4000,1899.3911967999998,13.352833748,0.9840381742000001,1.0225498676,1.0649161339,2.3321156502,71.851730347,0.4177174568,0.0,119.14950562,40.211742401,0.0,80000.0
4001,1899.5431967999998,13.338874817,0.9077885747,0.9278761148000001,1.0553952456,2.3391187191,69.750350952,0.4117058218,0.0,125.99060059,40.376075745,0.0,80000.0
4002,1899.6951967999998,13.321381569000001,0.9017107487,0.8907167315000001,1.0424301623999999,2.3484697342,66.994056702,0.40975379939999995,0.0,131.75257874,40.558696747,0.0,80000.0
4003,1899.8471968,13.300245285,0.9684443474,0.9369608759999999,1.0484330654,2.3351895809,64.172874451,0.4112508893,0.0,131.49009705,40.753219604,0.0,80000.0
4004,1899.9991968,13.246795654000001,1.0536453724,1.023006916,1.066670537,2.3011984825,61.410209656000006,0.4095936418,0.0,125.14402771,40.796073914000004,0.0,80000.0
4005,1900.1511967999998,13.097805023,1.0983973742,1.0939093828,1.0631686449,2.272292614,58.727420807,0.40506848689999997,0.0,117.69635009999999,40.490589142,0.0,80000.0
4006,1900.3031967999998,12.916090012,1.0692727566,1.0835644006999998,1.0416171551,2.2727200985,57.421531677,0.40276369450000005,0.0,113.84128571,40.137588500999996,0.0,80000.0
4007,1900.4551967999998,12.969617844000002,1.0221785307,1.0450394154,1.0129811764,2.2885053158,58.084152222,0.40670549869999995,0.0,114.05319214,40.143470764,0.0,80000.0
4008,1900.6071967999999,13.110057830999999,0.9575948715000001,0.9829677343000001,0.9887720942,2.2998156547999997,59.412742615,0.4197248816,0.0,117.92124939,40.098999023000005,0.0,80000.0
4009,1900.7591968,13.189973831,0.8978330493000001,0.9198915362000001,0.9681565166,2.3001048565,59.643421173,0.4336655736,0.0,123.03173065,40.09595871,0.0,80000.0
4010,1900.9111967999997,13.255295753,0.8539608717,0.8690156937000001,0.9629030824,2.2988791466,59.814556122,0.4458233416,0.0,126.19534302,40.042282104,0.0,80000.0
4011,1901.0631967999998,13.31878376,0.8299999833,0.8346384764,0.9624999762,2.2890291214,62.162166595,0.4549804032,0.0,129.15171814,39.90203476,0.0,80000.0
4012,1901.2151967999998,13.194828033,0.8398362993999999,0.8307299614,0.9614855647,2.2683632374,64.808609009,0.4588361681,0.0,131.52351379,39.910755157,0.0,80000.0
4013,1901.3671967999999,13.1652565,0.8860681056999999,0.8636930584999999,0.9555675387,2.2517490387,65.59463501,0.46503248810000003,0.0,130.82543945,40.001754761,0.0,80000.0
4014,1901.5191968,13.309129715,0.9533227086,0.9251613020999999,0.9481994509999999,2.2559366225999997,64.489974976,0.4597994089,0.0,125.63790894,39.988487244,0.0,80000.0
4015,1901.6711968,13.443003654000002,1.0222887993,0.9963492155,0.9495130776999999,2.2819120884,62.344207764,0.449385345,0.0,119.50580597,39.92685318,0.0,80000.0
4016,1901.8231967999998,13.5373106,1.0689411163,1.0580192804000002,0.9557599425,2.3086545466999997,60.16543960600001,0.443426162,0.0,115.8704834,39.852470398,0.0,80000.0
4017,1901.9751967999998,13.563803672999999,1.0568656921,1.0708965063,0.9678874016,2.3210740088999997,59.28175354,0.43902078270000006,0.0,115.80416869999999,39.892921448,0.0,80000.0
4018,1902.1271967999999,13.550357819,0.9925121665000001,1.0180827379000001,0.9967256784,2.3207094669,60.175880432,0.42370149490000003,0.0,120.37799835,40.040081024,0.0,80000.0
4019,1902.2791968,13.530806540999999,0.9364916086,0.9551601409999999,1.0194857120999998,2.3184807301,61.609283446999996,0.4049030244,0.0,125.81180573,39.961135864,0.0,80000.0
4020,1902.4311968,13.513224602000001,0.9096521139,0.9175150990000001,1.0160948038,2.3254349232,62.114562988,0.39830338950000005,0.0,127.69649506,39.98859024,0.0,80000.0
4021,1902.5831967999998,13.583828925999999,0.9078887701,0.9064586162999999,1.0075329542,2.30966115,62.688838958999995,0.4045849144,0.0,126.01968384,40.036888123000004,0.0,80000.0
4022,1902.7351967999998,13.831144333,0.9221673608,0.9160354137000001,0.9983786941,2.2686128616,63.244754791000005,0.4140491188,0.0,123.26502991,39.970352173,0.0,80000.0
4023,1902.8871967999999,13.908311844000002,0.9396028518999999,0.9337518215,0.9904939531999999,2.239577055,62.985042572,0.4226593375,0.0,120.58189392,40.196540833,0.0,80000.0
4024,1903.0391968,13.643403053,0.9472877979000001,0.9468073845,0.9886114597,2.2361211777000003,60.83465957600001,0.432341814,0.0,122.24344635,40.363803864,0.0,80000.0
4025,1903.1911968,13.171337128,0.9337999225,0.9421041608,0.9932054281,2.2475955486,58.612197876,0.4312793911,0.0,125.97251129,40.335529326999996,0.0,80000.0
4026,1903.3431967999998,13.146028519000001,0.9003010392,0.912917614,1.0175954103,2.2619285583,58.455364227,0.4108635783,0.0,129.15940857,40.479869843,0.0,80000.0
4027,1903.4951967999998,13.27438736,0.8822258115,0.8816568255,1.0463924408,2.2810611725,59.506240845,0.39523884649999996,0.0,130.21369934,40.652244568,0.0,80000.0
4028,1903.6471967999998,13.467636107999999,0.9369323254,0.9039851427,1.068151474,2.3136868477,60.42175293,0.3972606361,0.0,128.5297699,40.707202910999996,0.0,80000.0
4029,1903.7991968,13.495490074000001,1.0570853948999999,1.0145050287000001,1.0869922638,2.3527262211,60.119857788000004,0.39303559060000004,0.0,125.31697083,40.708202362,0.0,80000.0
4030,1903.9511968,13.545303345,1.120179534,1.1008864641,1.1042701006,2.3688418865000003,58.541683197,0.3808439374,0.0,120.32622528,40.687934875,0.0,80000.0
4031,1904.1031967999998,13.626623154,1.1292793751,1.1295617819,1.1189938784,2.3643782139,57.358161926,0.37778186799999997,0.0,115.80776978,40.537204742,0.0,80000.0
4032,1904.2551967999998,13.693737984,1.1081975698,1.1174585819,1.1289570331999998,2.3811750412,56.740661621,0.37643131609999997,0.0,114.16915894,40.226768494,0.0,80000.0
4033,1904.4071967999998,13.831762314,1.0796182156,1.0900938511,1.1236107349,2.4074888229,56.185440063,0.37815409899999997,0.0,114.91709137,40.078430176,0.0,80000.0
4034,1904.5591967999999,13.89705658,1.0581784248000001,1.0660212040000001,1.1144539118,2.4068989754,54.272884368999996,0.37791237240000003,0.0,117.45175934,40.164951324,0.0,80000.0
4035,1904.7111968,13.854102135,1.0376662016,1.0486342907,1.1069239378,2.3913776875,52.843967438,0.37856388090000004,0.0,120.90689087,40.191631316999995,0.0,80000.0
4036,1904.8631967999997,13.787887572999999,0.9905808568000001,1.0099887848,1.1029744148,2.373124361,52.521514893,0.38451203700000003,0.0,123.91957092,40.32283783,0.0,80000.0
4037,1905.0151967999998,13.939159392999999,0.9438201189000001,0.9564396739,1.1005839109,2.3680858612,52.109153748000004,0.39842465520000003,0.0,124.06570435,40.739608765,0.0,80000.0
4038,1905.1671967999998,14.246793747,0.9504602551000001,0.9433228373999999,1.0957478285,2.3692765236,52.426738738999994,0.40726241469999996,0.0,122.22224426,40.858486176,0.0,80000.0
4039,1905.3191967999999,14.125904083,0.9934110045000001,0.9753286839,1.0872949362,2.3715593815,52.886550903,0.40717306729999997,0.0,117.69098663,41.028991699,0.0,80000.0
4040,1905.4711968,14.043992043,1.0386862755,1.021826148,1.0759377479999999,2.3792009354,53.898143768000004,0.4038441479,0.0,114.78257751,41.212089539000004,0.0,80000.0
4041,1905.6231968,14.216488838,1.0654902458,1.057959795,1.0641210079,2.3959188461000003,54.991241455,0.4020767212,0.0,113.68862915,41.327079773,0.0,80000.0
4042,1905.7751967999998,14.182094574,1.0554851294,1.0629703999,1.0489820242,2.4045159817,55.449157715,0.391375035,0.0,114.667099,41.31811142,0.0,80000.0
4043,1905.9271967999998,14.127768517,1.0073003769,1.0282739401,1.0242636204,2.391358614,55.683662415,0.38797077539999997,0.0,118.30416107,41.115070343,0.0,80000.0
4044,1906.0791967999999,14.124400139,0.9418438673,0.9683198332999999,1.0050113201000002,2.3800487518,55.92011261,0.39931851630000004,0.0,124.77064514,40.814544678000004,0.0,80000.0
4045,1906.2311968,14.114997864000001,0.8765129447,0.9008231759,1.0071461201,2.3797969818,56.281692505,0.4079079926,0.0,131.09046936,40.796646118000005,0.0,65000.0
4046,1906.3831968,14.067051888,0.8429420590000001,0.8496031165000001,0.9939814806,2.3850109577,56.833366393999995,0.41078504920000003,0.0,135.21862793,40.768424988,0.0,65000.0
4047,1906.5351967999998,14.032808304000001,0.8847013116,0.8661277293999999,0.9851819276999999,2.3841640949,57.557910918999994,0.4060763717,0.0,138.26976013,40.960121155,0.0,65000.0
4048,1906.6871967999998,14.109242439,0.9454017281999999,0.9224886298,0.9930574893999999,2.3713901043,58.157558441000006,0.40252345799999995,0.0,139.95570374,41.247070313,0.0,65000.0
4049,1906.8391967999999,14.021509170999998,0.9901222587,0.9744856358,1.0052274466,2.352212429,57.36000061,0.3961391747,0.0,137.88737488,41.312221527,0.0,65000.0
4050,1906.9911968,13.939437865999999,1.0037735701000001,1.0016926526999999,1.0166541338,2.336060524,56.354896545,0.38875493409999995,0.0,130.07092285,41.065898895,0.0,80000.0
4051,1907.1431968,13.948848724000001,0.9748389125,0.985994637,1.0270791054000001,2.3383929729,56.120491028000004,0.3855625093,0.0,122.92375183,40.638069153000004,0.0,80000.0
4052,1907.2951967999998,14.018594742000001,0.9466132522,0.9571008086,1.0525841713,2.360940218,55.531440735,0.3776941299,0.0,121.67451477,40.56211853,0.0,80000.0
4053,1907.4471967999998,14.117931365999999,0.9273816943000001,0.9327533245,1.0909948349,2.3776168823,53.676891327,0.3785673678,0.0,123.64456177,40.741527557,0.0,80000.0
4054,1907.5991967999998,14.191775322,0.9419754148,0.9338586329999999,1.1285640001000001,2.3928380013,51.447078705,0.3911232054,0.0,122.1677475,40.928730011,0.0,80000.0
4055,1907.7511968,14.237623215,0.98743999,0.9687001109000001,1.1617842913,2.4028129578,49.366172791000004,0.39695784450000005,0.0,116.82385254,41.084804535,0.0,80000.0
4056,1907.9031968,14.266183853,1.0464396477,1.0208667517,1.1947805882,2.3874540329,47.403381348,0.3977459967,0.0,110.03926849,41.171638489,0.0,80000.0
4057,1908.0551967999997,14.208450317,1.127478838,1.0942604542,1.2389198542,2.3772916794,44.452754973999994,0.39205574990000003,0.0,105.68045044,40.988628387,0.0,80000.0
4058,1908.2071967999998,14.138139725,1.2153888941,1.1809107065,1.2898540497,2.3870594500999998,42.496086121,0.3749723136,0.0,103.15011597,41.075000763,0.0,80000.0
4059,1908.3591967999998,14.100893974000002,1.2893115281999998,1.2602853775,1.3425281048,2.4041483402,41.746398926,0.35255402329999996,0.0,101.04657745,41.101768494,0.0,80000.0
4060,1908.5111967999999,14.078410149000002,1.3436056375999998,1.3287320137,1.39556849,2.4202494621,41.532939911,0.3299150467,0.0,102.19615173,41.309463500999996,0.0,80000.0
4061,1908.6631968,14.068874359,1.2959330082,1.3162472248000001,1.4486178159999998,2.4185812472999997,41.444278716999996,0.30934163929999997,0.0,105.67315674,41.407566071,0.0,80000.0
4062,1908.8151967999997,14.067185402,1.2325941324,1.2545900345,1.5012573003999998,2.4029905796,41.223918915,0.3036285937,0.0,108.70040131,41.277709961,0.0,80000.0
4063,1908.9671967999998,14.058843612999999,1.2224816084,1.2215613127,1.5204993486000002,2.4020416737,40.868240356,0.3130664229,0.0,109.49742889,41.147434235,0.0,80000.0
4064,1909.1191967999998,14.058335304000002,1.2990682125,1.2685903311,1.4971036911000002,2.4164898396,40.47347641,0.3327801526,0.0,108.41671753,40.92811203,0.0,80000.0
4065,1909.2711967999999,14.117145537999999,1.3772515059000001,1.3481699228,1.4627101421000002,2.4197926521,39.392604828,0.34346804020000005,0.0,105.50274658,40.915927886999995,0.0,80000.0
4066,1909.4231968,14.490168571,1.4133120775,1.4004449844,1.4446786641999998,2.4205479622,36.838180541999996,0.3294388056,0.0,100.61805725,40.79101944,0.0,80000.0
4067,1909.5751968,14.468297957999999,1.4120340347,1.4148240089,1.4390563965,2.4343812466,34.767433167,0.3042901158,0.0,96.67707824700001,40.676948546999995,0.0,80000.0
4068,1909.7271967999998,14.226819038,1.3668323755,1.38747859,1.458560586,2.4455864429,35.042339325,0.2836208344,0.0,99.42983245799999,40.806629181,0.0,80000.0
4069,1909.8791967999998,14.139962195999999,1.2653256655,1.3048528433,1.5249440669999998,2.4424335957,36.592456818,0.2778912485,0.0,104.91675568,40.748855591,0.0,80000.0
4070,1910.0311967999999,14.142107964000001,1.1870822906,1.2114522456999999,1.5647916794,2.4325156212,36.685897827,0.2847993672,0.0,107.52745819,40.375255585,0.0,80000.0
4071,1910.1831968,14.147080420999998,1.2297500372,1.2068319320999998,1.5595613718,2.4278879166,35.879329681,0.2969456017,0.0,104.91093445,40.035720825,0.0,80000.0
4072,1910.3351968,14.147768974000002,1.3723270893000001,1.3139588833,1.4943329096,2.432595253,35.000278473,0.3076018989,0.0,98.75519561799999,40.01758194,0.0,80000.0
4073,1910.4871967999998,14.151158333,1.5353739262000001,1.4763692617,1.390221715,2.4376721382,34.511096954,0.30073326829999997,0.0,96.396476746,40.086524963,0.0,80000.0
4074,1910.6391967999998,14.175969124000002,1.5627967119,1.564373374,1.3084977865,2.4333045483,35.724525451999995,0.2845994234,0.0,102.92237091,40.343235016,0.0,80000.0
4075,1910.7911967999999,14.23724556,1.3298870325,1.4241045713,1.2495068312,2.4228813648,38.306159973,0.273217082,0.0,113.66563416,40.672916412,0.0,80000.0
4076,1910.9431968,14.326864243,1.0859799385,1.1808209419,1.2024914026,2.4026660919,41.81111908,0.2735848129,0.0,122.10300446,40.990528106999996,0.0,65000.0
4077,1911.0951968,14.483177185,0.9156937598999999,0.9793418646,1.1666357517000001,2.3657152653,45.354236603000004,0.29500722890000003,0.0,129.0675354,40.975856781,0.0,65000.0
4078,1911.2471967999998,14.838744164000001,0.8773807883,0.890879035,1.1364014149,2.3320686817,46.515441895,0.32981142399999996,0.0,132.68878174,41.02557373,0.0,65000.0
4079,1911.3991967999998,15.02347374,0.9144995809,0.8981269598,1.1010237932,2.3185498713999997,47.287322998,0.35040193799999997,0.0,130.57362366,41.226211548,0.0,65000.0
4080,1911.5511967999998,14.866780280999999,1.0088390112,0.9706299305,1.0545502901000001,2.3229365349,49.38117218,0.3490306735,0.0,125.61600494,41.409095764,0.0,80000.0
4081,1911.7031968,14.956638336,1.1213264465000001,1.0780489445,1.0357074738,2.3455612659000002,51.572227478,0.3402557671,0.0,119.96060181,41.495117188,0.0,80000.0
4082,1911.8551968,14.936045647,1.1777732372,1.1593457459999998,1.0440958738,2.3688981533,53.279628753999994,0.3316419125,0.0,116.11345673,41.330410004,0.0,80000.0
4083,1912.0071967999997,14.769188881,1.0780147314,1.1173192263,1.0576632023,2.3864738941,54.47246933,0.32517609,0.0,112.58604431,41.443187714000004,0.0,80000.0
4084,1912.1591967999998,14.643312454,0.9792976975,1.0180729628,1.0686323643,2.3931157589,55.324451447,0.3197556436,0.0,110.66694641,41.44947052,0.0,80000.0
4085,1912.3111967999998,14.575666428,0.9155724048999999,0.9406557083,1.0706928968,2.3860530853,56.16967392,0.3228018582,0.0,113.131073,41.233798981,0.0,80000.0
4086,1912.4631967999999,14.549134254,0.8733099103,0.8890934587,1.0440882444,2.3745129108,57.346401215,0.3393324316,0.0,121.82454681,41.102035522,0.0,65000.0
4087,1912.6151968,14.512718200999998,0.8812857270000001,0.8776841164,1.0127614737000001,2.3564972878,58.794281006000006,0.3546441197,0.0,130.33389282,41.320667267,0.0,65000.0
4088,1912.7671967999997,14.411984444000002,0.9272047876999999,0.9092163444,0.9931619762999999,2.3492228985,59.724739075,0.35922285909999996,0.0,132.92430115,41.256881714,0.0,65000.0
4089,1912.9191967999998,14.374744415,0.9504839181999999,0.9424028396999999,0.9778269529000001,2.3632235527,58.989551543999994,0.3616503775,0.0,132.43942261,40.873558044,0.0,65000.0
4090,1913.0711967999998,14.630260468,0.9146613479000001,0.9297414422,0.9690057634999999,2.3652002811000004,57.55134201,0.3682154715,0.0,132.92033386,40.641319275,0.0,65000.0
4091,1913.2231967999999,14.935582161,0.8590879440000001,0.880669415,0.9760981202,2.3484070300999997,56.494319916,0.3813468218,0.0,133.96174622,40.614467620999996,0.0,65000.0
4092,1913.3751968,14.657764435,0.8383950591,0.8450316787000001,0.9973391294,2.3384759425999997,55.961910248,0.3973299265,0.0,131.09898376,40.939437866,0.0,65000.0
4093,1913.5271968,14.072304725999999,0.9057775140000001,0.8788376451000001,1.0244463682,2.3417563437999998,55.296379089,0.4116801918,0.0,123.86822509999999,41.201229095,0.0,80000.0
4094,1913.6791967999998,13.593955994000002,0.9883737564,0.9553192854000001,1.0538287163,2.3451559544,54.619918823,0.4171670675,0.0,117.25238799999998,41.413013458,0.0,80000.0
4095,1913.8311967999998,13.386470795,1.0658581257,1.0349360704000001,1.0853321552,2.3555777072999997,54.490653992,0.41486436130000004,0.0,113.06809998,41.504833221,0.0,80000.0
4096,1913.9831967999999,13.468722343,1.1298241615,1.1048356295000001,1.1128945351000001,2.3749952316,54.851230621000006,0.41005116700000005,0.0,112.07463074,41.360725403000004,0.0,80000.0
4097,1914.1351968,13.566879272000001,1.1215837002,1.1251311302,1.1209555864,2.3811089993,55.030132294,0.398206681,0.0,112.84075928,41.35459137,0.0,80000.0
4098,1914.2871968,13.571642875999999,1.0598512888,1.0843787193,1.1035362482,2.3853514194,54.126811981,0.37919116020000004,0.0,113.3612442,41.555633545,0.0,80000.0
4099,1914.4391967999998,13.556220055,1.0021759272,1.0249959229999999,1.0728186369,2.3895635605,52.60578537,0.3654627502,0.0,114.05029297,41.78578949,0.0,80000.0
4100,1914.5911967999998,13.538986205999999,0.9551885128000001,0.9736502767,1.0400170088,2.3859238625,52.163352966000005,0.3637424707,0.0,116.17127991,41.82787323,0.0,80000.0
4101,1914.7431967999999,13.485497475,0.8997554779000001,0.9213342667000001,1.0185319185,2.3658695221,52.999206543,0.3669794202,0.0,120.95648956,41.679210663,0.0,80000.0
4102,1914.8951968,13.657885551,0.8802753091,0.8878274559999999,1.0090643167,2.3423185349,54.199615478999995,0.3716486692,0.0,123.9704895,41.370155334,0.0,80000.0
4103,1915.0471968,13.900574684,0.9102558493999999,0.8983883858,1.0175737143,2.3267214298,54.254390717,0.3807115853,0.0,122.99858093,41.064556122,0.0,80000.0
4104,1915.1991967999998,14.004944800999999,0.9470618367,0.9319448470999999,1.0379281044,2.3091759682,52.719516754,0.3862268329,0.0,122.602005,41.287635803,0.0,80000.0
4105,1915.3511967999998,13.966053963,0.9630321264,0.9564218521,1.0583250523,2.2924218178,50.675361633,0.38034600020000003,0.0,123.86639404,41.193511963,0.0,80000.0
4106,1915.5031967999998,13.819731712000001,0.9829709529999999,0.9753537774,1.0661000013,2.2900929451,48.693016052,0.37462297079999995,0.0,121.20256805,40.889442444000004,0.0,80000.0
4107,1915.6551967999999,13.692534447,1.0278331041,1.0101400614,1.071642518,2.3007628918000003,47.446037292,0.37137570979999995,0.0,116.75931549,40.956748962,0.0,80000.0
4108,1915.8071968,13.778544426,1.1194512844,1.0825549364,1.1004412174,2.308754921,46.641654968000005,0.36202654240000004,0.0,112.51841736,41.014652252,0.0,80000.0
4109,1915.9591967999997,13.788894653,1.2111706734,1.1739048958,1.1424078941,2.3156750202,46.154903411999996,0.3523290753,0.0,111.27947235,41.17256546,0.0,80000.0
4110,1916.1111967999998,13.788033485,1.2377067804000002,1.2263960837999999,1.1716556549,2.3082265854,45.730670929,0.3520051539,0.0,113.08624268,41.580364227,0.0,80000.0
4111,1916.2631967999998,13.895615578,1.1670314073999999,1.1953983307,1.1831438541,2.2788589001,45.45408630399999,0.35975354909999996,0.0,116.00394440000001,41.866901398,0.0,80000.0
4112,1916.4151967999999,14.072751999000001,1.0696259737,1.1091220379,1.1605323553,2.2577722073,46.289360046000006,0.374448061,0.0,116.90818787,41.85231781,0.0,80000.0
4113,1916.5671968,14.14704895,1.0542749166,1.0602213144,1.1114774942,2.2626488209,47.786411285,0.39418095350000004,0.0,118.13470459,41.754943848,0.0,80000.0
4114,1916.7191967999997,14.10651207,1.0618247986,1.057995677,1.0610245466,2.2818462849000003,49.100486755,0.40479010340000005,0.0,124.52690125,41.752998352,0.0,80000.0
4115,1916.8711967999998,14.017022133,0.9625443220000001,1.0027092695,1.0131126642000001,2.3045489787999998,50.193706512,0.39598464969999997,0.0,130.77481079,41.753974915,0.0,65000.0
4116,1917.0231967999998,13.844176292,0.8374298215,0.8887976408,0.9791402817,2.3173036575,51.715385436999995,0.3899303377,0.0,132.47999573,41.636291504,0.0,65000.0
4117,1917.1751967999999,13.73315239,0.8116958140999999,0.8219658731999999,0.9700257778,2.3046970367,53.252510071,0.4003460705,0.0,130.89266968,41.383773804,0.0,65000.0
4118,1917.3271968,13.637124062,0.8419588804000001,0.8292957544,0.9755074978,2.2850358486,54.42799758899999,0.4098388553,0.0,128.78086853,41.35181427,0.0,65000.0
4119,1917.4791968,13.666954994000001,0.8873640299,0.8689395189,0.9953030944,2.2766933441,55.48809433,0.4106273353,0.0,128.03637695,41.513027191,0.0,65000.0
4120,1917.6311967999998,13.852363586,0.9438425898999999,0.921238482,1.0365673304,2.2781093121000002,55.876068115,0.4036757052,0.0,127.27189636,41.414123535,0.0,65000.0
4121,1917.7831967999998,13.923021317,1.0093530416,0.9833226204000001,1.0911570787,2.2940576077,54.174518585,0.38894528149999996,0.0,125.31320953,41.24105835,0.0,65000.0
4122,1917.9351967999999,13.762428284,1.1258677244,1.0786739588,1.1494477987,2.3189251423,50.98973465,0.3763692975,0.0,122.20416259999999,41.114391327,0.0,65000.0
4123,1918.0871968,13.534525871,1.2159576416,1.1804790497,1.205280304,2.3382430077,47.602153778,0.3738186657,0.0,118.56578827,41.152908325,0.0,80000.0
4124,1918.2391968,13.411690712,1.2533046007,1.2387422323000001,1.247235775,2.3506982327,45.289432526000006,0.36812996859999997,0.0,114.57728577,41.328186035,0.0,80000.0
4125,1918.3911967999998,13.373324394,1.2132322787999998,1.2304639816,1.280598402,2.3676795959,44.442035675,0.3498072922,0.0,110.04149628,41.492679596,0.0,80000.0
4126,1918.5431967999998,13.338960647999999,1.1570637226,1.1801456213,1.320084691,2.3861074448,44.713626862,0.3304650784,0.0,106.70801544,41.829349518,0.0,80000.0
4127,1918.6951967999998,13.325092316,1.1634395123,1.1603220701,1.3651379346999999,2.3935346603,45.172409058,0.317332238,0.0,105.72123718,42.048118591,0.0,80000.0
4128,1918.8471968,13.461685180999998,1.2665627003,1.2238492965999999,1.4058327675,2.3943324089,45.089736938,0.30612879989999997,0.0,104.70444489,42.335697174,0.0,80000.0
4129,1918.9991968,13.512859344,1.3762502669999999,1.3320264816,1.4219543934,2.4088492393000003,44.605514526,0.3042969704,0.0,103.20709991,42.230976105,0.0,80000.0
4130,1919.1511967999998,13.397761345,1.4241678715000001,1.4060404300999998,1.4325969218999999,2.4271609783000003,44.345676422,0.3165147305,0.0,102.20572662,41.830970764,0.0,80000.0
4131,1919.3031967999998,13.361410140999999,1.4661996365,1.4489817619,1.4534409046,2.4371376038,43.876415253000005,0.3252995908,0.0,101.52391815,41.480136871,0.0,80000.0
4132,1919.4551967999998,13.401245117,1.4680696726,1.4682347775,1.4536522627000001,2.446716547,43.459568024,0.325045228,0.0,101.37257385,41.421646118000005,0.0,80000.0
4133,1919.6071967999999,13.430285454000002,1.4410877228,1.4525897503,1.4263066053,2.4440004826,43.474254608,0.3231972754,0.0,102.74086761,41.509944916,0.0,80000.0
4134,1919.7591968,13.448570251,1.3741972446000001,1.4019895792,1.3812015057,2.4310562611,42.587116241,0.3224575222,0.0,105.82020569,41.673454285,0.0,80000.0
4135,1919.9111967999997,13.473498344000001,1.24627316,1.2996860743,1.3225774765,2.4190218449,41.03238678,0.326831758,0.0,109.66965485,41.672161102,0.0,80000.0
4136,1920.0631967999998,13.507727623,1.1172633171,1.1691821814,1.258513093,2.4052510262,40.561832428,0.3390687704,0.0,113.00421906,41.613933563,0.0,80000.0
4137,1920.2151967999998,13.583897591,1.0317692756999999,1.0644438267,1.1936867237,2.3860025406,41.871295929,0.3596247733,0.0,115.85121918,41.706249237,0.0,80000.0
4138,1920.3671967999999,13.700115204000001,0.9737529755,0.9960402845999999,1.1368330717,2.3471207619,44.234535217,0.3873432279,0.0,120.27239227,41.581390381,0.0,65000.0
4139,1920.5191968,13.809509277,0.9306901693,0.9474036694,1.0990833044,2.3077952862,46.826637268,0.41238519549999997,0.0,124.97054291,41.387481689,0.0,65000.0
4140,1920.6711968,13.897471428,0.8987959027,0.9112175703000001,1.0802972317,2.2999863625,48.572906493999994,0.42296558619999997,0.0,128.27029419,41.235347748,0.0,65000.0
4141,1920.8231967999998,13.960412979,0.8715156317,0.8823229670999999,1.0707479715000001,2.3178706169,49.066490173000005,0.420001179,0.0,129.76373291,41.219280243,0.0,65000.0
4142,1920.9751967999998,14.056453705,0.8590505123000001,0.8638110756999999,1.067102313,2.3269202709,50.53419494600001,0.4106064141,0.0,129.89608765,40.976596832,0.0,65000.0
4143,1921.1271967999999,14.339957237,0.8778334259999999,0.8698263764,1.0737150908,2.3071117401,52.862697601,0.40665397049999996,0.0,129.30897522,40.962718964000004,0.0,65000.0
4144,1921.2791968,14.683961867999999,0.9546322226999999,0.9226276875,1.0998419523,2.2924962044,54.905353546,0.40770176049999995,0.0,125.92406464,41.069206238,0.0,80000.0
4145,1921.4311968,14.594964980999999,1.0947426558,1.0368599892,1.1417357922,2.3141477108,58.254917145,0.3995068073,0.0,117.13272858,41.136566162,0.0,80000.0
4146,1921.5831967999998,14.310801505999999,1.2279907465,1.1744204759999999,1.1840908527,2.3489179611,62.670360565,0.3889369071,0.0,109.36743927,41.019645691,0.0,80000.0
4147,1921.7351967999998,14.272701263,1.2598179579000002,1.2506612539,1.2182017565,2.3638417721000002,66.22931671100001,0.3890440166,0.0,107.24230957,41.045089722,0.0,80000.0
4148,1921.8871967999999,14.216726303,1.1971354484999999,1.2257988453,1.2384505272,2.3572194576,67.754516602,0.3969855607,0.0,108.94237518,41.20905304,0.0,80000.0
4149,1922.0391968,14.183600426,1.0950523615,1.1375088692,1.2319357395000001,2.3449921608,67.72377014199999,0.4064680338,0.0,112.30596924,41.342445374,0.0,80000.0
4150,1922.1911968,14.41586113,1.0070332289,1.0417642593,1.2017258406,2.346323967,67.019622803,0.40946114060000005,0.0,116.73168945,41.367599487,0.0,80000.0
4151,1922.3431967999998,14.645690918,0.9811422825,0.9891782403,1.1698857545999999,2.3563702106,65.5054245,0.3986175656,0.0,119.98227692,41.296756744,0.0,80000.0
4152,1922.4951967999998,14.697113037000001,1.0501198769,1.0186685324,1.1438426971,2.3597521782,64.282165527,0.3845051229,0.0,120.15526581,41.212368011,0.0,80000.0
4153,1922.6471967999998,14.69616127,1.1361832619,1.1009199619,1.1277396679,2.3596048355000003,62.97681427,0.383120209,0.0,116.65075684,41.183609009,0.0,80000.0
4154,1922.7991968,14.837042809000001,1.1688178778,1.1580294371,1.1207159758,2.3623342513999996,60.261112213000004,0.3920018673,0.0,114.57154846,41.424488068,0.0,80000.0
4155,1922.9511968,14.992217064,1.1102046967,1.1392487288,1.1247003078,2.3693516253999998,57.221710205,0.397934854,0.0,115.22579956,41.728939056,0.0,80000.0
4156,1923.1031967999998,14.869729042000001,1.0506905317,1.0748486519,1.1384260654,2.3786044121,55.477916718,0.400395304,0.0,116.44548798,41.446323395,0.0,80000.0
4157,1923.2551967999998,14.761404991,1.0326194763,1.0375878810999999,1.1559917926999999,2.3831784725,55.904014587,0.4054077864,0.0,117.74148559999999,40.684207916,0.0,80000.0
4158,1923.4071967999998,14.825011253,1.0361725092,1.034003973,1.1747943162999999,2.3793659209999998,56.976905823,0.4062203467,0.0,119.6390686,40.734210968,0.0,80000.0
4159,1923.5591967999999,14.863812447,1.0498960018,1.0443009138,1.187903285,2.3741862774,57.420173645,0.40016978979999995,0.0,121.97684479,41.000724792,0.0,80000.0
4160,1923.7111968,14.733280182,1.0545703173,1.0537618399,1.1949816942,2.3708777428,57.287322998,0.38909325,0.0,123.03629303,41.303031921,0.0,80000.0
4161,1923.8631967999997,14.570487022,1.0558544397,1.0559542179,1.1918766499,2.3737609386000003,56.822647095,0.3744139671,0.0,121.54506683,41.311115265,0.0,80000.0
4162,1924.0151967999998,14.529532433,1.0858254433,1.0722578764,1.174041152,2.3846309185,57.00598526,0.3599078655,0.0,118.49212646,41.254722595,0.0,80000.0
4163,1924.1671967999998,14.613103867000001,1.1394056082,1.1169873476,1.1425377131,2.3856012821,58.350261688,0.35239377619999995,0.0,117.08196259,41.310539246,0.0,80000.0
4164,1924.3191967999999,14.812983512999999,1.1784863472,1.1639277934999999,1.103921175,2.3669250011000003,60.203540802,0.3566142321,0.0,116.85670471,41.078956604,0.0,80000.0
4165,1924.4711968,14.889138222,1.1367410421,1.1584032774,1.0694253445,2.3529129028,62.109924316000004,0.3636728227,0.0,118.08398438,41.016433716,0.0,80000.0
4166,1924.6231968,14.712814330999999,1.0387978554000001,1.0809185505,1.0409959555,2.3398959637,64.015319824,0.3699862063,0.0,121.54621887,41.147644043,0.0,80000.0
4167,1924.7751967999998,14.63180542,0.9339469075,0.9759928584,1.014680028,2.3053841591,65.922416687,0.38262176509999996,0.0,126.05712128,41.108428955,0.0,80000.0
4168,1924.9271967999998,14.571744919,0.8626459837,0.8884570003,0.9931566118999999,2.2671713829,67.603744507,0.3993753493,0.0,131.70896912,41.070915221999996,0.0,80000.0
4169,1925.0791967999999,14.282917023,0.8420004845,0.847530067,0.9824712276,2.2440116405,67.542869568,0.4094143212,0.0,136.92253113,41.344322205,0.0,80000.0
4170,1925.2311968,14.014475822,0.8998248577,0.8723182082,0.982837379,2.2341487408000003,65.214454651,0.4135302603,0.0,138.17089844,41.73236084,0.0,80000.0
4171,1925.3831968,13.844750404000001,0.9724426270000001,0.9431874751999999,0.9928192495999999,2.2392609118999998,63.017372131,0.41178876159999994,0.0,133.80371094,41.861270905,0.0,80000.0
4172,1925.5351967999998,13.682314873,0.9982094169,0.9915766716,1.0136859417,2.2626197338,62.133464813,0.40708345170000004,0.0,127.91359711,41.550369263,0.0,80000.0
4173,1925.6871967999998,13.623055458,0.9689158201000001,0.9843460917,1.0461498499,2.2919311523,62.31426239,0.4081969857,0.0,126.09178162,41.927062988,0.0,80000.0
4174,1925.8391967999999,13.70344162,0.9201660751999999,0.9404271245,1.0869860649,2.3192124367,63.145553588999995,0.4196735919,0.0,128.31062317,42.305992126,0.0,80000.0
4175,1925.9911968,13.935389519000001,0.8979117273999999,0.904563725,1.1261333226999999,2.3392589092,63.945808411,0.4308443069,0.0,131.92129517,42.134864807,0.0,80000.0
4176,1926.1431968,14.363008499000001,0.9113021493000001,0.9034298062,1.1514285803,2.3457291126,64.630249023,0.42686113719999996,0.0,133.33937073,41.548290253000005,0.0,80000.0
4177,1926.2951967999998,14.566987037999999,0.9507588744,0.9332779645999999,1.1614788771,2.3413684368000003,65.217582703,0.4094642997,0.0,131.14308167,41.312408446999996,0.0,80000.0
4178,1926.4471967999998,14.537296295,1.0124466419,0.986525476,1.1666276455,2.3490614891,64.711235046,0.392577678,0.0,124.52738953,41.234981536999996,0.0,80000.0
4179,1926.5991967999998,14.573590279000001,1.080709815,1.0533622503,1.1701505184,2.3835613728,62.504291534,0.38241726159999995,0.0,117.74806976,40.929920197,0.0,80000.0
4180,1926.7511968,14.583321570999999,1.1511185169,1.1227766275,1.1850678921,2.4160196781,59.700389862,0.37128207090000004,0.0,113.77981567,41.025726318000004,0.0,80000.0
4181,1926.9031968,14.57648468,1.2387907505,1.2020515203,1.2136268615999999,2.4297685623,57.09431839,0.3601899743,0.0,111.60694885,40.867088318,0.0,80000.0
4182,1927.0551967999997,14.566889762999999,1.3065489531,1.281449914,1.2461627722,2.4382858276,54.550937653000005,0.35548147560000004,0.0,110.37873077,40.711711884,0.0,80000.0
4183,1927.2071967999998,14.561225891,1.3174065351000002,1.3178247213,1.2776627540999999,2.438035965,52.929759978999996,0.35763129590000003,0.0,111.29717255,40.820449829,0.0,80000.0
4184,1927.3591967999998,14.560159683,1.2876268625,1.3023813963,1.2973561287,2.4156529903,54.178764343000005,0.3685148358,0.0,115.23462677,40.951850891,0.0,80000.0
4185,1927.5111967999999,14.5600214,1.2340961695000001,1.2568379641,1.2904161215,2.3874804974,57.689022064,0.3781655133,0.0,120.71240234,40.990455626999996,0.0,80000.0
4186,1927.6631968,14.537324905,1.1407785416,1.1812572479,1.2630835772,2.3554563522,60.667098999,0.372515738,0.0,126.33558655,41.114646912,0.0,80000.0
4187,1927.8151967999997,14.305411339,1.0238780975,1.0720434189,1.2154268026000001,2.3229906559,62.16853714,0.362308681,0.0,130.6622467,41.269638062,0.0,80000.0
4188,1927.9671967999998,14.010284424000002,0.9627256393000001,0.9816676378,1.1431891918000001,2.3046550751,62.708026886000006,0.3620209694,0.0,129.20526123,41.154846191,0.0,80000.0
4189,1928.1191967999998,14.13334465,0.994392693,0.9739336370999999,1.0740022659000001,2.3052039146000003,63.234645844,0.3703970611,0.0,124.23260498,41.213188171,0.0,80000.0
4190,1928.2711967999999,14.319818497,0.9662933946,0.9858528376000001,1.0195621252,2.3078691959,66.005966187,0.38071697950000005,0.0,122.28289795,41.424739838,0.0,80000.0
4191,1928.4231968,14.374552727000001,0.8844128251000001,0.9210176468000001,0.9758235812,2.3121151924000003,69.83932495100001,0.39060348270000006,0.0,125.52007294,41.426578522,0.0,80000.0
4192,1928.5751968,14.390627860999999,0.8315236568000001,0.8494269848,0.9422867894,2.31970644,71.782814026,0.4009594917,0.0,132.52783203,41.081825256,0.0,80000.0
4193,1928.7271967999998,14.444818497,0.8127555251,0.8181113601000001,0.9174037576,2.3233418465,72.947807312,0.4108163714,0.0,137.60003662,40.577472687,0.0,65000.0
4194,1928.8791967999998,14.454831123,0.8230549097,0.8163235784,0.8969069719,2.3153600693,75.382972717,0.418405652,0.0,138.2747345,40.50668335,0.0,65000.0
4195,1929.0311967999999,14.199749947,0.8438313603,0.8347243070999999,0.8818841577,2.2939200400999997,77.543792725,0.4264343679,0.0,136.13554382,40.960380554000004,0.0,65000.0
4196,1929.1831968,13.815174103,0.8474747539,0.8481569886,0.8694698215000001,2.2666070461000003,77.70929718,0.4316945374,0.0,134.28172302,41.149147034,0.0,65000.0
4197,1929.3351968,13.72225666,0.8363634348000001,0.8420600891,0.8646423817000001,2.2557003497999997,77.896820068,0.43394377829999997,0.0,135.25158691,41.017089844000004,0.0,65000.0
4198,1929.4871967999998,13.91445446,0.8216404319,0.8275143504000001,0.8674986959000001,2.2646505833000004,77.667266846,0.43430700899999997,0.0,137.28509521,40.486839294,0.0,65000.0
4199,1929.6391967999998,14.063057899,0.8074377775,0.8129091859,0.8728440999999999,2.2751367092,76.0676651,0.43613028530000003,0.0,138.88430786,40.22864151,0.0,65000.0
4200,1929.7911967999999,14.058991432000001,0.794224143,0.7995312809999999,0.8859151601999999,2.2748868465000003,73.602272034,0.4399444759,0.0,139.55740356,40.419094086,0.0,65000.0
4201,1929.9431968,13.940984725999998,0.7947456837000001,0.7928360105,0.9027778506,2.2639918327,71.104171753,0.4387421608,0.0,138.29881287,40.610614776999995,0.0,65000.0
4202,1930.0951968,13.749343872,0.8094401956,0.8019727468000001,0.9114999771,2.2534940243,69.12690734899999,0.4308621883,0.0,136.2389679,40.576824188,0.0,65000.0
4203,1930.2471967999998,13.641183853,0.8303772806999999,0.8215693831,0.9114999771,2.2513439655000003,68.81728363,0.41999328140000003,0.0,134.65966797,40.265396118000005,0.0,65000.0
4204,1930.3991967999998,13.675683975,0.8560223579,0.845613718,0.9118412137,2.2643034458,69.377876282,0.4050732553,0.0,134.24105835,40.326438904,0.0,65000.0
4205,1930.5511967999998,13.867456436,0.8777821064,0.8697969913,0.9140908122,2.2927322387999998,69.362052917,0.39838308100000003,0.0,134.94570923,40.476604462,0.0,65000.0
4206,1930.7031968,14.105321884,0.8859450817,0.8840804696,0.9205594063,2.3100349903,69.278465271,0.4038929939,0.0,135.34587097,40.437843323,0.0,65000.0
4207,1930.8551968,14.17322731,0.899474442,0.8931303023999999,0.9320639968000001,2.3078014850999997,70.118873596,0.4132319093,0.0,134.99057007,40.599849701,0.0,65000.0
4208,1931.0071967999997,14.189618111,0.9025381207,0.9033403993000001,0.9412710070999999,2.3053426743000003,71.747261047,0.4168799222,0.0,134.25227356,40.834655762,0.0,65000.0
4209,1931.1591967999998,14.127298355,0.880874157,0.892191112,0.9414457679000001,2.3124802113,72.488723755,0.41550144549999996,0.0,133.56750488,40.978317261,0.0,65000.0
4210,1931.3111967999998,13.971694946,0.8621153831,0.8682153820999999,0.9465700387999999,2.3081657887,71.499992371,0.4219700396,0.0,133.5460968,41.075031281,0.0,65000.0
4211,1931.4631967999999,13.829615593,0.8623390198,0.8603061437999999,0.9552865028,2.2901682854,71.16222381600001,0.425364852,0.0,134.19146729,40.923545837,0.0,65000.0
4212,1931.6151968,13.751044273,0.8776863217,0.8700249195,0.9664353728,2.2834613323,70.954345703,0.4185456932,0.0,134.94389343,41.046886444,0.0,65000.0
4213,1931.7671967999997,13.708433151,0.8980748653,0.8894953132,0.9791626334,2.2852299213,69.973220825,0.4102215171,0.0,134.88017273,41.468437195,0.0,65000.0
4214,1931.9191967999998,13.67965126,0.9197304248999999,0.9111659527,0.9947139621,2.2780709267,68.98133850100001,0.40464803579999997,0.0,134.2170105,41.660057068,0.0,65000.0
4215,1932.0711967999998,13.665081978,0.945950985,0.9347547889,1.0163174868,2.2701063156,67.613540649,0.4039750099,0.0,132.45028687,41.242362976,0.0,80000.0
4216,1932.2231967999999,13.659719467,0.9760186672,0.963336885,1.0389190912000001,2.2692937851,65.956459045,0.40277108549999996,0.0,129.38934326,40.700626373,0.0,80000.0
4217,1932.3751968,13.664877892,1.0012714862999998,0.9918484092000001,1.0563571453,2.2765593529,64.53706359899999,0.39812007549999995,0.0,125.52705383,40.300144196,0.0,80000.0
4218,1932.5271968,13.698506355,1.0291489363,1.0173602104000001,1.0574264526000001,2.2812259196999998,63.777957916000005,0.38910460469999997,0.0,120.24934387,40.229133606,0.0,80000.0
4219,1932.6791967999998,13.809745789,1.0639793873,1.0493166447,1.0406202078,2.2919495106,64.38183593800001,0.3803814054,0.0,116.18101501,40.18050766,0.0,80000.0
4220,1932.8311967999998,13.914205550999998,1.0750000477,1.0745607615000001,1.0192104578,2.3140969276,65.501304626,0.3795817792,0.0,116.47103119,40.038555145,0.0,80000.0
4221,1932.9831967999999,13.852954865,1.0283119678000001,1.0541630982999999,0.9996888638,2.3347103596000003,67.162963867,0.38964018229999997,0.0,120.21701813,40.048927307,0.0,80000.0
4222,1933.1351968,13.825714111,0.9427323341,0.9796981812000001,0.9823666215000001,2.3417043686000003,70.150337219,0.4047809243,0.0,125.72338867,40.140960693000004,0.0,80000.0
4223,1933.2871968,13.785891533,0.8683592676999999,0.8948424459000001,0.9612044692,2.3226771355,73.000312805,0.42055270079999996,0.0,130.89704895,39.957698822,0.0,80000.0
4224,1933.4391967999998,13.577771187,0.8252622485,0.8390103579000001,0.9337425232,2.2842681408,75.405052185,0.43139168619999996,0.0,132.98497009,40.015274048,0.0,80000.0
4225,1933.5911967999998,13.373472214000001,0.8012756704999999,0.8094106913,0.9071952701,2.255753994,76.537498474,0.43848678469999997,0.0,132.21755981,40.331039429,0.0,65000.0
4226,1933.7431967999999,13.35064888,0.7977348566,0.7963039279,0.8812553287,2.2440414429,75.90129852300001,0.4448229969,0.0,130.7328949,40.552711486999996,0.0,65000.0
4227,1933.8951968,13.450537682,0.8160226941,0.8061202765000001,0.8572892547,2.2492859363999997,75.91745758100001,0.4514074922,0.0,130.64224243,40.742584229,0.0,65000.0
4228,1934.0471968,13.506813049000002,0.8368895054000001,0.8293883204000001,0.8474286795,2.2680346966,76.217445374,0.4512156844,0.0,131.60087585,40.831066132,0.0,65000.0
4229,1934.1991967999998,13.483016968,0.8538182378,0.8473702073,0.8607864976,2.2889385223,75.109390259,0.4401654303,0.0,131.88731384,40.806163788,0.0,65000.0
4230,1934.3511967999998,13.44923687,0.8650600909999999,0.8611391187,0.8731901646,2.3021371365,73.07698822,0.4316434562,0.0,130.5342865,40.665103912,0.0,65000.0
4231,1934.5031967999998,13.432682990999998,0.865316689,0.8668192625,0.8685441017000001,2.2987773418,71.898353577,0.4241873026,0.0,128.534729,40.54127121,0.0,65000.0
4232,1934.6551967999999,13.468577385,0.8533114790999999,0.8595095277,0.857539475,2.2777874469999997,72.553291321,0.4168110192,0.0,127.59008026,40.681015015,0.0,65000.0
4233,1934.8071968,13.585983275999999,0.8227106332999999,0.8375674486,0.8431118131,2.2570514678999998,74.31933593800001,0.4177427292,0.0,128.59155273,41.004253387,0.0,65000.0
4234,1934.9591967999997,13.714085579,0.7828283906,0.7992939949,0.8255341649,2.2522716522,75.458679199,0.42876228689999996,0.0,131.51487732,41.090202332,0.0,65000.0
4235,1935.1111967999998,13.735145569,0.7511746883,0.7622699142,0.8087547421,2.2612910271,76.50338745100001,0.44223600630000004,0.0,134.23831177,41.096107483000004,0.0,65000.0
4236,1935.2631967999998,13.60324192,0.7544907928,0.7471790909999999,0.7973714471,2.2594842911,77.292831421,0.4475117028,0.0,135.04930115,41.015304565,0.0,65000.0
4237,1935.4151967999999,13.451944351,0.7819561958,0.7688865662000001,0.8001271486,2.2340338230000003,77.19440460199999,0.4417203367,0.0,133.97990417,41.060649872,0.0,65000.0
4238,1935.5671968,13.461197853,0.8138672709,0.8008059859000001,0.8136810064,2.2197875977,78.27792358399999,0.4387660623,0.0,132.01809692,41.124347687,0.0,65000.0
4239,1935.7191967999997,13.560155869,0.8457861543,0.8324398994,0.8327488899,2.2272157669,79.76447296100001,0.44574892520000003,0.0,130.24996948,41.108615875,0.0,80000.0
4240,1935.8711967999998,13.614840508,0.8835185170000001,0.8672121167,0.8584247828,2.2352032661,78.856536865,0.4453653097,0.0,128.82809448,41.327552795,0.0,80000.0
4241,1936.0231967999998,13.636878967000001,0.9173275828,0.905531168,0.8876450658,2.2431771755,77.247817993,0.44207096100000004,0.0,127.64563751,41.46301651,0.0,80000.0
4242,1936.1751967999999,13.643855095,0.9241510629999999,0.9261760116,0.9116168618000001,2.2555239201,74.813453674,0.4397037327,0.0,126.8844223,41.577693939,0.0,80000.0
4243,1936.3271968,13.631591797,0.9085822701,0.9168262481999999,0.9261907934999999,2.265427351,73.798561096,0.4252962172,0.0,126.28644562,41.754646301,0.0,80000.0
4244,1936.4791968,13.603575705999999,0.9054567814,0.9028106928,0.9382560848999999,2.2689831256999997,73.085533142,0.4072434008,0.0,125.2654953,41.648094177,0.0,80000.0
4245,1936.6311967999998,13.578372955,0.9143391848000001,0.9101294279000001,0.9499995112,2.2718389034,71.219642639,0.40464463829999997,0.0,123.88726807,41.39849472,0.0,80000.0
4246,1936.7831967999998,13.671658515999999,0.92305094,0.9198304415,0.9602304101000001,2.2815685272,67.877723694,0.40883839130000005,0.0,122.41038513,41.282588959,0.0,80000.0
4247,1936.9351967999999,13.901200294,0.9215997458,0.9239791632,0.9688491225,2.2966580391,65.34266662600001,0.4074235559,0.0,120.98465729,41.389209746999995,0.0,80000.0
4248,1937.0871968,14.096759795999999,0.9027225970999999,0.9128195643000001,0.9767229556999999,2.3133292198,64.385780334,0.39555856590000005,0.0,120.80728149,41.453861237,0.0,80000.0
4249,1937.2391968,14.232834815999999,0.8886368870999999,0.8919398189,0.9837047458,2.3243060112,64.284057617,0.3878655434,0.0,121.99782562,41.386669159,0.0,80000.0
4250,1937.3911967999998,14.282486916,0.9213822484,0.8993275166,0.9888201356,2.3194742203,65.371032715,0.3908599019,0.0,122.84087372,41.27885437,0.0,80000.0
4251,1937.5431967999998,14.333788872000001,0.9751354456,0.9537929296,0.9889687895999999,2.3291585445,66.989608765,0.40819028020000003,0.0,122.36923981,40.96099472,0.0,80000.0
4252,1937.6951967999998,14.53061676,0.9993079901,0.9963672756999999,0.9851105809,2.3642690182,68.64364624,0.4161253572,0.0,120.29895020000001,40.601448059,0.0,80000.0
4253,1937.8471968,14.712325095999999,0.9652392268000001,0.9883120059999999,0.9758782983,2.3840966225,69.574775696,0.4096335471,0.0,117.91098785,40.402740479,0.0,80000.0
4254,1937.9991968,14.787937164,0.9108842015,0.9309838414,0.9595441818000001,2.3866729736,70.413993835,0.4022880495,0.0,118.85097504,40.280006409,0.0,80000.0
4255,1938.1511967999998,14.775929451,0.9025400281,0.8957641125,0.9424845576,2.3772637844,71.555603027,0.3939810395,0.0,123.23613739,40.020812988,0.0,80000.0
4256,1938.3031967999998,14.719635963,0.9100000262000001,0.9095023870000001,0.9265847206000001,2.3660707474000002,73.527206421,0.3915226758,0.0,127.49015045,39.88904953,0.0,80000.0
4257,1938.4551967999998,14.666169167,0.8967440724,0.9054783583,0.9108291864,2.3281877041,74.416030884,0.3996902704,0.0,129.85153198,39.970127106,0.0,80000.0
4258,1938.6071967999999,14.619720459000002,0.8658072351999999,0.8805193305,0.8946483731,2.2881631850999997,72.59915161100001,0.4038603604,0.0,130.97581482,40.069583893,0.0,65000.0
4259,1938.7591968,14.580387115,0.8259164095,0.8424595594,0.8785135745999999,2.2842812538,70.007957458,0.40422394869999995,0.0,131.82598877,40.066165924,0.0,65000.0
4260,1938.9111967999997,14.543840408,0.7923541665,0.8040660023999999,0.8644436598,2.2880206108000003,68.37827301,0.40887376670000003,0.0,132.13337708,40.097885131999995,0.0,65000.0
4261,1939.0631967999998,14.510634422,0.7821838259999999,0.7814825177,0.85750103,2.2827136517,69.465515137,0.4117731452,0.0,132.24377441,40.182762146,0.0,65000.0
4262,1939.2151967999998,14.484871864,0.7894810438,0.7852153181999999,0.8529633879999999,2.2699904442,71.79775238,0.4074912667,0.0,132.65664673,40.237388611,0.0,65000.0
4263,1939.3671967999999,14.48076725,0.7998660206999999,0.7961224318000001,0.8493350744,2.2591609955000003,74.230812073,0.40107268100000004,0.0,132.80731201,40.050037384,0.0,65000.0
4264,1939.5191968,14.515841484000001,0.8098387718000001,0.8059172034000001,0.8482545018000001,2.2538690566999997,74.890922546,0.39384609460000003,0.0,131.95588684,39.930938721,0.0,65000.0
4265,1939.6711968,14.575209617999999,0.8256257176,0.8176851869,0.8585335612,2.2598865031999997,74.256690979,0.3829264641,0.0,130.41917419,40.031124115,0.0,65000.0
4266,1939.8231967999998,14.630394935999998,0.8484641314,0.8388383389,0.8919247389,2.2818138599,74.623062134,0.36848279829999997,0.0,128.52984619,40.065544128,0.0,80000.0
4267,1939.9751967999998,14.696566582,0.8785830736,0.8652612567,0.9253456593000001,2.3145411015,74.351837158,0.3569584191,0.0,126.38680267,40.141460419,0.0,80000.0
4268,1940.1271967999999,14.792255402,0.9170767665,0.9004479647,0.9606921673000001,2.3386693001,71.876853943,0.3534326851,0.0,124.31092072,40.327945709,0.0,80000.0
4269,1940.2791968,14.883560180999998,0.9578263164,0.9414442778000001,1.0132992268,2.3517975807,70.073959351,0.3561827242,0.0,121.96774292,40.531986237,0.0,80000.0
4270,1940.4311968,14.954042435,1.0011464357,0.9828028083,1.0747481585,2.3504779338999997,71.439804077,0.3611104786,0.0,118.38300323,40.494380951,0.0,80000.0
4271,1940.5831967999998,14.989476204,1.0792661905,1.0397189856,1.1272089481,2.346350193,72.716918945,0.3678928018,0.0,113.46761322,40.348651886,0.0,80000.0
4272,1940.7351967999998,15.010299683,1.1752408743,1.1386551857,1.142331481,2.3466687202000003,72.005897522,0.360614121,0.0,110.24606323,40.306060791,0.0,80000.0
4273,1940.8871967999999,15.049500465,1.2065943479999999,1.2112190723,1.1380554438,2.3507204056,72.005226135,0.35560441020000005,0.0,112.14928436,40.267696381,0.0,80000.0
4274,1941.0391968,15.089359283,1.1297206879000001,1.178668499,1.1286745071,2.3552486897,73.726211548,0.36320701240000003,0.0,118.56904602,40.232749939,0.0,65000.0
4275,1941.1911968,14.990470885999999,1.0012856722,1.0538597106999998,1.1106908321,2.3419957161,76.518455505,0.3742927611,0.0,124.99129486,40.467903137,0.0,65000.0
4276,1941.3431967999998,14.662443160999999,0.9004606605,0.9326645136,1.0751801729000001,2.3060574531999998,77.818260193,0.38296273350000004,0.0,127.7455368,40.878116608,0.0,65000.0
4277,1941.4951967999998,14.349602699,0.8572038412,0.8645594716,1.0390866995,2.2863032818,79.006187439,0.3888402283,0.0,128.03659058,41.218929291,0.0,65000.0
4278,1941.6471967999998,14.143001556,0.8587543368,0.8525319695,1.000125289,2.2740490437,80.02232360800001,0.38691776990000004,0.0,128.16152954,41.33430481,0.0,65000.0
4279,1941.7991968,14.078069687000001,0.8730778694,0.8682710528,0.9601203203,2.2786998749,80.139312744,0.3779450357,0.0,128.38542175,41.015830994,0.0,65000.0
4280,1941.9511968,14.096244812,0.8627450466,0.8735902309,0.9201524258,2.2986881733,78.483589172,0.3807130754,0.0,128.22340393,40.574443816999995,0.0,65000.0
4281,1942.1031967999998,14.183334351,0.8371388912000001,0.8460600972,0.8823405504,2.3036718369,76.720733643,0.39000597600000003,0.0,128.13748169,40.424705505,0.0,65000.0
4282,1942.2551967999998,14.399939537,0.8173426986,0.8241554498999999,0.8602717518999999,2.2956750393000003,75.68401336699999,0.3975673914,0.0,128.74771118,40.545131683,0.0,65000.0
4283,1942.4071967999998,14.583881378,0.8015263677,0.8068026304000001,0.8569948076999999,2.2829546928,72.48363494899999,0.39402627939999996,0.0,130.55026245,40.747699738,0.0,65000.0
4284,1942.5591967999999,14.396155357,0.7870319486,0.7925836444,0.8649389744,2.2666144371,69.586166382,0.39429131149999996,0.0,132.98986816,40.768817901999995,0.0,65000.0
4285,1942.7111968,14.18751049,0.7815868257999999,0.7803618908,0.8913823962,2.2641570568000002,67.967437744,0.4035898149,0.0,135.03338623,40.722396851,0.0,65000.0
4286,1942.8631967999997,14.131642342000001,0.8072082996,0.7892557979000001,0.9198257923000001,2.2681159973,66.420707703,0.40363323689999997,0.0,135.762146,40.766471863,0.0,65000.0
4287,1943.0151967999998,14.227797508,0.8776977658,0.8406381607,0.9465763569,2.2600722313,65.79708862300001,0.398937434,0.0,134.42346191,40.792999268,0.0,80000.0
4288,1943.1671967999998,14.402711867999999,0.9740957618000001,0.934106946,0.9702007173999999,2.264870882,65.52849578899999,0.3927761614,0.0,131.28652954,40.784664154,0.0,80000.0
4289,1943.3191967999999,14.529007912,1.0567272902,1.0287489891,0.9892650843,2.2969486713,65.795883179,0.3869822025,0.0,126.03923798,40.771297455,0.0,80000.0
4290,1943.4711968,14.604996681,1.0786870718000001,1.0852704048000001,1.0014036894,2.3489890099,65.38911438,0.38281169530000003,0.0,118.91929626,40.964008331,0.0,80000.0
4291,1943.6231968,14.623663902,1.0218036175,1.0572761297,1.0027022362,2.4025361538,64.42400360100001,0.3804314733,0.0,113.97044373,41.428050995,0.0,80000.0
4292,1943.7751967999998,14.872851372000001,0.9366832972,0.9687075615,0.9852984548,2.4189348221,64.978858948,0.37915501,0.0,114.45139313,41.753242493,0.0,80000.0
4293,1943.9271967999998,15.067154884,0.8766770362999999,0.8945755363,0.9544650316,2.4059166908000003,66.234558105,0.3801673353,0.0,119.61623383,41.585063934000004,0.0,80000.0
4294,1944.0791967999999,15.149862289000001,0.8393340706999999,0.8525628448,0.9089615941,2.3787913322,68.955764771,0.385843128,0.0,125.53216553,41.108951569,0.0,65000.0
4295,1944.2311968,15.122834205999999,0.8124501109000001,0.8210791945,0.8700763583,2.3429310322,72.099769592,0.39455571770000003,0.0,129.13905334,40.949935913000004,0.0,65000.0
4296,1944.3831968,15.066259384,0.7950039506000001,0.8010973929999999,0.8530256152,2.3197879791,72.067359924,0.4002204239,0.0,130.92825317,41.192417145,0.0,65000.0
4297,1944.5351967999998,14.754552840999999,0.7884970306999999,0.7885165811,0.8432028294,2.3057405949,71.99074554399999,0.3994514346,0.0,131.97749329,41.337539673,0.0,65000.0
4298,1944.6871967999998,14.55385685,0.7964220643000001,0.7909465431999999,0.8427331448000001,2.3017408848,71.94473266600001,0.3995273113,0.0,132.62852478,41.305763245,0.0,65000.0
4299,1944.8391967999999,14.382667542,0.81285882,0.8055897355,0.8478366733,2.2944815159,72.213241577,0.40551832320000003,0.0,132.98858643,41.279998779,0.0,65000.0
4300,1944.9911968,14.223573685,0.8332583308,0.8243169187999999,0.8581573367,2.2856664658000003,72.57951355,0.41401359439999996,0.0,133.16673279,41.270698546999995,0.0,65000.0
4301,1945.1431968,14.101960182000001,0.857657969,0.8472842573999999,0.8701680898999999,2.2879414558,71.550338745,0.40783560280000003,0.0,132.87249756,41.145618439,0.0,65000.0
4302,1945.2951967999998,14.059102057999999,0.8850411176999999,0.8738141656,0.8841205834999999,2.2823231219999998,69.140068054,0.40569904450000005,0.0,131.92587279999998,40.883106231999996,0.0,65000.0
4303,1945.4471967999998,14.114191055,0.91396451,0.9025983809999999,0.9030288458,2.2741653919,67.823654175,0.401421845,0.0,130.04940796,40.639583588,0.0,65000.0
4304,1945.5991967999998,14.260622025,0.9294788837000001,0.9286704063,0.9164648651999999,2.2800912856999997,67.474945068,0.40356656909999994,0.0,127.58484650000001,40.615619659000004,0.0,65000.0
4305,1945.7511968,14.506458282,0.92333287,0.9284752607,0.9244366288,2.3014276028,66.973922729,0.41330590840000003,0.0,125.79740143,40.788532257,0.0,65000.0
4306,1945.9031968,14.657856940999999,0.9065290689,0.9145418406,0.9257938266,2.3038790226,67.34058380100001,0.42262178659999994,0.0,126.13753510000001,41.133720398,0.0,65000.0
4307,1946.0551967999997,14.676892280999999,0.8851689695999999,0.8944045901000001,0.9216105342,2.3005270958,69.689918518,0.4330848157,0.0,128.65167236,41.651462555,0.0,65000.0
4308,1946.2071967999998,14.553918839000001,0.8617624044,0.8717304468000001,0.9175431728,2.3091199398,71.307815552,0.4497363865,0.0,130.91767883,42.002727509,0.0,65000.0
4309,1946.3591967999998,14.370295525,0.8378254770999999,0.8471711278,0.9131179452,2.2941887379,71.61627960199999,0.4451526105,0.0,131.29939270000003,42.242786407,0.0,65000.0
4310,1946.5111967999999,14.162858009,0.8249999881,0.8253251909999999,0.9013950229000001,2.2739117146,72.826339722,0.43087515229999995,0.0,129.76321411,42.567447662,0.0,80000.0
4311,1946.6631968,14.10708046,0.8337525725,0.8268344402,0.9166266918000001,2.2722277641,74.20426940899999,0.41960781810000003,0.0,126.39458466,42.935016632,0.0,80000.0
4312,1946.8151967999997,14.230589867,0.8623216152,0.8469377159999999,0.9494435787000001,2.267231226,73.345352173,0.4120847285,0.0,123.11746216,43.081756592,0.0,80000.0
4313,1946.9671967999998,14.398302078,0.9190619588,0.8892524242000001,0.9951220751000001,2.2825562954,71.518013,0.41489759090000006,0.0,121.32798767,42.676994324,0.0,80000.0
4314,1947.1191967999998,14.638073920999998,0.9917857051000001,0.9645324945,1.0406968594,2.3146505356000002,69.024391174,0.4109807014,0.0,119.82243347,42.271949768,0.0,80000.0
4315,1947.2711967999999,14.980103493,1.0528519154,1.0310524702,1.0774025917,2.3478360175999997,66.733612061,0.4034197628,0.0,117.90411377,42.172592163000004,0.0,80000.0
4316,1947.4231968,15.094722747999999,1.0945278406,1.0833575726,1.0886938572,2.3782758713,67.387046814,0.4044829607,0.0,115.94910431,42.038257599,0.0,80000.0
4317,1947.5751968,14.988670349000001,1.0899875164,1.1067634820999999,1.08156991,2.3958280087,68.647422791,0.4180355072,0.0,114.64585876,41.899295807,0.0,80000.0
4318,1947.7271967999998,14.775427817999999,0.9995676279000001,1.0565361977,1.0603427887,2.3920333385,70.401351929,0.4117692411,0.0,116.77146149,41.748493195,0.0,80000.0
4319,1947.8791967999998,14.572764397,0.870862186,0.9134566784,1.0345803499,2.3894805908000003,72.991203308,0.399328649,0.0,122.72776794,41.596801758000005,0.0,80000.0
4320,1948.0311967999999,14.53719902,0.8058847785,0.812663734,0.9954736233,2.3628504275999997,74.909988403,0.39280429479999995,0.0,129.02070618,41.534851074,0.0,80000.0
4321,1948.1831968,14.604056358,0.8066818714,0.7991355658,0.9565889835,2.3257949352000002,75.9585495,0.3985412121,0.0,133.38215637,41.63734436,0.0,80000.0
4322,1948.3351968,14.627455711,0.8236094117,0.8179086447,0.9207545519,2.2841551304,76.43801116899999,0.4084374309,0.0,134.7857666,41.70500946,0.0,65000.0
4323,1948.4871967999998,14.583921432,0.8305711746,0.8305797576999999,0.8938118219,2.2515060902,76.77722168,0.4097503424,0.0,133.68286133,41.532657623,0.0,65000.0
4324,1948.6391967999998,14.521136284,0.8227549195,0.8294600248,0.8702004552,2.2454941272999998,77.737548828,0.4149397612,0.0,133.06977844,41.36775589,0.0,65000.0
4325,1948.7911967999999,14.396253585999998,0.8041072488,0.8124184608,0.8509443998,2.2641921043,78.069671631,0.4203699529,0.0,134.11184692,41.36138916,0.0,65000.0
4326,1948.9431968,13.999655724,0.7848394513,0.7921462655,0.8319395184999999,2.2678539753,77.377960205,0.42774346469999996,0.0,135.81913757,41.40096283,0.0,65000.0
4327,1949.0951968,13.919516563,0.7745813726999999,0.7752872109000001,0.8242999911,2.2608103752,76.014205933,0.4443177283,0.0,137.01551819,41.489185333,0.0,65000.0
4328,1949.2471967999998,14.074819565,0.782733798,0.7749096751000001,0.8242999911,2.2559101582,76.552650452,0.45583832259999996,0.0,136.94816589,41.571617126,0.0,65000.0
4329,1949.3991967999998,14.000962257000001,0.8045060635,0.7952038645999999,0.824262321,2.250089407,78.077850342,0.4452324808,0.0,135.88208008,41.626773834,0.0,65000.0
4330,1949.5511967999998,14.181818962000001,0.8171788454000001,0.8182702065,0.821352303,2.2492940426,79.939781189,0.43248212340000003,0.0,135.15153503,41.65158844,0.0,65000.0
4331,1949.7031968,14.313323975,0.8066160679000001,0.8151288032999999,0.816563189,2.2487082481,80.274093628,0.430683881,0.0,135.30912781,41.650184631,0.0,65000.0
4332,1949.8551968,14.329208374,0.7881367803,0.7929435372,0.8117778301,2.2498648166999997,79.97029113800001,0.4285796583,0.0,135.43792725,41.639678955,0.0,65000.0
4333,1950.0071967999997,14.287818909,0.7773758173,0.7807796001,0.8069933653,2.2638139725,78.780769348,0.42421609159999996,0.0,135.48625183,41.613517761,0.0,65000.0
4334,1950.1591967999998,14.211752892,0.7712001204000001,0.7722058892,0.8042019009999999,2.2696959972,76.787574768,0.4309953153,0.0,136.22724915,41.583000183,0.0,65000.0
4335,1950.3111967999998,14.104616165,0.7751659155,0.7707043886,0.8152673243999999,2.2673070431,74.79119110100001,0.43967437740000004,0.0,137.623703,41.53956604,0.0,65000.0
4336,1950.4631967999999,13.920859337000001,0.7881302834,0.7834334373,0.8291277289,2.2653105259,74.333068848,0.44457450509999996,0.0,138.67588806,41.480480194,0.0,65000.0
4337,1950.6151968,13.884394645999999,0.8010969162,0.7961943746,0.8424894214,2.2631180286,74.599662781,0.4346825182,0.0,138.70672607,41.449001312,0.0,65000.0
4338,1950.7671967999997,13.549456595999999,0.814450562,0.808965385,0.8557601571,2.2631990909999997,74.11101532,0.4243093729,0.0,137.59115601,41.389823914000004,0.0,65000.0
4339,1950.9191967999998,13.376233100999999,0.8326767087000001,0.8226141929999999,0.8720775843,2.2766153812,73.904960632,0.42331221700000005,0.0,135.93730164,41.187847137,0.0,65000.0
4340,1951.0711967999998,13.301071167,0.8591505884999999,0.8475026487999999,0.891688168,2.2784731388,70.201225281,0.4160171449,0.0,135.2099762,40.989624023000005,0.0,65000.0
4341,1951.2231967999999,13.28498745,0.8876890540000001,0.8761564493,0.9113281965000001,2.2814435959,67.248550415,0.4007906318,0.0,134.96209717,40.934494019,0.0,80000.0
4342,1951.3751968,13.358016014,0.9095503092,0.9048910737,0.9318643808,2.2830660343,66.44221496600001,0.40157675740000004,0.0,134.37306213,40.895450591999996,0.0,80000.0
4343,1951.5271968,13.53758812,0.9233994484,0.9171122313,0.9553292990000001,2.2816362381,64.914459229,0.39916047450000003,0.0,133.4090271,40.918182373,0.0,80000.0
4344,1951.6791967999998,13.841266632,0.9407299161,0.933755517,0.9775126576000001,2.305257082,64.645004272,0.39101961259999996,0.0,130.75985718,40.982673645,0.0,80000.0
4345,1951.8311967999998,14.060679436,0.9635049105,0.9519602656,0.9969278573999999,2.3134698868,63.872772217,0.38837373259999997,0.0,126.19610596,40.90430069,0.0,80000.0
4346,1951.9831967999999,14.124032021,0.9940571785,0.9823213815999999,1.0162835121,2.3020813465,64.308731079,0.3972077072,0.0,122.31620026,40.833797455,0.0,80000.0
4347,1952.1351968,14.00032711,1.0111709833,1.0116767883,1.0388100147,2.3087458611000002,65.336296082,0.4025190473,0.0,120.86764526,40.938796997,0.0,80000.0
4348,1952.2871968,13.9367733,0.9898368120000001,1.0068262815,1.0605915785,2.3303766251,65.399467468,0.3939374685,0.0,120.47565459999998,41.121669769,0.0,80000.0
4349,1952.4391967999998,14.017789840999999,0.9421381354,0.9592396020999999,1.0660111904,2.3578102589,64.576255798,0.3827445507,0.0,120.68367767,41.213428496999995,0.0,80000.0
4350,1952.5911967999998,14.341816902,0.9179374576,0.9168878198,1.0691686868999999,2.3644542694,64.546524048,0.3730109334,0.0,119.37649536,41.267295837,0.0,80000.0
4351,1952.7431967999999,14.779503822,0.9285518527,0.924462378,1.0564984083,2.3390967846,64.127494812,0.3716446459,0.0,117.59081268,41.366333008000005,0.0,80000.0
4352,1952.8951968,14.754808425999999,0.9378234148000001,0.9344232081999999,1.0396152735,2.3288528919,64.720153809,0.3717904687,0.0,116.78244019,41.226062775,0.0,80000.0
4353,1953.0471968,14.708231926,0.9437007904000001,0.9423102736,1.0144792795,2.3397054672,67.23512268100001,0.3763601482,0.0,117.21435547,41.010166168000005,0.0,80000.0
4354,1953.1991967999998,14.473502159,0.94395715,0.9445940256,1.0045821667000001,2.3384058475,68.373802185,0.3867330551,0.0,119.00385284,40.934925079,0.0,80000.0
4355,1953.3511967999998,14.051910399999999,0.9375139475,0.9423382281999999,1.0184596777,2.3271522522,68.306442261,0.39457431439999996,0.0,122.18729401,40.888923645,0.0,80000.0
4356,1953.5031967999998,13.887309074000001,0.9238655567,0.9297695159999999,1.0100712776,2.3091726303,68.792648315,0.3926457465,0.0,125.38370514,40.90536499,0.0,80000.0
4357,1953.6551967999999,13.961643219,0.9092432261,0.9153786898,0.9887392520999999,2.2871513367,69.207511902,0.3851726651,0.0,127.60632324,41.020751953,0.0,80000.0
4358,1953.8071968,13.71819973,0.896967113,0.9009222388,0.9822497964,2.283178091,68.436088562,0.3763661087,0.0,128.83937073,41.024200439,0.0,80000.0
4359,1953.9591967999997,13.591359138,0.8903310895000001,0.8917800187999999,0.9848890305,2.2790768147,67.134147644,0.37094274159999996,0.0,128.18840027,40.781337738000005,0.0,80000.0
4360,1954.1111967999998,13.551199913,0.8953017592,0.8895240426000001,0.975230515,2.2805690765,65.563720703,0.3733932674,0.0,126.24111176,40.595623016,0.0,80000.0
4361,1954.2631967999998,13.504776001,0.9103040695,0.9065822959000001,0.9709706903,2.2924025059,63.33203125,0.3794512749,0.0,123.97024536,40.605758666999996,0.0,80000.0
4362,1954.4151967999999,13.490105629,0.9074938297,0.9143804312,0.9770878553,2.3095011711,62.203807831000006,0.3886948526,0.0,122.96932983,40.630161285,0.0,80000.0
4363,1954.5671968,13.489108086,0.8845517039,0.8937528133,0.9854494333,2.3211426735,63.213680267,0.3970647156,0.0,123.79145813,40.756660460999996,0.0,80000.0
4364,1954.7191967999997,13.489100456,0.867394805,0.8710887432,0.9923641682,2.3231053352,63.438755035,0.3978842199,0.0,125.54003143,40.871582030999996,0.0,80000.0
4365,1954.8711967999998,13.489100456,0.8767514229000001,0.8652598858,0.9991438389,2.3115386963,62.746582031,0.3872487545,0.0,126.65249634,40.907897949,0.0,80000.0
4366,1955.0231967999998,13.457593917999999,0.9084278345,0.9011691809000001,1.0028140545,2.2953877449,64.45357513399999,0.3797971904,0.0,125.97644043,41.00548172,0.0,80000.0
4367,1955.1751967999999,13.40503788,0.91267097,0.9163677095999999,0.9869416952,2.3080587387000002,66.338012695,0.38668578859999997,0.0,125.05470276,41.273857117,0.0,80000.0
4368,1955.3271968,13.375896454000001,0.8985123037999999,0.9022023081999999,0.9969642758,2.3179593086000003,68.226654053,0.38648945090000003,0.0,125.25284576,41.350799561,0.0,80000.0
4369,1955.4791968,13.381577492,0.9037855268,0.8946191072,1.0184299946,2.3283293247,69.047470093,0.38168051840000006,0.0,127.05194855,41.442359924,0.0,80000.0
4370,1955.6311967999998,13.418429375,0.9420601726000001,0.9245977998,1.0311820507,2.3252263069,67.871055603,0.3837347329,0.0,127.26301575,41.694824219000004,0.0,80000.0
4371,1955.7831967999998,13.447282791,0.9818739295000001,0.9694853425,1.0402400494,2.3058521748,68.06690979,0.3827368021,0.0,123.99807739,41.905986786,0.0,80000.0
4372,1955.9351967999999,13.464038849000001,0.9984982609999999,0.9969485998000001,1.0436198711,2.295340538,68.39216613800001,0.3787302375,0.0,120.73381042,42.148788452,0.0,80000.0
4373,1956.0871968,13.468560219,0.9771482348,0.9954636097,1.038069725,2.3092896938,67.869621277,0.3775824308,0.0,118.44760132,42.184650421,0.0,80000.0
4374,1956.2391968,13.468900681,0.9158226251999999,0.9411432147,1.0281852484,2.3271033763999998,67.536888123,0.3809890449,0.0,118.0655365,41.770080566,0.0,80000.0
4375,1956.3911967999998,13.468810080999999,0.8603569269,0.8768420218999999,1.0324499607,2.3457632065,67.27987670899999,0.3876416087,0.0,121.83489990000001,41.453926085999996,0.0,80000.0
4376,1956.5431967999998,13.468799591,0.8462712765000001,0.8420532942,1.0341671705,2.3522465229,66.382217407,0.3980046213,0.0,126.49212646,41.13325882,0.0,80000.0
4377,1956.6951967999998,13.468799591,0.8781808615000001,0.8654779792,1.0288002491,2.3201560974,66.714241028,0.40886896850000004,0.0,127.95412445,41.010570526,0.0,80000.0
4378,1956.8471968,13.468711853,0.9064039587999999,0.8974562883,1.013158679,2.2862942219,66.622123718,0.4085086286,0.0,127.22672272,41.059017181,0.0,80000.0
4379,1956.9991968,13.492595673,0.9242238401999999,0.9180413485,0.9976211190000001,2.2727890015,65.9425354,0.39216402170000003,0.0,127.04333496,41.02281189,0.0,80000.0
4380,1957.1511967999998,13.584117889000002,0.934720695,0.9330424070000001,0.98938483,2.2834515572,66.083274841,0.3714576066,0.0,126.33998871,41.204441071,0.0,80000.0
4381,1957.3031967999998,13.70261097,0.9268018603,0.933572948,0.9803491831000001,2.2825584412,66.597640991,0.3695135117,0.0,125.51940918,41.366607666,0.0,80000.0
4382,1957.4551967999998,13.754198074000001,0.8978613615000001,0.9113883972,0.9677574634999999,2.2877030373,67.50440979,0.3864580989,0.0,126.67542267,41.463851929,0.0,80000.0
4383,1957.6071967999999,13.733976364,0.8598667382999999,0.8761427999,0.9405761957,2.3010442257,68.580474854,0.41006818409999996,0.0,127.56750488,41.517299652,0.0,80000.0
4384,1957.7591968,13.542849540999999,0.8189831972,0.8354578614,0.9147485495000001,2.3079354763,69.87844848600001,0.4220553041,0.0,128.2935791,41.678905487,0.0,80000.0
4385,1957.9111967999997,13.513447762,0.7788831592000001,0.7942422628,0.8932181001,2.2898254395,70.485099792,0.42539134619999996,0.0,130.73484802,41.912117004,0.0,80000.0
4386,1958.0631967999998,13.559289932,0.7507365942,0.7568605542,0.8683971167,2.2831897736,70.292434692,0.4309634268,0.0,133.96832275,42.022975922,0.0,80000.0
4387,1958.2151967999998,13.405085564,0.7570449114,0.7500790358,0.8546601534,2.2726182938,69.761665344,0.44023281340000003,0.0,135.73564148,42.014408112,0.0,80000.0
4388,1958.3671967999999,13.245550155999998,0.7850003242,0.7729537487,0.84545362,2.2487895489,69.273597717,0.4422002733,0.0,135.94145203,42.302581787,0.0,80000.0
4389,1958.5191968,13.20817852,0.8113229871,0.8028828501999999,0.8386413455,2.2427055836000003,71.17388916,0.4281040728,0.0,135.70390319999998,42.487857819,0.0,80000.0
4390,1958.6711968,13.208670616,0.8230220675,0.8191555737999999,0.8405998945,2.2554349899,72.009399414,0.4073621929,0.0,134.72906494,42.318832397,0.0,80000.0
4391,1958.8231967999998,13.209199905,0.8327545524,0.827659905,0.8517248034,2.2595701218,70.723197937,0.39417019490000005,0.0,133.51597595,42.038711548,0.0,80000.0
4392,1958.9751967999998,13.19674015,0.850433588,0.8419378996,0.8641102909999999,2.2738006115,68.136680603,0.4015541375,0.0,132.39762878,41.973457335999996,0.0,80000.0
4393,1959.1271967999999,13.140018462999999,0.8655865788,0.8652478456,0.8729262948000001,2.2818748951,66.453681946,0.4122380018,0.0,132.65362549,42.085990906,0.0,80000.0
4394,1959.2791968,13.102625847,0.8442323804,0.8549494743000001,0.880011797,2.2694234848,66.158279419,0.4110361934,0.0,133.94190979,42.188331604,0.0,80000.0
4395,1959.4311968,13.121421814000001,0.8195202351,0.8257761001999999,0.8779104352,2.2455801963999997,67.428276062,0.40613529090000006,0.0,134.94711304,42.266395569000004,0.0,80000.0
4396,1959.5831967999998,13.155545235,0.8234608769,0.8182727695,0.8682606815999999,2.2384867668,69.063484192,0.4043793082,0.0,135.49497986,42.256671906,0.0,80000.0
4397,1959.7351967999998,13.116428375,0.8442838788,0.8371500373,0.8622463345999999,2.2360649109,69.947647095,0.40636852380000005,0.0,135.45793152,42.033744811999995,0.0,80000.0
4398,1959.8871967999999,13.079556465,0.8505897522,0.8519779444,0.8522516489,2.2227258682,70.652114868,0.4117068052,0.0,134.26344299,41.598098755,0.0,80000.0
4399,1960.0391968,13.074065208,0.8288933635,0.8390340209,0.8410351872,2.2055969238,70.31145477300001,0.42231342200000005,0.0,133.06263733,41.272594452,0.0,80000.0
4400,1960.1911968,13.080710410999998,0.7972884774,0.8106136918000001,0.8265394568000001,2.1829328537,71.011734009,0.4281012118,0.0,133.15533447,41.218032836999996,0.0,80000.0
4401,1960.3431967999998,13.089346886,0.7638341784,0.7771385312000001,0.8072665929999999,2.1609315872,72.843452454,0.4230536222,0.0,135.07060242,41.472614288,0.0,80000.0
4402,1960.4951967999998,13.098454475,0.7347915173,0.7445805073,0.7920413017,2.1459338665,73.763465881,0.40020677450000003,0.0,138.05715942,41.782566071,0.0,65000.0
4403,1960.6471967999998,13.095846175999998,0.7173765898000001,0.7232556343000001,0.7802551984999999,2.1472632885,74.1301651,0.3958272636,0.0,141.22843933,41.858081818,0.0,65000.0
4404,1960.7991968,13.034129143,0.7084323764,0.7105007768000001,0.7694717645999999,2.1708586216,73.400978088,0.4082989693,0.0,143.78996277,41.791130066,0.0,65000.0
4405,1960.9511968,12.829806328,0.7125596404000001,0.7097015381,0.7611549497,2.2004041672,70.55241394,0.4187465906,0.0,144.63545227,42.065666199,0.0,65000.0
4406,1961.1031967999998,12.728631972999999,0.7247436643,0.7195646167,0.7663465737999999,2.2182395458,67.20651245100001,0.4228506386,0.0,144.44789124,42.474803925,0.0,65000.0
4407,1961.2551967999998,12.772901535,0.7379207611,0.7323867679,0.7767088413,2.2265954018,66.891929626,0.4263901711,0.0,144.82781982,42.571243286,0.0,65000.0
4408,1961.4071967999998,12.814702987999999,0.7524974942,0.7460124493000001,0.7887045740999999,2.2267727852,68.381149292,0.43611881140000003,0.0,145.40000916,42.535190582,0.0,65000.0
4409,1961.5591967999999,12.820375443,0.769456327,0.7621876597,0.8012157083,2.2277846336000002,70.244796753,0.4460875392,0.0,145.66227722,42.430057526,0.0,65000.0
4410,1961.7111968,12.814740181,0.7856054306,0.7792589664,0.8137792348999999,2.2284197807,72.013931274,0.4401606023,0.0,144.79911804,42.322746277,0.0,65000.0
4411,1961.8631967999997,12.810848235999998,0.7963960171,0.7933070659999999,0.8263487815999999,2.2332849503,73.02165985100001,0.4379607439,0.0,143.5650177,42.165966034,0.0,65000.0
4412,1962.0151967999998,12.809803009000001,0.794878304,0.7975097895000001,0.8389918208,2.2423665524,72.879394531,0.4437007904,0.0,141.83277893,41.832862854,0.0,65000.0
4413,1962.1671967999998,12.809620857,0.7783387898999999,0.7853038907,0.8515818118999999,2.2421023846,72.635490417,0.44440779090000004,0.0,140.83018494,41.352607727,0.0,65000.0
4414,1962.3191967999999,12.813388824,0.7645183802,0.7669239640000001,0.8637507557999999,2.2366063595,72.368492126,0.44301602240000004,0.0,140.73306274,41.16493988,0.0,65000.0
4415,1962.4711968,12.824315071,0.7753099203,0.7691164613,0.8707066178,2.2349853516,72.422721863,0.4325490594,0.0,140.81530762,41.11769104,0.0,65000.0
4416,1962.6231968,12.83632946,0.8006412387,0.7893810272,0.875192821,2.2408585548,72.759361267,0.4180398285,0.0,140.46427917,41.088485718,0.0,65000.0
4417,1962.7751967999998,12.851483345,0.8360084890999999,0.8221679926000001,0.8793045281999999,2.2463297844,72.717063904,0.4158942103,0.0,139.93118286,41.04127121,0.0,65000.0
4418,1962.9271967999998,12.885704994000001,0.8653290868000001,0.8554618359,0.8825379609999999,2.2590119839,72.306999207,0.4265650213,0.0,136.61756897,40.989086151,0.0,80000.0
4419,1963.0791967999999,12.967075348,0.8737020493000001,0.8724831939,0.8812589048999999,2.2850499153,72.601699829,0.43291637299999997,0.0,131.53942871,40.803535460999996,0.0,80000.0
4420,1963.2311968,12.939702034000002,0.8577845097,0.8657796382999999,0.8783006072,2.3206253052,73.336303711,0.42507630590000006,0.0,127.38626862,41.003166199,0.0,80000.0
4421,1963.3831968,12.981121063,0.8292249440999999,0.8400201201,0.8708910942,2.3574006557,73.698158264,0.4157140255,0.0,125.47249603,41.063995360999996,0.0,80000.0
4422,1963.5351967999998,13.228516579,0.8089695573000001,0.8160580397,0.8566777109999999,2.3877844809999997,73.628135681,0.4104714692,0.0,128.32743835,40.928672791,0.0,80000.0
4423,1963.6871967999998,13.395949364000002,0.7971709371,0.8019398451,0.8391385673999999,2.3590188026,73.984764099,0.4041392207,0.0,133.20716858,41.148040771,0.0,80000.0
4424,1963.8391967999999,13.490406036,0.7858694195999999,0.7903447747,0.8190979958,2.2988855838999998,73.828018188,0.4074620008,0.0,136.06347656,41.438667296999995,0.0,80000.0
4425,1963.9911968,13.758937836,0.7719416618000001,0.7776372433,0.8013472557,2.2744739056,72.205703735,0.4205598533,0.0,135.92602539,41.56539917,0.0,80000.0
4426,1964.1431968,13.963064194000001,0.7533041239,0.7602369189,0.7874372601999999,2.2686412334,70.269340515,0.4301176667,0.0,135.09718323,41.696022034,0.0,80000.0
4427,1964.2951967999998,14.091245651,0.7385330795999999,0.7428375482999999,0.7797603010999999,2.2523407936,70.844085693,0.42549315090000006,0.0,134.6559906,41.655731201,0.0,80000.0
4428,1964.4471967999998,14.281354904,0.7373794317,0.7365894914,0.7776969670999999,2.2340586184999998,73.047660828,0.4245306253,0.0,134.88685608,41.662830353000004,0.0,80000.0
4429,1964.5991967999998,14.283337592999999,0.7484577298,0.7426616548999999,0.7835103869,2.2309772968,73.850784302,0.4259518087,0.0,135.22677612,41.826759338,0.0,80000.0
4430,1964.7511968,13.979172707,0.7722908854,0.7624884248,0.796726644,2.2345435619,73.714111328,0.4223332703,0.0,134.58566284,41.992351532,0.0,80000.0
4431,1964.9031968,14.157645226,0.7994653583,0.7896605134,0.8107945919,2.2420899868,72.81577301,0.41831445689999996,0.0,132.54760742,42.057453156,0.0,80000.0
4432,1965.0551967999997,14.612016678,0.8155691624,0.8094589114,0.8245552181999999,2.2613918781,71.863975525,0.4138329625,0.0,129.33769226,41.990802765,0.0,80000.0
4433,1965.2071967999998,14.56056881,0.8252794147,0.8221695423000001,0.8380249739,2.2785582542,70.986343384,0.4142294824,0.0,126.89424133,42.235054016,0.0,80000.0
4434,1965.3591967999998,14.292235374,0.826587677,0.8262067437,0.8469598889,2.2932722569,68.685539246,0.42682650689999996,0.0,126.42156219,42.390331268000004,0.0,80000.0
4435,1965.5111967999999,14.155706405999998,0.8234596251999999,0.8243939281,0.8532385826000001,2.3109982014,68.401748657,0.43418848509999997,0.0,127.24931335,42.466300964,0.0,80000.0
4436,1965.6631968,14.077109337000001,0.8193392754000001,0.8210362196,0.8585358262,2.3315291405000003,70.426216125,0.43390822409999996,0.0,127.72769165,42.396255493000005,0.0,80000.0
4437,1965.8151967999997,14.027498245,0.8144809008,0.8166688084999999,0.8618711232999999,2.3234751225,73.00240325899999,0.4313558638,0.0,128.43852234,42.226905823,0.0,80000.0
4438,1965.9671967999998,14.030879974000001,0.8103658557,0.8119094372,0.8644907475,2.3026196957,74.14801788300001,0.42892742159999997,0.0,128.80891418,42.0013237,0.0,80000.0
4439,1966.1191967999998,14.076566695999999,0.8052532077,0.8071213365000001,0.8678089976000001,2.2851042747,74.71633911100001,0.4234443307,0.0,128.67315674,41.985584259,0.0,80000.0
4440,1966.2711967999999,14.112706184,0.8004860281999999,0.8018986583,0.8724846244,2.2733306884999998,75.207382202,0.4219612479,0.0,128.09486389,42.049720764,0.0,80000.0
4441,1966.4231968,14.083062172,0.8041191697,0.8029187322,0.8715251684,2.2712197304,75.068611145,0.41562324759999997,0.0,126.90708159999998,41.998950958,0.0,80000.0
4442,1966.5751968,14.127780914,0.8044190406999999,0.8049757481,0.8659384847,2.2680575847999997,73.954856873,0.4106616676,0.0,126.78456116,41.781337738000005,0.0,80000.0
4443,1966.7271967999998,14.316209792999999,0.7977230549,0.8015426397,0.8545280099,2.2646999359,72.745780945,0.41320022939999995,0.0,128.65794373,41.625823975,0.0,80000.0
4444,1966.8791967999998,14.563364029,0.7766734958,0.7859054804000001,0.8425137997,2.2720861435,72.48034668,0.4141728878,0.0,130.92951965,41.434276581,0.0,80000.0
4445,1967.0311967999999,14.620533943,0.7514110208,0.758787632,0.8411852717,2.2838373184,71.22328949,0.42279183859999997,0.0,133.41160583,41.200572968,0.0,65000.0
4446,1967.1831968,14.376859665,0.7662726045,0.7591848969,0.8366304040000001,2.2930936813,70.504928589,0.4337479174,0.0,136.49472046,41.031181335,0.0,65000.0
4447,1967.3351968,14.155039787,0.7950331569,0.7845335006999999,0.8259554505,2.2978925705,70.984764099,0.4427111447,0.0,139.35420227,40.941493988000005,0.0,65000.0
4448,1967.4871967999998,14.130727768,0.803091228,0.8007524014,0.8154579401000001,2.2746379375,71.83293914800001,0.4509499669,0.0,141.1633606,40.880554199,0.0,65000.0
4449,1967.6391967999998,14.124272346,0.7926480770000001,0.7973747253,0.8106841445,2.2432084084,72.703742981,0.4577300847,0.0,141.5395813,40.833747864,0.0,65000.0
4450,1967.7911967999999,14.086755753,0.7685127854000001,0.7782463431000001,0.8080210686,2.2349350452000003,73.52430725100001,0.45765149590000004,0.0,141.32144165,40.753986359,0.0,65000.0
4451,1967.9431968,14.073939323,0.7447219491,0.7531489729999999,0.8108733892000001,2.232666254,73.419937134,0.4459877908,0.0,140.74256897,40.629146576,0.0,65000.0
4452,1968.0951968,14.117506980999998,0.7436263560999999,0.7434045076000001,0.8231350183,2.233019352,72.06731414800001,0.435882479,0.0,139.68031311,40.611721039,0.0,65000.0
4453,1968.2471967999998,14.161367416,0.7620095015,0.7548522948999999,0.8384314775,2.2418911457,71.568435669,0.4366663396,0.0,139.53764343,40.629920959,0.0,65000.0
4454,1968.3991967999998,13.97496891,0.7845308185,0.7758928537,0.8536885381,2.2497816086,71.466827393,0.43892264369999995,0.0,140.10055542,40.757946014,0.0,65000.0
4455,1968.5511967999998,13.769721985,0.8023128509999999,0.7952942848000001,0.8705894351000001,2.2518365383,72.657234192,0.43472379450000004,0.0,139.32836914,40.922031403000005,0.0,65000.0
4456,1968.7031968,13.734524727,0.8188338876000001,0.8118834495999999,0.8900083899,2.2453699112,73.962692261,0.42627400159999995,0.0,137.11923218,41.092552185,0.0,80000.0
4457,1968.8551968,13.78725338,0.842916131,0.8325871229,0.9102573990999999,2.2430455685,73.958152771,0.4145576358,0.0,134.07255554,41.249229430999996,0.0,80000.0
4458,1969.0071967999997,13.831719397999999,0.8808281421999999,0.8653089404000001,0.9269911051,2.248259306,72.722160339,0.41040000320000003,0.0,131.1975708,41.244483948,0.0,80000.0
4459,1969.1591967999998,13.858734130999999,0.9174285531,0.9030507206999999,0.9400358795999999,2.2618288993999998,71.92339325,0.4139636457,0.0,129.02091979999997,41.147644043,0.0,80000.0
4460,1969.3111967999998,13.870819092,0.9360691309,0.9290258288,0.9516333938,2.2871201038,70.646484375,0.4211237133,0.0,126.20131683,41.104000092,0.0,80000.0
4461,1969.4631967999999,13.847250938,0.9359421729999999,0.9367006420999999,0.9523314834000001,2.3059720993,69.228210449,0.42853623630000004,0.0,123.70491028,41.103141785,0.0,80000.0
4462,1969.6151968,13.773285865999998,0.9183819294,0.9262393117000001,0.944622159,2.3085734844,69.24776458699999,0.4291728437,0.0,123.43527985,41.088317871,0.0,80000.0
4463,1969.7671967999997,13.705407143,0.8763069509999999,0.8934354781999999,0.9335588813,2.3045558929,69.422447205,0.4224103391,0.0,124.99494934,41.065250397,0.0,80000.0
4464,1969.9191967999998,13.674506187,0.8180680870999999,0.840093255,0.9110486507,2.3009572029,70.264633179,0.4219700098,0.0,128.01664734,41.312530518,0.0,80000.0
4465,1970.0711967999998,13.639809608,0.787843585,0.7986937165000001,0.8818722367,2.2863116264,72.627212524,0.4292080104,0.0,130.30033875,41.296619415,0.0,80000.0
4466,1970.2231967999999,13.57740593,0.8029048443000001,0.7969240545999999,0.8577966094,2.2629761696,74.359031677,0.4399540126,0.0,130.03186035,41.165790558000005,0.0,80000.0
4467,1970.3751968,13.526373863,0.8197639585,0.8132648468000001,0.8383185863,2.2486023903,74.232276917,0.44842958450000003,0.0,128.5478363,41.352832794,0.0,80000.0
4468,1970.5271968,13.508217812,0.8340479136,0.8284842968,0.8234943748000001,2.2467978001,73.263504028,0.44885337350000004,0.0,127.01633453,41.603210449,0.0,80000.0
4469,1970.6791967999998,13.505836487,0.8348631262999999,0.8345630169,0.8171909451,2.2509889603,73.061470032,0.44489255549999995,0.0,126.55656433,41.822761536,0.0,80000.0
4470,1970.8311967999998,13.505800247,0.8308498262999999,0.8332692981,0.8143336773000001,2.2610731125,73.849205017,0.435899049,0.0,127.31222534,41.742347717,0.0,80000.0
4471,1970.9831967999999,13.522204399000001,0.8040728569,0.8147063851,0.8172729015000001,2.2709186077,74.810798645,0.425776571,0.0,128.45849609,41.442680359,0.0,80000.0
4472,1971.1351968,13.553738594,0.7821864486,0.7901564837,0.8256910443000001,2.2758784294,75.562232971,0.42048525810000004,0.0,129.44258118,41.061183929,0.0,80000.0
4473,1971.2871968,13.580761909000001,0.7876999974,0.7849138379,0.8356819153,2.2946028709,75.666976929,0.41463389990000005,0.0,129.18368529999998,40.62461853,0.0,80000.0
4474,1971.4391967999998,13.600582122999999,0.8078312278,0.7996751665999999,0.8463622331999999,2.3057758808,74.71648407,0.4129759967,0.0,128.18952942,40.561748505,0.0,80000.0
4475,1971.5911967999998,13.616625785999998,0.8330594301,0.823143363,0.8573949337000001,2.2939856052,74.09674835199999,0.4118985236,0.0,127.53823090000002,40.648475647,0.0,80000.0
4476,1971.7431967999999,13.624171257,0.8349450827,0.8339435458,0.8659561276000001,2.2796077728,74.11248016399999,0.4082639813,0.0,127.26597595,40.766941071,0.0,80000.0
4477,1971.8951968,13.625337600999998,0.8329511881,0.8338627219,0.8712869287,2.2751500607,73.209373474,0.4027633667,0.0,127.61985016,40.945709229,0.0,80000.0
4478,1972.0471968,13.619637489,0.8309778570999999,0.8321798443999999,0.8735845685,2.2778625488,72.589225769,0.39112767579999996,0.0,128.03610229,41.097053528000004,0.0,80000.0
4479,1972.1991967999998,13.606782913,0.8299618363,0.8303847909000001,0.8739380240000001,2.2864151000999997,71.656806946,0.38438481090000004,0.0,128.30680847,41.233219147,0.0,80000.0
4480,1972.3511967999998,13.587364197000001,0.8279495834999999,0.8285893798,0.8714937568000001,2.2971401215,70.522766113,0.3892529011,0.0,128.42494202,41.295986176,0.0,80000.0
4481,1972.5031967999998,13.554002762,0.8249311447,0.8259328604,0.8645288944,2.3031671047,69.956695557,0.4009988904,0.0,128.98178101,41.295646667,0.0,80000.0
4482,1972.6551967999999,13.521815300000002,0.8197353481999999,0.8215788603,0.8553473353000001,2.3075211047999997,70.049552917,0.4114018977,0.0,130.19996643,41.344543457,0.0,80000.0
4483,1972.8071968,13.50459671,0.7967800498000001,0.8055223823000001,0.8369520306999999,2.319067955,70.936447144,0.41933161020000004,0.0,132.03564453,41.564929962,0.0,80000.0
4484,1972.9591967999997,13.477973938,0.7708946466,0.7810297608,0.8107556701,2.3248968124,72.954162598,0.4238773584,0.0,133.72723389,41.789390564,0.0,80000.0
4485,1973.1111967999998,13.506632805,0.7539591193,0.7606697679000001,0.7892072797,2.32361269,74.71334838899999,0.4249604046,0.0,134.24705505,41.529251099,0.0,80000.0
4486,1973.2631967999998,13.610671997,0.7409929037,0.7463227509999999,0.7726983428,2.3222985268,75.60659790000001,0.4230756164,0.0,133.65162659,40.974781035999996,0.0,80000.0
4487,1973.4151967999999,13.72353363,0.7330173254000001,0.7361503839,0.7575977445000001,2.3107624053999998,75.60277557399999,0.41766834259999996,0.0,132.73925781,40.728534698000004,0.0,80000.0
4488,1973.5671968,13.801262856,0.7290176748999999,0.7306734323999999,0.7547994852,2.2897098064,74.571029663,0.42044332619999997,0.0,132.09030151,40.597579956,0.0,80000.0
4489,1973.7191967999997,13.858556747,0.7359532118000001,0.7334543467,0.763487637,2.2721912861,73.6536026,0.4301347733,0.0,132.22109985,40.681430817,0.0,80000.0
4490,1973.8711967999998,13.902525902,0.7558053136,0.7478196025,0.7750298977,2.2627191544,74.131324768,0.4401074946,0.0,132.36688232,40.972145081,0.0,80000.0
4491,1974.0231967999998,13.885773659000002,0.7856401205,0.7738566399,0.7876049279999999,2.2574534416,75.518127441,0.44149443509999997,0.0,131.85685729999997,41.201251984,0.0,80000.0
4492,1974.1751967999999,13.866744040999999,0.8175186515,0.8046485781999999,0.8007277845999999,2.255541563,75.612678528,0.43216493729999994,0.0,130.65530396,41.424633026,0.0,80000.0
4493,1974.3271968,13.89372921,0.8317576647,0.8256015778,0.8129028081999999,2.2621445656,74.43275451699999,0.4194978178,0.0,129.02896118,41.633384705,0.0,80000.0
4494,1974.4791968,13.931240082,0.8212152123,0.8251876235,0.8185709119,2.2778732777,73.728179932,0.4156515002,0.0,127.37627411,41.570331573000004,0.0,80000.0
4495,1974.6311967999998,13.958849907000001,0.8053491712,0.811627388,0.8191999793000001,2.2953927516999997,73.418449402,0.42479023340000005,0.0,126.09133148,41.316631316999995,0.0,80000.0
4496,1974.7831967999998,13.978034019,0.7864723802,0.7940697073999999,0.8184521198,2.3032054901,72.870887756,0.43409416079999996,0.0,125.94438934,41.141326904,0.0,80000.0
4497,1974.9351967999999,13.993645668,0.7675156593000001,0.7751212716,0.8133195043000001,2.3049452305,72.195075989,0.4332791269,0.0,127.45398712,40.945343018,0.0,80000.0
4498,1975.0871968,14.00220871,0.7728236318,0.7706477642,0.8110399246,2.3074529171,71.27849578899999,0.425670296,0.0,129.45072937,41.069091797,0.0,80000.0
4499,1975.2391968,14.003743172,0.7971893549,0.7876948118000001,0.8154169917,2.3083596230000003,70.12133789100001,0.4234450161,0.0,130.25332642,41.257804871,0.0,80000.0
4500,1975.3911967999998,14.00364399,0.8182711601,0.8097801208,0.8212055564,2.3103585243,69.38629913300001,0.43074175719999996,0.0,129.85466003,41.472503662,0.0,80000.0
4501,1975.5431967999998,14.001239777,0.8295848966,0.8249747753,0.8289384842,2.3001306056999997,70.15994262699999,0.4360743463,0.0,128.43449402,41.529075623000004,0.0,80000.0
4502,1975.6951967999998,13.996212005999999,0.8242401481,0.8269118070999999,0.8402035831999999,2.2893457413,71.62981414800001,0.43201345210000003,0.0,126.59807587,41.459003448000004,0.0,80000.0
4503,1975.8471968,13.99047184,0.8125165105,0.8176090717,0.852924943,2.2935435772,72.17233276399999,0.4250601828,0.0,125.40957642,41.406238556,0.0,80000.0
4504,1975.9991968,13.978648186,0.8062720298999999,0.8085988759999999,0.8634753823000001,2.2970798016,71.178672791,0.4225662053,0.0,125.31828308,41.447914124,0.0,80000.0
4505,1976.1511967999998,13.953612328,0.8155164123,0.8115440011,0.8706527948,2.2890019417,69.703147888,0.4242437184,0.0,125.84470367,41.615585327,0.0,80000.0
4506,1976.3031967999998,13.946762085,0.8283415437,0.8233783245,0.8764825463,2.2822415829,68.809898376,0.42582923170000003,0.0,126.42720032,41.568939209,0.0,80000.0
4507,1976.4551967999998,13.989129065999999,0.8271073699,0.8278885484,0.8823240995,2.2886397839,68.900856018,0.4226026833,0.0,126.94943237,41.428783417,0.0,80000.0
4508,1976.6071967999999,14.046606064,0.8317201734,0.8298994303,0.8931020498000001,2.2990763187,69.467224121,0.4164374471,0.0,126.5216217,41.08114624,0.0,80000.0
4509,1976.7591968,14.044708252000001,0.8508204818,0.8433768748999999,0.9114803672,2.3024046421,69.949455261,0.4091003239,0.0,125.25302124,40.853973389000004,0.0,80000.0
4510,1976.9111967999997,13.983324050999999,0.8848552704000001,0.8708534837,0.9322305322,2.3055615425,70.948432922,0.40353080630000004,0.0,122.35528564,40.859775543000005,0.0,80000.0
4511,1977.0631967999998,13.944942474000001,0.9122845531,0.9012887478,0.9508697390999999,2.3156120777,72.010246277,0.40885138509999996,0.0,119.7407074,40.688690186,0.0,80000.0
4512,1977.2151967999998,13.991341591,0.9270684123,0.9212440848000001,0.9646579027,2.33071661,72.117240906,0.41677924990000004,0.0,118.65843964,40.726474761999995,0.0,80000.0
4513,1977.3671967999999,14.081531525,0.9205508231999999,0.9236803651000001,0.9656681418,2.3483552933,71.86554718,0.41048318149999996,0.0,119.13021851,40.904125214000004,0.0,80000.0
4514,1977.5191968,14.121375084,0.895868063,0.9063125253000001,0.9555549026000001,2.3496160507,71.44631958,0.39712437990000005,0.0,121.08300018,41.161102295,0.0,80000.0
4515,1977.6711968,14.096256255999998,0.8634473681,0.8766785859999999,0.9446055889,2.3382158279,70.574935913,0.38829126950000004,0.0,123.22574615,41.399421692,0.0,80000.0
4516,1977.8231967999998,14.075849533,0.8425431848,0.8511153459999999,0.9360288381999999,2.3288884163,70.21926116899999,0.3846207261,0.0,124.91731262,41.506515503,0.0,80000.0
4517,1977.9751967999998,14.065514565,0.8511257768000001,0.846942842,0.9283449054,2.3241920471,70.722991943,0.3894587457,0.0,125.69517517,41.537014008,0.0,80000.0
4518,1978.1271967999999,14.091618537999999,0.8639279008,0.8587375282999999,0.9203588963,2.3160867691,71.863876343,0.4027236402,0.0,125.92156982,41.610569,0.0,80000.0
4519,1978.2791968,14.157497406,0.8787281512999999,0.8729127049,0.9121805429000001,2.3180651665000003,73.59432983399999,0.4124068022,0.0,125.92073822,41.805534363,0.0,80000.0
4520,1978.4311968,14.186682700999999,0.8872978091,0.8843511343000001,0.9048214554999999,2.3374452591,75.14627075199999,0.4106143117,0.0,125.56577301,41.776477814,0.0,80000.0
4521,1978.5831967999998,14.190481186,0.8943692445999999,0.8916064501000001,0.9010907412000001,2.33563447,76.13256073,0.40200746060000003,0.0,124.98939514,41.686470031999995,0.0,80000.0
4522,1978.7351967999998,14.182936668,0.8949999809,0.8948027492,0.8988255262,2.3198904991,76.849052429,0.39922940729999995,0.0,124.96672821,41.393226624,0.0,80000.0
4523,1978.8871967999999,14.11244297,0.8723855019,0.8822907209,0.8951835036,2.3147418499000003,77.442726135,0.4088650644,0.0,126.84521484,41.069103241,0.0,80000.0
4524,1979.0391968,13.971621512999999,0.8321024179000001,0.8487293123999999,0.8931996822,2.3073785305000003,78.25666809100001,0.4184572399,0.0,129.97470093,40.89723587,0.0,80000.0
4525,1979.1911968,13.833259583,0.8055163026000001,0.8159231544,0.8956949711,2.2992534637,78.085578918,0.41650798920000004,0.0,131.43457031,41.123027801999996,0.0,80000.0
4526,1979.3431967999998,13.754713058,0.8352923393,0.8215714693,0.902022779,2.3024139404,77.207267761,0.409123987,0.0,129.89964294,41.273784637,0.0,80000.0
4527,1979.4951967999998,13.714128494,0.8899601698,0.867097497,0.9107865095000001,2.3100166321,77.113601685,0.40821921829999996,0.0,126.73633575,41.313034058,0.0,80000.0
4528,1979.6471967999998,13.686123848,0.9388014078,0.9187269211,0.9201230407,2.3048923016,76.591407776,0.4136463404,0.0,124.19450378,41.306190491,0.0,80000.0
4529,1979.7991968,13.699057579000002,0.9413338304000001,0.9415301085,0.9195670484999999,2.2944066525,75.250648499,0.4099600017,0.0,122.31195831,41.273895264000004,0.0,80000.0
4530,1979.9511968,13.71168232,0.9055447578,0.9210618138,0.9060938358,2.2945716381,74.761512756,0.394059509,0.0,121.51798248,41.565166473000005,0.0,80000.0
4531,1980.1031967999998,13.695014000000002,0.8736140728,0.8858723044,0.8942081928,2.3059508800999997,75.679550171,0.3832990229,0.0,122.50432587,41.790283203,0.0,80000.0
4532,1980.2551967999998,13.725214957999999,0.8567839861,0.8629818559,0.8902274370000001,2.3238918781,77.285881042,0.3884779215,0.0,124.37235259999999,41.865222931,0.0,80000.0
4533,1980.4071967999998,13.782029152,0.8479751348000001,0.8512476683,0.8831454515,2.3231275082,79.17591095,0.4024367929,0.0,126.40294647,41.807022095,0.0,80000.0
4534,1980.5591967999999,13.754323959,0.8321121931000001,0.8387131095,0.8688357472,2.3030629158,80.655845642,0.407757014,0.0,128.23602295,41.79624939,0.0,80000.0
4535,1980.7111968,13.634190559,0.8186535835,0.8236637115000001,0.8570590019,2.2845048904,81.159629822,0.3985962868,0.0,129.49078369,41.820438385,0.0,80000.0
4536,1980.8631967999997,13.535336494000001,0.8091660737999999,0.8126501440999999,0.8502727151,2.2637908459,79.627738953,0.39075893159999997,0.0,129.48408508,41.898857117,0.0,80000.0
4537,1981.0151967999998,13.524878502,0.8114699125,0.8098831773,0.8444882631,2.2488348484,76.726127625,0.39873522520000004,0.0,129.12339783,42.042724609000004,0.0,80000.0
4538,1981.1671967999998,13.576550484,0.8119999766,0.8117535114,0.8387500048000001,2.2474737167,75.145889282,0.4188789725,0.0,129.47444153,42.115772246999995,0.0,80000.0
4539,1981.3191967999999,13.648013115,0.8111371398,0.8116075397,0.8349604011,2.2534213066,75.573577881,0.43602228159999995,0.0,129.98103333,42.15851593,0.0,80000.0
4540,1981.4711968,13.715230942,0.8101400732999999,0.8107187151999999,0.8329969645,2.2680733204,76.78861236600001,0.43946966530000003,0.0,129.67747498,42.176898956,0.0,80000.0
4541,1981.6231968,13.770355225,0.8031395673999999,0.8062360882999999,0.8300094604000001,2.2893950939,77.236625671,0.4346413016,0.0,128.90031433,42.113826752,0.0,80000.0
4542,1981.7751967999998,13.813073158,0.795163095,0.7981384993,0.8262736797,2.3044342995,76.51779174800001,0.4273296297,0.0,128.42449951,41.875675201,0.0,80000.0
4543,1981.9271967999998,13.833841324000002,0.7880343199,0.790700078,0.8224838972,2.3144450188,74.764907837,0.4155614674,0.0,128.85420227,41.61882782,0.0,80000.0
4544,1982.0791967999999,13.829645157,0.7844520806999999,0.7857285737999999,0.8187387586,2.3265531063,73.14728546100001,0.40570405130000003,0.0,129.91369629,41.56061554,0.0,80000.0
4545,1982.2311968,13.807631492999999,0.7814592123,0.7826842666,0.8150041103,2.3317058086,73.749794006,0.4051958919,0.0,130.57394409,41.512962341,0.0,80000.0
4546,1982.3831968,13.764345169,0.7835319637999999,0.7824091911,0.8115246295999999,2.3307211399,76.185836792,0.4072112739,0.0,130.71205139,41.434104919,0.0,80000.0
4547,1982.5351967999998,13.696698189000001,0.7873664498,0.7856521009999999,0.8090944886,2.3330874443000003,78.088119507,0.40445417170000003,0.0,130.10592651,41.292236328,0.0,80000.0
4548,1982.6871967999998,13.625614165999998,0.7863226533,0.7872980833,0.8074980378,2.3309760094,78.90120697,0.3962302506,0.0,129.01301575,41.216842651,0.0,80000.0
4549,1982.8391967999999,13.557670593,0.7843273878,0.7853533626000001,0.8059458137000001,2.3282294272999997,80.361885071,0.3879502714,0.0,127.82389069,41.413562775,0.0,80000.0
4550,1982.9911968,13.500407219000001,0.7823332548,0.7829164863,0.8044065833,2.3274693489,81.963745117,0.3875536919,0.0,127.07054901,41.612342834,0.0,80000.0
4551,1983.1431968,13.500174522,0.7795070409999999,0.7805091739,0.8031553626000001,2.3151781559,82.154022217,0.3907584846,0.0,127.04714203,41.589984894000004,0.0,80000.0
4552,1983.2951967999998,13.592821120999998,0.7773425579000001,0.7783010602,0.8044123054000001,2.297252655,81.38909149199999,0.39148527380000003,0.0,127.45531464,41.651100159,0.0,80000.0
4553,1983.4471967999998,13.746903419,0.7753483653000001,0.7762064934,0.8087423443999999,2.2779560089,80.301094055,0.395531565,0.0,128.28265381,41.735366821,0.0,80000.0
4554,1983.5991967999998,13.854028702,0.7733531593999999,0.7743235826,0.8140789270000001,2.2672038078,79.31854248,0.40068048240000004,0.0,129.38401794,41.597667694,0.0,80000.0
4555,1983.7511968,13.89542675,0.7762820125,0.7750387192,0.8232303858,2.2718839644999997,78.485992432,0.4017462432,0.0,130.75131226,41.239261627,0.0,80000.0
4556,1983.9031968,13.911828995,0.7819085717,0.7795960306999999,0.837094903,2.2844104766999997,77.752433777,0.4075095057,0.0,129.77404785,41.0362854,0.0,80000.0
4557,1984.0551967999997,13.96747303,0.7887063622,0.7859530449,0.8516570926,2.3036746979,77.448509216,0.4175285399,0.0,126.34371185,40.923851013000004,0.0,80000.0
4558,1984.2071967999998,14.089722633,0.8030045629000001,0.7969530820999999,0.865392983,2.3343424797,76.839546204,0.42002776270000003,0.0,124.76774597,40.878177643,0.0,80000.0
4559,1984.3591967999998,14.204890250999998,0.8400149345,0.8235424756999999,0.876445055,2.3573393822,76.199417114,0.4177457392,0.0,125.61635590000002,40.901966095,0.0,80000.0
4560,1984.5111967999999,14.309700012,0.8746465445,0.8616219759,0.8853207826999999,2.3653531075,75.877250671,0.4152521789,0.0,126.71014404,40.981674194,0.0,80000.0
4561,1984.6631968,14.450731277000001,0.8657131195000001,0.8729703426000001,0.8963449596999999,2.3655099869,75.37022399899999,0.4072969854,0.0,126.54096222,41.231517792,0.0,80000.0
4562,1984.8151967999997,14.572377205,0.8251007199,0.8434915543000001,0.9079355597,2.3464305401,74.1275177,0.39751923079999996,0.0,125.32714081,41.652179718,0.0,80000.0
4563,1984.9671967999998,14.624890327000001,0.8183977604000001,0.8178783654999999,0.9142369628,2.3252117634,71.98806762699999,0.3936156929,0.0,124.95196533,41.714824676999996,0.0,80000.0
4564,1985.1191967999998,14.632921219000002,0.8205936551,0.819675982,0.9169380068999999,2.3117916584000002,70.345046997,0.4060651064,0.0,125.70816040000001,41.463371277,0.0,80000.0
4565,1985.2711967999999,14.632761002,0.8154379129000001,0.8177211881,0.9171030521,2.3064727783000003,70.011146545,0.42446675899999997,0.0,127.17309569999999,41.116539001,0.0,80000.0
4566,1985.4231968,14.632620810999999,0.8037079573,0.8085904120999999,0.9152345061,2.3081784248,71.15778350800001,0.4302344918,0.0,129.24789429,40.803115845,0.0,80000.0
4567,1985.5751968,14.632460594000001,0.8065249323999999,0.8038702011,0.9124113917,2.3119151592,73.310745239,0.4247297943,0.0,130.06062317,40.451915741,0.0,80000.0
4568,1985.7271967999998,14.622786522,0.8315916061,0.8202433586,0.9181315303,2.323816061,74.581413269,0.41673424840000006,0.0,127.65592957,40.442626953,0.0,80000.0
4569,1985.8791967999998,14.58825779,0.8677904009999999,0.8528977036,0.9357130526999999,2.3541042805,74.616859436,0.4082501531,0.0,122.8639679,40.656204224,0.0,80000.0
4570,1986.0311967999999,14.545420647,0.8900593519,0.8829439878,0.9565954804000001,2.3893339634,74.61706543,0.3981309235,0.0,118.46498871,40.621738434,0.0,80000.0
4571,1986.1831968,14.523869514000001,0.9033437370999999,0.8987470269,0.9743020535,2.3938949108000003,75.137512207,0.39024639130000005,0.0,116.09792328,40.491104125999996,0.0,80000.0
4572,1986.3351968,14.522640228,0.9044484495999999,0.9052242040999999,0.9815519452,2.3759953976,75.533348083,0.38867402079999996,0.0,115.71239471,40.433071136,0.0,80000.0
4573,1986.4871967999998,14.524090767,0.9016800523,0.902944684,0.9859026073999999,2.3661084175,75.776954651,0.3856974244,0.0,116.72660065,40.513935089,0.0,80000.0
4574,1986.6391967999998,14.519774437,0.9017704725,0.9013331532,0.9901175498999999,2.3551809788,76.180328369,0.38666433100000003,0.0,118.633255,40.581607819,0.0,80000.0
4575,1986.7911967999999,14.527467728,0.8927838206,0.8975649476,0.9910835624,2.340862751,76.893463135,0.39616963270000005,0.0,120.82987976,40.627025604,0.0,80000.0
4576,1986.9431968,14.560507774000001,0.8754621744,0.8829801679000001,0.9857441782999999,2.3273742199000003,76.827484131,0.3979297578,0.0,121.95117188,40.868839264,0.0,80000.0
4577,1987.0951968,14.632789612,0.8626102805,0.8668292165000001,0.9778555631999999,2.3191847801,74.98144531300001,0.3881181479,0.0,121.28234863,40.789749146,0.0,80000.0
4578,1987.2471967999998,14.878997802999999,0.8638022542,0.8621069193,0.9647118449,2.3219335079,72.981369019,0.3853985369,0.0,119.43376923,40.587108612,0.0,80000.0
4579,1987.3991967999998,15.391827583,0.8718182445,0.8685010076,0.9438829422,2.3381812572,72.791984558,0.3901999891,0.0,117.93096161,40.615272522,0.0,80000.0
4580,1987.5511967999998,15.819966315999999,0.8762654066,0.8746443987000001,0.920769453,2.3627903461,73.73674774199999,0.3871513605,0.0,117.78479767,40.74798584,0.0,80000.0
4581,1987.7031968,15.886278152000001,0.8581931590999999,0.867623508,0.8983145952,2.3930480480000003,74.511810303,0.3807905018,0.0,119.00849915,40.883804321,0.0,80000.0
4582,1987.8551968,15.780573845,0.83025527,0.8420040011,0.8796972632,2.4130160809,74.465316772,0.3803824484,0.0,120.9667511,41.03547287,0.0,80000.0
4583,1988.0071967999997,15.907541275,0.8043259382,0.8145419359,0.8657016157999999,2.3872282505,73.52696228,0.3853118122,0.0,122.88822937,41.104129791,0.0,80000.0
4584,1988.1591967999998,15.976495743,0.7935329676,0.7963305116,0.8551929593,2.33497715,73.532188416,0.3939979076,0.0,124.07349396,41.006790161,0.0,80000.0
4585,1988.3111967999998,15.982331275999998,0.7890333533,0.7905663848000001,0.8492347001999999,2.3030881882,72.950912476,0.4003730714,0.0,124.67677307,40.941074371,0.0,80000.0
4586,1988.4631967999999,15.98226738,0.7843040228,0.7862765193000001,0.8455504775,2.2851836681,70.617835999,0.40103542799999997,0.0,125.00533295,40.922130585,0.0,80000.0
4587,1988.6151968,15.983139038,0.7822636366,0.7827623487,0.8425927758,2.2824952602,69.23706817600001,0.40190485119999997,0.0,125.18160248,40.967597960999996,0.0,80000.0
4588,1988.7671967999997,15.985566139000001,0.7878710031999999,0.7843658924,0.8422995806,2.2879004478,70.47833252,0.4041330218,0.0,125.87969971,41.00334549,0.0,80000.0
4589,1988.9191967999998,15.988460540999998,0.8016965389,0.7949294448,0.8483449817000001,2.2810246944,72.359664917,0.40798726679999997,0.0,127.02593231,40.860870360999996,0.0,80000.0
4590,1989.0711967999998,15.991386414,0.8154712915000001,0.8099012970999999,0.8575546741,2.2706167697999997,72.995689392,0.412651062,0.0,128.21209717,40.908725739,0.0,80000.0
4591,1989.2231967999999,15.994344710999998,0.8255315423,0.8218635321,0.8663076162000001,2.2629835606,73.098892212,0.4148976803,0.0,129.10647583,40.999977111999996,0.0,80000.0
4592,1989.3751968,15.997237206,0.8229372501000001,0.8257056475,0.8724048137999999,2.2600457668000002,72.889343262,0.4164572358,0.0,130.33084106,40.854377747,0.0,80000.0
4593,1989.5271968,15.970528603,0.8080221415000001,0.8150376081,0.8751329184000001,2.255366087,71.932144165,0.416064471,0.0,132.15962219,40.716739655,0.0,80000.0
4594,1989.6791967999998,15.888817787,0.7907912731,0.7972285748000001,0.8767092823999999,2.2506287098,71.10723877,0.4063076675,0.0,133.04603577,40.777050018000004,0.0,80000.0
4595,1989.8311967999998,15.813379288,0.7788432240000001,0.7828646898,0.8741577268,2.2499163151,70.683937073,0.4017066658,0.0,132.59645081,40.912193298000005,0.0,80000.0
4596,1989.9831967999999,15.599599838,0.7866927385,0.7812004089,0.8637494445,2.2545189857,71.390884399,0.41060674189999996,0.0,132.25976563,40.848636627,0.0,80000.0
4597,1990.1351968,15.157579422000001,0.7945517898000001,0.7926486134999999,0.8449675441,2.2566106319,72.485389709,0.4209204316,0.0,133.02166748,40.877323151,0.0,80000.0
4598,1990.2871968,14.82359314,0.7868019937999999,0.7918604015999999,0.8258929849,2.2580494881,73.604042053,0.4152494669,0.0,134.54252625,41.020622253,0.0,80000.0
4599,1990.4391967999998,14.544206619,0.7646687627,0.7745680809000001,0.8080075979000001,2.2512822151,74.684753418,0.4098825157,0.0,136.28024292,41.187152863,0.0,80000.0
4600,1990.5911967999998,14.184051514,0.7450621128,0.7518279552,0.7889014482,2.243850708,75.752120972,0.4075527489,0.0,137.64971924,41.351463318,0.0,65000.0
4601,1990.7431967999999,13.948488235,0.7379007936,0.7391728163,0.7728259563,2.2335100174,76.81943512,0.4036138952,0.0,138.71873474,41.462276459,0.0,65000.0
4602,1990.8951968,13.847593307,0.7335153818000001,0.7354267836,0.7671017051000001,2.2236924171,77.886993408,0.4016389251,0.0,139.65254211,41.518268585,0.0,65000.0
4603,1991.0471968,13.830104828,0.7243613601000001,0.7285504937,0.7633226514,2.2133135796000003,78.89694213899999,0.4042471647,0.0,140.3440094,41.526138306,0.0,65000.0
4604,1991.1991967999998,13.865367889000002,0.7182335854,0.7197173238,0.7588091493000001,2.1998462677,79.945114136,0.40492066740000004,0.0,140.8686676,41.475585938,0.0,65000.0
4605,1991.3511967999998,13.988396645,0.7163109182999999,0.7165421844,0.7513471842,2.2013325691,81.141159058,0.40460166340000003,0.0,141.0125885,41.301708221,0.0,65000.0
4606,1991.5031967999998,14.347768784000001,0.7160000205,0.7163714170000001,0.7417262197,2.2060389519,81.572349548,0.39829376340000006,0.0,141.02749634,41.086700439,0.0,65000.0
4607,1991.6551967999999,14.891274452000001,0.7160000205,0.7163283825,0.739264667,2.2016768456,81.481407166,0.3862074018,0.0,141.54895019999998,40.897556305,0.0,65000.0
4608,1991.8071968,15.096961020999998,0.7194076776999999,0.717579782,0.7450145483,2.2012486458000002,80.258491516,0.3804505169,0.0,142.51416016,40.811012268,0.0,65000.0
4609,1991.9591967999997,15.231889725,0.7264298797,0.7228551507,0.7567574382,2.1964380741,78.318161011,0.38895744090000006,0.0,142.58651733,40.644966125,0.0,65000.0
4610,1992.1111967999998,15.534054756,0.7350859642,0.7314282656000001,0.7683416605,2.2115621567,76.813575745,0.4001833498,0.0,141.87287903,40.7292099,0.0,65000.0
4611,1992.2631967999998,15.736398697,0.7494482398000001,0.7430243492,0.780123055,2.2193076611,76.475135803,0.41055879,0.0,140.37422180000002,41.047779083,0.0,65000.0
4612,1992.4151967999999,15.456167221,0.7664054631999999,0.7595026493000001,0.7968782783,2.2171838284,76.489456177,0.4173216522,0.0,138.36361694,41.42698288,0.0,65000.0
4613,1992.5671968,15.024044037000001,0.7840260862999999,0.7768596410999999,0.8243250251,2.2216565609,76.028312683,0.4098240733,0.0,136.3979187,41.702655792,0.0,65000.0
4614,1992.7191967999997,15.027913094,0.8006495237000001,0.7938392162000001,0.8485298753,2.2290008068000002,75.427330017,0.39859917759999997,0.0,133.72711182,41.694133759,0.0,80000.0
4615,1992.8711967999998,15.159491539000001,0.815279305,0.8094847798,0.8616448641,2.2365396022999997,75.027412415,0.3961787522,0.0,130.26165771,41.617206573000004,0.0,80000.0
4616,1993.0231967999998,15.239478110999999,0.8206602931,0.8205038309,0.8687200545999999,2.2586450577,73.624076843,0.3972308338,0.0,127.98509216,41.593055725,0.0,80000.0
4617,1993.1751967999999,15.280549049000001,0.8131100535,0.8176342248999999,0.8619776368000001,2.2893302441,71.506080627,0.4009383917,0.0,127.73719788,41.541343689,0.0,80000.0
4618,1993.3271968,15.203780174,0.798520565,0.8045741916,0.8514370322,2.3177769184,70.003501892,0.4026586711,0.0,128.22181702,41.458362579,0.0,80000.0
4619,1993.4791968,15.268227577000001,0.7805985212000001,0.7882350683,0.8379929662000001,2.335392952,69.515182495,0.39340040090000006,0.0,128.44345093,41.333358765,0.0,80000.0
4620,1993.6311967999998,15.596197128,0.7584016323,0.7679591179,0.8251519203000001,2.3356099129,69.970756531,0.385997653,0.0,128.38153076,41.175113678,0.0,80000.0
4621,1993.7831967999998,15.837598800999999,0.7351099253,0.7446506619,0.8223623037000001,2.3132455349,70.798423767,0.3937078118,0.0,128.19035339,41.133834839,0.0,80000.0
4622,1993.9351967999999,15.836247444000001,0.7263553739,0.726929009,0.8255442976999999,2.3048009872,70.249816895,0.4069446325,0.0,128.20332336,41.269348145,0.0,80000.0
4623,1994.0871968,15.924460410999998,0.7388415933,0.7312046289,0.8262517452,2.3143663406,68.908920288,0.4188796282,0.0,128.13845825,41.441734314,0.0,80000.0
4624,1994.2391968,15.996143341,0.7587862015000001,0.75096035,0.8266735673000001,2.3232591152,67.567893982,0.4222308099,0.0,127.16619873,41.510505676,0.0,80000.0
4625,1994.3911967999998,16.008769989,0.7787353396,0.7705933452,0.830011189,2.3187277316999997,66.191970825,0.4179748595,0.0,125.80358124,41.366085051999995,0.0,80000.0
4626,1994.5431967999998,16.008369446,0.794876039,0.7893247604000001,0.8372835517,2.3074469565999998,64.679946899,0.4096745551,0.0,124.61567688,41.382709503,0.0,80000.0
4627,1994.6951967999998,16.005376816,0.8056830764,0.8019080758,0.8515396118,2.2956235409,62.912075043,0.4059463143,0.0,123.65835571,41.62512207,0.0,80000.0
4628,1994.8471968,16.001340866,0.8140295148000001,0.8104498386,0.8798283339,2.3083636761,61.429725647,0.4104702175,0.0,122.34228516,41.529560089,0.0,80000.0
4629,1994.9991968,15.997130394000001,0.8345319032999999,0.8231040835,0.9096423388,2.331017971,61.769577026,0.414400965,0.0,120.1486969,41.188972473,0.0,80000.0
4630,1995.1511967999998,15.993710518,0.8724288344,0.8549895287,0.9382917285,2.3421623707,63.149364471000005,0.4131385386,0.0,117.81948853,41.014610291,0.0,80000.0
4631,1995.3031967999998,15.994569777999999,0.9132121205,0.8978569507999999,0.9594976902,2.3407769203,64.57463073699999,0.4174091518,0.0,116.46450806,41.09702301,0.0,80000.0
4632,1995.4551967999998,16.000160217,0.9199650884,0.9247143865,0.9667692184000001,2.3497972488,66.064544678,0.41466450689999995,0.0,117.17219543,41.161144257,0.0,80000.0
4633,1995.6071967999999,15.995832443,0.8823779821,0.9029018283,0.9618822932,2.3595421314,67.452339172,0.396245271,0.0,119.13341522,41.158767700000006,0.0,80000.0
4634,1995.7591968,15.965252876,0.8307240604999999,0.8516780138,0.9423981905,2.363168478,68.388122559,0.3774290085,0.0,120.91963959,41.220550537,0.0,80000.0
4635,1995.9111967999997,15.984888077,0.8018423915,0.8084051609,0.9276140331999999,2.3602962494,68.07628631600001,0.3719502985,0.0,122.40834045,41.316165924,0.0,80000.0
4636,1996.0631967999998,15.990503311,0.8063349724,0.799861908,0.9182183743000001,2.3544952868999998,66.937179565,0.3798875809,0.0,123.13793945,41.348960876,0.0,80000.0
4637,1996.2151967999998,15.964213371,0.8269195557,0.8178121448000001,0.9125731587,2.3407516479,65.67096710199999,0.3923092782,0.0,122.79566193,41.296165466,0.0,80000.0
4638,1996.3671967999999,15.990549088,0.8468472362,0.8396549225,0.9074729085,2.3199086189,66.157180786,0.40386259560000004,0.0,122.07842255,41.318443298000005,0.0,80000.0
4639,1996.5191968,15.911147117999999,0.8629983068000001,0.8567134738,0.9067752956999999,2.3068010807,66.69261169399999,0.40276461840000005,0.0,121.52970123,41.524169922,0.0,80000.0
4640,1996.6711968,15.699650764000001,0.8690000176,0.8689376712000001,0.9172306656999999,2.3050556183,67.319877625,0.3919382989,0.0,121.11059569999999,41.717041015999996,0.0,80000.0
4641,1996.8231967999998,15.837506294,0.8654325008,0.8681401609999999,0.92235744,2.3052840233,68.168663025,0.3813401759,0.0,121.20452118,41.433872223,0.0,80000.0
4642,1996.9751967999998,15.98619175,0.8517520428,0.8589407802,0.9124056101000001,2.3006370068,68.853485107,0.3761783838,0.0,122.03323364,40.758224487,0.0,80000.0
4643,1997.1271967999999,15.989922522999999,0.8298575281999999,0.8394372462999999,0.9059128165000001,2.293333292,68.640052795,0.3803557456,0.0,122.77069092,40.512283325,0.0,80000.0
4644,1997.2791968,15.781126976,0.8123731017,0.8179289699,0.9143602848000001,2.2826223373,68.425460815,0.3917096555,0.0,123.01513672,40.628921509,0.0,80000.0
4645,1997.4311968,15.25670433,0.8052481413,0.8069016337,0.9216135144,2.2731776237,69.067398071,0.4018373191,0.0,122.85027313,40.823486328,0.0,80000.0
4646,1997.5831967999998,15.029452324000001,0.8051627278,0.8042534590000001,0.9140136242,2.2774221896999998,69.150627136,0.4055465162,0.0,122.15258789,41.108711243,0.0,80000.0
4647,1997.7351967999998,14.999596595999998,0.8175822495999999,0.8098515868,0.9035903215000001,2.2859113216,69.512817383,0.40246486659999997,0.0,121.21420288,41.329025269,0.0,80000.0
4648,1997.8871967999999,14.976666451,0.8432918191,0.831517458,0.8931977153,2.2816219330000003,69.033073425,0.39639705420000004,0.0,120.47801971,41.444877625,0.0,80000.0
4649,1998.0391968,14.853252411,0.8554261923,0.8562095165000001,0.8860809206999999,2.2851905823,67.267379761,0.39113116259999997,0.0,120.7046051,41.628170013,0.0,80000.0
4650,1998.1911968,14.784614563,0.8441494106999999,0.8520725369,0.8887538314,2.285775423,66.713890076,0.39591965079999997,0.0,121.77197266,41.943874359,0.0,80000.0
4651,1998.3431967999998,15.01174736,0.8251987695999999,0.8332277536,0.8946623206000001,2.2855763435,69.352592468,0.40005105729999996,0.0,122.31238556,42.284755706999995,0.0,80000.0
4652,1998.4951967999998,15.167472839,0.8164342045999999,0.8173014522,0.9052531123,2.2933430672,73.258430481,0.39959216119999996,0.0,121.9797287,42.454421997,0.0,80000.0
4653,1998.6471967999998,15.053182602,0.8328951001,0.8210945725,0.91619277,2.2966859341,75.36743927,0.39338624479999995,0.0,121.59790802,42.380134583,0.0,80000.0
4654,1998.7991968,14.980500221,0.864495337,0.8511328101000001,0.9258893131999999,2.2876546383000003,76.864601135,0.3930562437,0.0,121.20548248,42.122848511,0.0,80000.0
4655,1998.9511968,15.120586395,0.8890414238,0.8818984628000001,0.9352250098999999,2.2821474075,77.741950989,0.3945100605,0.0,120.29416656,41.794792175,0.0,80000.0
4656,1999.1031967999998,15.232174873,0.8992206454,0.8975193501000001,0.94497931,2.3036355972,77.50415039100001,0.3946045339,0.0,119.25240326,41.620796204,0.0,80000.0
4657,1999.2551967999998,15.03696537,0.9109457731,0.9036949873000001,0.9565772414,2.3148682117,75.82979583699999,0.3910797238,0.0,118.46498108,41.597892761,0.0,80000.0
4658,1999.4071967999998,14.826987267,0.9233987926999999,0.9204822183,0.9758786559,2.3219819069,74.33472442600001,0.386380285,0.0,118.02379608,41.499126434000004,0.0,80000.0
4659,1999.5591967999999,14.737453461,0.9291889070999999,0.9277302027,0.992808342,2.3408613205,73.825172424,0.386053443,0.0,118.04293059999999,41.542675018000004,0.0,80000.0
4660,1999.7111968,14.668304443,0.9309999943,0.9308722019,1.003580451,2.3347723484,73.122970581,0.38830205799999995,0.0,118.28079224,41.85263443,0.0,80000.0
4661,1999.8631967999997,14.637471199,0.9309999943,0.9312716126,1.0073378086,2.3079292774,72.36856842,0.39003944399999996,0.0,118.27856445,41.924053191999995,0.0,80000.0
4662,2000.0151967999998,14.64003849,0.9309999943,0.9310582876000001,0.9971654415000001,2.2930023669999997,72.194374084,0.39431482549999997,0.0,117.87596893,41.706863403,0.0,80000.0
4663,2000.1671967999998,14.656617165,0.9331479073000001,0.9313603044,0.9877111316,2.2881793976,73.624168396,0.4020758271,0.0,117.59416962,41.544525146,0.0,80000.0
4664,2000.3191967999999,14.633569717,0.9414121509000001,0.9364509583,0.9789565802,2.2797095776,74.904289246,0.41281723979999996,0.0,118.13920593,41.552295685,0.0,65000.0
4665,2000.4711968,14.476009369000002,0.9374301434000001,0.9441096187000001,0.9694683552,2.2705292702,77.301750183,0.4229587913,0.0,120.22278595,41.716091156,0.0,65000.0
4666,2000.6231968,14.306111335999999,0.8993743658,0.9211873412,0.9611169695999999,2.2683856487000003,79.73992157,0.4303014278,0.0,123.92350006,41.917812346999995,0.0,65000.0
4667,2000.7751967999998,14.21750927,0.8435243368,0.8659431338,0.9707164764,2.2604286671000002,80.130256653,0.43718820810000003,0.0,127.87728882,42.054531096999995,0.0,65000.0
4668,2000.9271967999998,14.145741463,0.8149051666,0.8172323704000001,0.9866569042000001,2.2516584396,80.542778015,0.4372338653,0.0,129.44223022,42.093715668,0.0,65000.0
4669,2001.0791967999999,14.01389122,0.8447835445,0.8212639689,1.0036059618000002,2.2412188053,81.131385803,0.4330792725,0.0,127.32108307,42.026519775,0.0,65000.0
4670,2001.2311968,13.937645912,0.9237664938,0.8861460686,1.0286324024,2.2352592945,81.847312927,0.43053960799999996,0.0,123.81781769,41.999549866,0.0,65000.0
4671,2001.3831968,13.930374145999998,1.0086798668,0.9789934754,1.0544215441,2.2394506931000002,82.342971802,0.41615954039999997,0.0,120.99829865,41.989868164,0.0,65000.0
4672,2001.5351967999998,13.941262245,1.0680888891,1.0498129129,1.0716115236,2.2471461296,81.67111969,0.40057581659999997,0.0,118.64108276,41.910873413000004,0.0,65000.0
4673,2001.6871967999998,13.937577248,1.07213521,1.0853095055,1.0655785799,2.2638654709,80.461341858,0.3950983286,0.0,116.70500946,41.957813263,0.0,65000.0
4674,2001.8391967999999,13.866037369,1.0214869976,1.0476144552,1.0523205996,2.2772421837,77.871566772,0.397401005,0.0,116.36549377,42.272510529,0.0,65000.0
4675,2001.9911968,13.696513176,0.9536138773,0.9816272855,1.0357646942,2.2919192313999996,75.27510833699999,0.40362998840000003,0.0,117.38694763,42.742198944,0.0,80000.0
4676,2002.1431968,13.582609177,0.8868171573,0.9122093915999999,1.0206332207,2.3082282543,73.336463928,0.40704366560000005,0.0,119.05118561,42.990539551000005,0.0,80000.0
4677,2002.2951967999998,13.581590652000001,0.8384933472,0.8521045446,1.0259571075,2.3061265945,73.05279541,0.40473032,0.0,121.45196533,42.831932068,0.0,80000.0
4678,2002.4471967999998,13.446887016,0.8165270090000001,0.8212305307,1.0310930014,2.2925083637,74.026176453,0.4048583806,0.0,123.70328522,42.461513519,0.0,80000.0
4679,2002.5991967999998,13.144629477999999,0.8179284334,0.8125628829000001,1.0228742361,2.2914118767,74.574455261,0.41264456509999997,0.0,124.17309569999999,42.063964844000004,0.0,80000.0
4680,2002.7511968,12.893443108,0.8382903934,0.8271909356,1.0161482095999999,2.3073134422,74.37028503399999,0.4197724462,0.0,121.77656555,41.72725296,0.0,80000.0
4681,2002.9031968,12.927054405,0.8735412954999999,0.8557041883,1.0188667774,2.313000679,73.895355225,0.4188329875,0.0,117.79484558,41.348430634,0.0,65000.0
4682,2003.0551967999997,13.050731659,0.9198594689,0.9000043869,1.0228557587,2.32949543,73.199371338,0.4106662571,0.0,114.8184433,40.822147369,0.0,80000.0
4683,2003.2071967999998,13.109372139000001,0.9634018540000001,0.9485607743000001,1.0389180183,2.3292958736,73.006713867,0.3955045938,0.0,115.28016663,40.344760895,0.0,80000.0
4684,2003.3591967999998,13.014108658,0.9825183748999999,0.9830861092000001,1.0727291106999999,2.314204216,72.162231445,0.38376849890000003,0.0,117.39894867,40.06256485,0.0,80000.0
4685,2003.5111967999999,12.982740402000001,0.9705052972,0.9799582957999999,1.1089538336,2.2917408943,70.349205017,0.3879540265,0.0,118.13779449,39.747913361,0.0,80000.0
4686,2003.6631968,13.439557076,0.9489501715,0.9570475220999999,1.1484605074,2.2802062035,68.423912048,0.40216809509999996,0.0,117.03479004,39.134906769000004,0.0,80000.0
4687,2003.8151967999997,13.51354599,0.9503671526999999,0.9411548376000001,1.183349371,2.2894542217,67.436477661,0.410475105,0.0,114.88509369,38.222999573,0.0,80000.0
4688,2003.9671967999998,13.244684219000002,0.9955248833,0.9680523276,1.1998685598,2.2811639309,67.78083038300001,0.3961640894,0.0,113.14851379,37.28370285,0.0,80000.0
4689,2004.1191967999998,13.049257277999999,1.0601246356999998,1.0358575583,1.1932147740999999,2.2632236481,70.845550537,0.37672522659999996,0.0,111.77326202,36.723190308,0.0,80000.0
4690,2004.2711967999999,12.966096878,1.0873394012,1.0903934240000002,1.1790280342,2.2772915363,73.255012512,0.3693710268,0.0,110.72035217,36.554637909,0.0,80000.0
4691,2004.4231968,12.961978912000001,1.0528037548,1.0764942169,1.1675013304000001,2.3002912998,74.35051727300001,0.3770593107,0.0,110.64508057,36.492267609,0.0,80000.0
4692,2004.5751968,13.104249001,1.0070205927,1.0183951855,1.1596311331,2.3270230293000003,74.705406189,0.3917568028,0.0,111.92944336,36.429973602,0.0,80000.0
4693,2004.7271967999998,13.29873085,0.9929999709,0.9932884573999999,1.1515253782,2.3530302048,75.425796509,0.3986861408,0.0,113.60275269,36.367595673000004,0.0,80000.0
4694,2004.8791967999998,13.423352242,0.9957326055,0.9934013486,1.1379740238,2.3622808456,76.68559265100001,0.3944109976,0.0,114.55340576,36.305309296,0.0,80000.0
4695,2005.0311967999999,13.423899651,0.9971887468999999,0.9984215498000001,1.1212650537,2.3438076973,77.894592285,0.3803590536,0.0,114.62169647,36.259227753000005,0.0,80000.0
4696,2005.1831968,13.352865219000002,0.9909489155,0.9947348832999999,1.107935667,2.3270666599000003,77.322433472,0.37282550329999997,0.0,113.94296265,36.304412842,0.0,80000.0
4697,2005.3351968,13.301390648,0.9824199677,0.9854508637999999,1.1069076061,2.3140931128999997,75.361175537,0.3816841841,0.0,113.03269196,36.412799835,0.0,80000.0
4698,2005.4871967999998,13.199670792000001,0.9771103859,0.9782896042,1.1114223003,2.2966783047,74.938690186,0.3959946334,0.0,113.51951599,36.446769714,0.0,80000.0
4699,2005.6391967999998,13.051036835,0.9799797535,0.9762897491,1.1189489365,2.2718718052,75.20301055899999,0.4066538811,0.0,114.84623718,36.417636871,0.0,80000.0
4700,2005.7911967999999,12.931581497,0.9893949031999999,0.9856041073999999,1.1320388317,2.2599346637999997,74.22012329100001,0.4057267904,0.0,114.80459595,36.468196869,0.0,80000.0
4701,2005.9431968,12.897839545999998,1.0024329424,0.996011138,1.1456012726,2.2631671429,72.84263610800001,0.4087634087,0.0,113.54952240000001,36.694541930999996,0.0,80000.0
4702,2006.0951968,12.915848732,1.0237350464,1.0130298138,1.1592837572,2.2626225948,71.634216309,0.40758383270000004,0.0,111.28088379,36.922458649,0.0,80000.0
4703,2006.2471967999998,12.949576378,1.0554130077,1.0403697491,1.1733378172,2.2721815109,70.850196838,0.4012966752,0.0,109.25427246,36.998908997,0.0,80000.0
4704,2006.3991967999998,12.993125915999999,1.0915968418000002,1.0775743723,1.1873291731,2.287198782,70.450744629,0.39470422270000005,0.0,107.84340668,37.076690674,0.0,80000.0
4705,2006.5511967999998,13.024440765,1.1139862537,1.1103973389,1.2021491528000001,2.2904169559,70.874504089,0.38439753649999997,0.0,107.22167206,37.130886078,0.0,80000.0
4706,2006.7031968,13.037367820999998,1.095951438,1.1165728569,1.2194122076,2.2870798111000004,71.017211914,0.36898019909999996,0.0,107.91500854,37.15732193,0.0,80000.0
4707,2006.8551968,13.044333457999999,1.0487270355,1.0651429892,1.2366292477,2.2782375813,71.20790863,0.3559094667,0.0,109.57757568,37.277431488000005,0.0,80000.0
4708,2007.0071967999997,13.045715332,1.0178821087,1.0241930485,1.2470294237000001,2.2895991802,73.281959534,0.3613260686,0.0,111.17435455,37.184436798,0.0,80000.0
4709,2007.1591967999998,13.035149574,1.0084159374,1.0078214407,1.2214061022,2.2948338985,77.941215515,0.37345674630000003,0.0,112.06429291,37.051452637,0.0,80000.0
4710,2007.3111967999998,12.992322922,1.0164409876,1.0094313622,1.1891733408,2.2906184196,80.268424988,0.3770385683,0.0,112.93825531,37.035018921,0.0,80000.0
4711,2007.4631967999999,12.910672188,1.0245360136,1.026837945,1.149115324,2.2919960022,80.40145874,0.37240299579999997,0.0,112.68949127,36.846122742,0.0,80000.0
4712,2007.6151968,12.878341675,1.0107979774,1.0205057859,1.1209410429,2.2916016579,78.459075928,0.3727326393,0.0,110.61561584,36.724952698,0.0,80000.0
4713,2007.7671967999997,12.896633148,0.9765431881000001,0.9954384565000001,1.1134043932,2.2917356491,76.826133728,0.3769853115,0.0,108.95098114,36.823776245,0.0,80000.0
4714,2007.9191967999998,12.920683860999999,0.9330974817000001,0.9481104612000001,1.1142448187,2.2800555229,75.49382019,0.39242109659999996,0.0,111.94033051,36.996749878,0.0,80000.0
4715,2008.0711967999998,12.913689612999999,0.9110000134,0.9116999507,1.1324993372,2.2618997097,74.851699829,0.4009989798,0.0,117.00220490000001,37.087993622,0.0,80000.0
4716,2008.2231967999999,12.857661247000001,0.9137844443,0.9115005731999999,1.128710866,2.2605040073,74.87104797399999,0.39581486579999997,0.0,119.08130646,37.012435913000004,0.0,80000.0
4717,2008.3751968,12.753535270999999,0.9235328436,0.9184641838,1.1058176756,2.2450792789,75.77246093800001,0.3911240399,0.0,116.70471191,37.035655975,0.0,80000.0
4718,2008.5271968,12.746453285,0.9418116212000001,0.9322864412999999,1.0719777346,2.2353792191,75.833137512,0.39486894009999995,0.0,112.70033264,37.034397125,0.0,80000.0
4719,2008.6791967999998,12.95430851,0.9573898911,0.9567433595999999,1.0599241256999998,2.2633049488,74.990486145,0.4030144811,0.0,110.72247314,37.175014495999996,0.0,80000.0
4720,2008.8311967999998,13.288463593,0.9463854432,0.9570000171999999,1.0595040321,2.2831332684,74.343322754,0.40250808,0.0,111.15622711,37.3855896,0.0,80000.0
4721,2008.9831967999999,13.330696106,0.9253078698999999,0.92894876,1.0633386374,2.2998371124,74.22436523399999,0.3976771533,0.0,113.33541869999999,37.556762695,0.0,80000.0
4722,2009.1351968,13.174502373,0.9183271527,0.9207484126000001,1.0685023069,2.3084402084,75.146705627,0.3883766234,0.0,114.60495758,37.700946808000005,0.0,80000.0
4723,2009.2871968,13.294845580999999,0.9162756801,0.9146284461,1.0683063269,2.313103199,78.612419128,0.37821480630000004,0.0,114.17333984,37.869819641,0.0,80000.0
4724,2009.4391967999998,13.444665909000001,0.9237652420999999,0.9197698832,1.0619566441,2.3214952946,79.922485352,0.3704855442,0.0,113.80303955,38.064460754,0.0,80000.0
4725,2009.5911967999998,13.348697662000001,0.9408450127,0.9300256968,1.0612158775,2.3309493065,79.670845032,0.3676711917,0.0,113.64032745,38.134403229,0.0,80000.0
4726,2009.7431967999999,13.291505814,0.9645681381,0.9583725929000001,1.0649882554999999,2.3279943466,78.37574768100001,0.3746910095,0.0,114.04248047,38.24174118,0.0,80000.0
4727,2009.8951968,13.285542487999999,0.9695761204000001,0.9730472565,1.0725562572,2.308049202,77.97283172600001,0.38671371340000005,0.0,114.94566345,38.293926239,0.0,80000.0
4728,2010.0471968,13.285400391,0.9634636045,0.962197125,1.0846825838,2.2993817328999997,80.32976532,0.3973402083,0.0,116.35931396,38.17716217,0.0,80000.0
4729,2010.1991967999998,13.285400391,0.9703636765000001,0.9659410118999999,1.0969451665999999,2.3105602264,80.491294861,0.39933714270000004,0.0,116.83142853,38.089637756,0.0,80000.0
4730,2010.3511967999998,13.292413712,0.9635562897,0.976668179,1.1100817919,2.3269484043,78.760643005,0.3986314237,0.0,117.72657013,38.19260788,0.0,80000.0
4731,2010.5031967999998,13.314248085,0.9344167709000001,0.9398447871,1.1252530813,2.3375604153,76.046211243,0.403292805,0.0,119.00185394,38.33549881,0.0,80000.0
4732,2010.6551967999999,13.323989868,0.9400966167,0.9292189479,1.1404225826,2.3437325954,73.832817078,0.4018757939,0.0,120.34488678,38.350517273,0.0,80000.0
4733,2010.8071968,13.334589957999999,0.9754143953,0.96003896,1.1561480761,2.3395235538,71.17378234899999,0.3970379829,0.0,118.90966034,38.27728653,0.0,80000.0
4734,2010.9591967999997,13.334149361,1.0129674673,0.9977042675,1.1750471592,2.3263785839,68.298171997,0.3894841075,0.0,113.59348297,38.147399902,0.0,80000.0
4735,2011.1111967999998,13.31563282,1.0491693020000001,1.0347373486,1.1945631504,2.3168921471,66.34939575199999,0.3697791994,0.0,108.13241577,37.951198578,0.0,80000.0
4736,2011.2631967999998,13.224372864000001,1.0823549032,1.0698623657,1.2134566306999999,2.3315167427000003,65.633537292,0.3525439501,0.0,105.77867889,37.908378601,0.0,80000.0
4737,2011.4151967999999,13.20751667,1.1126137972,1.1001478434,1.2235411406,2.3445489406999998,65.01614379899999,0.34547835590000003,0.0,107.05220795,38.110874175999996,0.0,80000.0
4738,2011.5671968,13.594995499000001,1.1367384195,1.1309300661,1.2289853095999999,2.3532855511,65.035346985,0.3488579392,0.0,109.35969543,38.274188995,0.0,80000.0
4739,2011.7191967999997,13.857493401,1.1369216442,1.1432032585,1.2306121587999999,2.3532376288999997,65.902183533,0.36306467649999996,0.0,110.73396301,38.334079742,0.0,80000.0
4740,2011.8711967999998,13.932442665,1.1052691936,1.1245616673999999,1.230419755,2.3645040989,66.213180542,0.3767988682,0.0,111.63465118,38.295478820999996,0.0,80000.0
4741,2012.0231967999998,13.917495727999999,1.0520853996,1.0739949942,1.2272315025,2.3622245789,67.547233582,0.3859008551,0.0,112.75635529,38.157493591,0.0,80000.0
4742,2012.1751967999999,13.87374115,1.0153410434999999,1.0205173492,1.221426487,2.3551259041,68.138420105,0.39105167979999994,0.0,114.03539276,38.117019653,0.0,80000.0
4743,2012.3271968,13.838717461,1.0215204954000001,1.0137348175,1.206081748,2.3346781731,68.461784363,0.393901825,0.0,114.23633575,38.200775146,0.0,80000.0
4744,2012.4791968,13.826316833,1.0447803736,1.035758853,1.1823641062,2.3278353214,68.779953003,0.392991662,0.0,112.3374939,38.282043457,0.0,80000.0
4745,2012.6311967999998,13.859680176,1.0513498783,1.0584210157,1.1598632336,2.3402059078,68.53511047399999,0.3944661915,0.0,110.23923492,38.296154021999996,0.0,80000.0
4746,2012.7831967999998,13.92192173,1.0156942606000001,1.033110261,1.1632424593000001,2.352686882,68.372612,0.3872536421,0.0,109.29113007,38.178619385,0.0,80000.0
4747,2012.9351967999999,13.803360939000001,0.9836326837999999,0.9870997667,1.1796379089,2.3521428108,67.445419312,0.3724024594,0.0,109.52643585,38.01279068,0.0,80000.0
4748,2013.0871968,13.720878600999999,0.9922117590999999,0.98501724,1.1991770267,2.3263452053,66.276054382,0.3707348108,0.0,112.10493469,37.913337708,0.0,80000.0
4749,2013.2391968,13.714828490999999,1.0151541232999999,1.0061451197,1.2190221548,2.3082365990000002,66.176696777,0.3719749153,0.0,114.19966125,38.041297913,0.0,80000.0
4750,2013.3911967999998,13.769088745,1.043946147,1.0290765762,1.2387719154,2.3142337799,66.271949768,0.3674708903,0.0,113.44813538,38.29378891,0.0,80000.0
4751,2013.5431967999998,13.853998184000002,1.0898156166,1.0687717199,1.2586163282,2.3348269462999998,65.382774353,0.37351846689999996,0.0,110.78265381,38.435787201,0.0,80000.0
4752,2013.6951967999998,13.895687103,1.1492048501999998,1.1226007938,1.2845028639,2.3532328606,64.33157348600001,0.3778997064,0.0,107.05870819,38.128986359,0.0,80000.0
4753,2013.8471968,13.937731742999999,1.21933043,1.1914521456,1.3193210362999999,2.3553600311,63.838829041000004,0.3667796254,0.0,105.47058105,37.792266846,0.0,80000.0
4754,2013.9991968,14.049283980999999,1.2618573904000001,1.2611645459999998,1.3541425467,2.3639290333000003,64.057746887,0.3555347323,0.0,106.23973846,37.804260254,0.0,80000.0
4755,2014.1511967999998,14.129146575999998,1.2246367931,1.2466458082,1.3848124743,2.3870015144,64.853904724,0.3554737568,0.0,106.53030396,37.90574646,0.0,80000.0
4756,2014.3031967999998,14.157894135,1.1625542641,1.1840375662,1.4020116328999999,2.403522253,64.864212036,0.3663987517,0.0,108.76335907,37.714923859,0.0,80000.0
4757,2014.4551967999998,14.170005798,1.1288398504000001,1.1357055902,1.3774600029,2.392480135,64.748657227,0.3729479909,0.0,111.14815521,37.569206238,0.0,80000.0
4758,2014.6071967999999,14.180071831,1.1219742298,1.1266077757,1.3380044699,2.3842463493,66.420547485,0.3770598769,0.0,110.21875,37.524085999,0.0,80000.0
4759,2014.7591968,14.183321953,1.1048817635,1.11345613,1.2949380875,2.3740277290000003,67.713157654,0.3764390051,0.0,108.29544067,37.505699158,0.0,80000.0
4760,2014.9111967999997,14.226103783,1.0731699467,1.0894014834999999,1.2518930435,2.360013485,68.647964478,0.3754181564,0.0,107.93173218,37.566368103,0.0,80000.0
4761,2015.0631967999998,14.204906464,1.0293381214,1.0436868668000001,1.2112057209,2.3566300869,70.199249268,0.385758549,0.0,109.12730408,37.740589142,0.0,80000.0
4762,2015.2151967999998,14.146154404,1.0003535748,1.0111539364,1.1711517572,2.3414993286000003,74.206604004,0.40385380390000003,0.0,110.69416809,37.832508087,0.0,80000.0
4763,2015.3671967999999,14.19046402,0.9764215945999999,0.9862598777,1.1395564079,2.3270828724,77.87193298300001,0.4112666547,0.0,112.11032104,37.727470398,0.0,65000.0
4764,2015.5191968,14.310471535,0.9524809718,0.9621168970999999,1.1174046993,2.3124060631,79.977386475,0.4043334126,0.0,112.92718506,37.610828399999995,0.0,65000.0
4765,2015.6711968,14.452561378,0.9301618338,0.9379883409,1.10176301,2.3071138859,82.020805359,0.3886134028,0.0,113.42740631,37.692760468,0.0,65000.0
4766,2015.8231967999998,14.604253769000001,0.9159347415000001,0.9197335243000001,1.0946912765999999,2.3036561012,83.88971710199999,0.3731519282,0.0,113.58059692,37.769134521,0.0,65000.0
4767,2015.9751967999998,14.781462669000001,0.914580822,0.9134272932999999,1.0936409235,2.2965500355,84.183883667,0.3672136664,0.0,113.87397766,37.746082306,0.0,65000.0
4768,2016.1271967999999,14.916711807,0.9218710661,0.9184805155,1.0955796242,2.2942090034000002,82.042938232,0.3657393157,0.0,113.74195099,37.641448975,0.0,65000.0
4769,2016.2791968,14.73770237,0.9369702339,0.9290989637,1.1019941568,2.2971756458000003,78.063659668,0.3740973473,0.0,113.31233215,37.41910553,0.0,65000.0
4770,2016.4311968,14.759087563,0.9649329185,0.9531108737,1.1072769165,2.3022334576,73.394752502,0.391923219,0.0,112.58650208,37.239608765,0.0,65000.0
4771,2016.5831967999998,14.876530647000001,0.9950963259000001,0.9836843609999999,1.1198567151999999,2.3082885741999997,71.489631653,0.4023770392,0.0,111.90095520000001,37.341518402,0.0,80000.0
4772,2016.7351967999998,14.868422508,1.022264719,1.0117617846,1.13720119,2.3245861530000003,70.70525360100001,0.39290416240000003,0.0,112.01335907,37.503490448,0.0,80000.0
4773,2016.8871967999999,14.742056847,1.0390149355,1.0359902382,1.1664327383,2.3422193527,69.385093689,0.3765892982,0.0,112.18302155,37.477844238,0.0,80000.0
4774,2017.0391968,14.559865952000001,1.0329999924,1.034193635,1.1987390518,2.3426191807,68.9739151,0.3733241856,0.0,111.72927094,37.440021515,0.0,80000.0
4775,2017.1911968,14.457871437,1.0344569683,1.0327787399,1.2305033207,2.3481807709,69.51293182399999,0.3699147403,0.0,111.71910858,37.436027527,0.0,80000.0
4776,2017.3431967999998,14.627131462000001,1.04547894,1.0377366543000002,1.2554788589,2.3550920486,70.312690735,0.3704752326,0.0,112.13282013,37.381408691,0.0,80000.0
4777,2017.4951967999998,14.703701019,1.0783506632,1.0625561476,1.2780501842,2.3521819115000002,69.59029388399999,0.3691096008,0.0,111.30963135,37.133205414,0.0,80000.0
4778,2017.6471967999998,14.695201874,1.1215196848,1.1087399721,1.2844526768,2.351483345,69.38895416300001,0.36212691659999996,0.0,109.60739899,36.885402679,0.0,80000.0
4779,2017.7991968,14.712944031,1.1246407031999999,1.1295593977,1.2846672534999999,2.3413527012,69.42666626,0.3653745949,0.0,107.79126740000001,36.988918304,0.0,80000.0
4780,2017.9511968,14.735033989000001,1.0866801739,1.1028189659,1.2792912722,2.3265259266,69.787574768,0.3731847703,0.0,107.61334991,37.001266479,0.0,80000.0
4781,2018.1031967999998,14.668772697,1.0476890802,1.0595215559,1.2586929798,2.3084430695,70.738540649,0.37881553170000004,0.0,109.40235901,36.825328827,0.0,80000.0
4782,2018.2551967999998,14.666543960999999,1.0341200829000001,1.0366176367,1.2327592373,2.3103923797999997,70.172401428,0.3865406811,0.0,110.64531708,37.001651764,0.0,80000.0
4783,2018.4071967999998,14.775635719,1.0382217168999999,1.0371778011,1.2007520199,2.3322780132,68.91755676300001,0.39185991880000004,0.0,111.71621704,37.002971649,0.0,80000.0
4784,2018.5591967999999,14.80199337,1.0390000343,1.0391464233,1.1708891392,2.3361449242,69.502342224,0.3892607689,0.0,114.11065674,36.829593658,0.0,80000.0
4785,2018.7111968,14.752845764000002,1.0335888863,1.0391552448,1.1425901651,2.3308594227,70.188903809,0.38760244850000003,0.0,118.88285065,36.772941589,0.0,80000.0
4786,2018.8631967999997,14.717681885,0.9966645837,1.017947793,1.1151901484,2.3155441284,71.819152832,0.38528475170000004,0.0,123.34827423,36.999973297,0.0,80000.0
4787,2019.0151967999998,14.523563385,0.9203321338,0.9483296871,1.1045876741,2.2925202847,72.951644897,0.3955815434,0.0,123.35675049,36.814594269000004,0.0,80000.0
4788,2019.1671967999998,13.959886550999999,0.8755044937,0.8853525519,1.1136453151999999,2.2835354805000003,72.444122314,0.4088495076,0.0,121.22441101,36.698249817,0.0,80000.0
4789,2019.3191967999999,14.125554085,0.9004363418000001,0.8835834861,1.128582716,2.2891843319,71.750053406,0.41462132329999996,0.0,118.94592285,36.969142914,0.0,80000.0
4790,2019.4711968,14.481079102,0.9809499979,0.9461190104,1.1520744562,2.2969825268,70.645706177,0.4041591287,0.0,116.55379486,37.033287048000005,0.0,80000.0
4791,2019.6231968,14.562319755999999,1.0748296976,1.0416222811,1.1763805151,2.3103401661,69.796882629,0.3845995367,0.0,112.34993744,37.114837646,0.0,80000.0
4792,2019.7751967999998,14.457183837999999,1.1212075949,1.1094968319,1.1933236122,2.3255832195,69.183105469,0.3732215464,0.0,108.17671967,37.169204711999996,0.0,80000.0
4793,2019.9271967999998,14.370275497,1.1096068621,1.1180237532,1.1936979294,2.3417332172,69.118766785,0.3758504093,0.0,106.52190399,37.157608032,0.0,80000.0
4794,2020.0791967999999,14.345709801,1.0686383247,1.0840613842,1.1862654686,2.3630058765,69.979278564,0.38706210259999996,0.0,106.83189392,37.072494506999995,0.0,80000.0
4795,2020.2311968,14.284441948,1.0382025242,1.0492497683,1.1747825146,2.3743364811000003,71.923339844,0.38709288840000006,0.0,106.10057068,36.868404388,0.0,80000.0
4796,2020.3831968,14.139156342,1.0195609331,1.0261634588,1.1522064209,2.3669691086,73.207580566,0.3850618601,0.0,105.83213043,36.970359802,0.0,80000.0
4797,2020.5351967999998,13.980584145,1.0077034235,1.0115987062,1.1371479034,2.3455097675,71.775337219,0.39058539270000003,0.0,109.00614929,37.301856995,0.0,80000.0
4798,2020.6871967999998,13.935285568,1.0054637194,1.0039526224,1.1342654228,2.3330290318,69.944595337,0.3991583586,0.0,112.31273651,37.446617126,0.0,80000.0
4799,2020.8391967999999,14.064054489,1.0233387946999999,1.0170190334,1.1314721106999999,2.319464922,68.087028503,0.39400738479999997,0.0,113.78723907,37.55538559,0.0,80000.0
4800,2020.9911968,14.157543182000001,1.0340000391,1.0312725306000001,1.1199061871,2.3194613456999997,65.46582031300001,0.38695257899999996,0.0,113.55137634,37.450538635,0.0,80000.0
4801,2021.1431968,14.120829582,1.0350476503000001,1.0341999531000001,1.1135487556,2.3247349262,63.244064331000004,0.3848807216,0.0,111.81765747,37.141033173000004,0.0,80000.0
4802,2021.2951967999998,14.076710701,1.0422317982,1.0387501717,1.1123687029,2.326154232,63.402015686000006,0.3823092282,0.0,110.54985046,36.892902374,0.0,80000.0
4803,2021.4471967999998,14.064894676,1.0506299734,1.0495560169,1.1136838198,2.3289675712999998,65.19635772699999,0.3870583475,0.0,111.20070648,36.793746948,0.0,80000.0
4804,2021.5991967999998,14.056241035,1.038001895,1.0424431562,1.1168572903,2.3399865627,66.484573364,0.39651227,0.0,111.75754547,36.943134308000005,0.0,80000.0
4805,2021.7511968,14.054433823,1.0329999924,1.034437418,1.1197613478,2.3524906635,67.20433044399999,0.39676231149999996,0.0,112.14113617,37.046955109,0.0,80000.0
4806,2021.9031968,14.039539337,1.0315505266,1.0326718092,1.1173576117,2.3528139591,67.676811218,0.3880376518,0.0,112.45236969,37.102371216,0.0,80000.0
4807,2022.0551967999997,13.892873764,1.0187641382,1.0253975390999999,1.1123059988,2.3504078388,67.424484253,0.38330137729999997,0.0,112.36367798,37.02589798,0.0,80000.0
4808,2022.2071967999998,13.517499924000001,0.9883525371999999,0.9989113808,1.1073716879,2.3443820477,68.032043457,0.3912172019,0.0,112.32447815,36.913223267,0.0,80000.0
4809,2022.3591967999998,13.323848724000001,0.9784472584999999,0.9788255095,1.1026607752,2.3370275497,70.174797058,0.4020574689,0.0,112.8296051,36.914672851999995,0.0,80000.0
4810,2022.5111967999999,13.324047089,1.006459713,0.9961165190000001,1.0999988317,2.3252923488999997,73.242462158,0.41145524380000004,0.0,113.32852936,36.952617645,0.0,80000.0
4811,2022.6631968,13.342348099,1.0294077395999999,1.0203977823000001,1.0992757082,2.3153452873,74.937812805,0.414971143,0.0,113.67111969,37.012077332,0.0,80000.0
4812,2022.8151967999997,13.345299720999998,1.0476878881,1.0425213575,1.0989763737,2.3068397044999998,74.10247039800001,0.409214288,0.0,114.50726318,37.150810242,0.0,80000.0
4813,2022.9671967999998,13.345299720999998,1.0357145071,1.041418314,1.0986030102,2.3049969672999997,73.20288085899999,0.4038333893,0.0,114.35194397,37.22600174,0.0,80000.0
4814,2023.1191967999998,13.337529182,1.0081737041,1.0181593895,1.1048636436,2.3077638149,74.261810303,0.40736171600000004,0.0,113.79305267,37.29417038,0.0,80000.0
4815,2023.2711967999999,13.324995995,0.9947994351,1.0007016659,1.1208101511,2.312016964,76.346046448,0.41467571259999997,0.0,113.65446472,37.553718567,0.0,80000.0
4816,2023.4231968,13.31246376,0.9793779254,0.9851253629000001,1.138556242,2.3170936108,76.905014038,0.4166265428,0.0,114.03969574,37.968357086,0.0,80000.0
4817,2023.5751968,13.306565285,0.9741566181,0.9727502465000001,1.154103756,2.3400146961000003,76.155067444,0.4118433297,0.0,114.47852325,38.034923553,0.0,80000.0
4818,2023.7271967999998,13.3054533,1.0098180771,0.9971496462999999,1.1689668894,2.3586211205,75.224281311,0.40317142009999996,0.0,114.02060699,37.559547424,0.0,80000.0
4819,2023.8791967999998,13.305398940999998,1.0278377533,1.0185605288,1.1842606068000001,2.3607838154,73.24230194100001,0.3950787187,0.0,112.20223236,37.52173996,0.0,80000.0
4820,2024.0311967999999,13.305398940999998,1.0754730701000002,1.0553804636,1.2058762312,2.3559007645,69.412864685,0.3923484087,0.0,109.26396179,37.9815979,0.0,80000.0
4821,2024.1831968,13.305398940999998,1.1365115643,1.1113939284999999,1.2316986322,2.3626723289,67.848091125,0.3931826353,0.0,107.44756317,38.017978668000005,0.0,80000.0
4822,2024.3351968,13.308059692,1.2064660788,1.178093195,1.2540535927,2.3839449883,68.474487305,0.3896459341,0.0,105.54389191,37.847423553,0.0,80000.0
4823,2024.4871967999998,13.316479682999999,1.2666743994,1.2486104965,1.2652733326,2.4054002762,69.449760437,0.38172370200000005,0.0,103.32208252,37.443557739,0.0,80000.0
4824,2024.6391967999998,13.348587036,1.2362294196999999,1.2538142204,1.2635464668,2.4158098698,70.386566162,0.374204725,0.0,104.93020630000001,37.004062653000005,0.0,80000.0
4825,2024.7911967999999,13.42110157,1.1254972219,1.169149518,1.2361861467,2.4172022343,70.587867737,0.3714888692,0.0,108.59979248,36.69884491,0.0,80000.0
4826,2024.9431968,13.53950882,1.028890729,1.0646699667,1.1862475872,2.4186999798,69.67819213899999,0.3761581182,0.0,112.40596771,36.815021515,0.0,80000.0
4827,2025.0951968,13.574994087,0.9881700277,1.0018385649,1.1280041933,2.4009077549,69.331878662,0.3892812431,0.0,115.88437653,36.924468994,0.0,80000.0
4828,2025.2471967999998,13.414542198,0.9989305734999999,0.9948487281999999,1.0840675831,2.3640258312,70.92037963899999,0.40367156270000004,0.0,116.59168243,36.86693573,0.0,80000.0
4829,2025.3991967999998,13.246638297999999,1.0059894323,1.0039343834,1.0525155067,2.3376200199,74.82766723600001,0.4173267782,0.0,115.48834229,36.796264648000005,0.0,80000.0
4830,2025.5511967999998,13.181344032,0.9930767417,0.9996929765000001,1.0235671997,2.3246929646,78.273765564,0.429353565,0.0,114.62283325,37.020214081,0.0,80000.0
4831,2025.7031968,13.175801277,0.9518296719,0.9685450792,0.9946396947,2.3251063824,80.106788635,0.437735796,0.0,114.74507904,37.024967194,0.0,65000.0
4832,2025.8551968,13.185285568,0.8980833887999999,0.9196427464,0.9702908993000001,2.3256306648,81.20199585,0.44073084,0.0,116.20245361,37.111190796,0.0,65000.0
4833,2026.0071967999997,13.196356773,0.8484625816,0.8665609956,0.9495336413,2.31402421,82.683242798,0.4438594878,0.0,118.48773956,36.896568298000005,0.0,65000.0
4834,2026.1591967999998,13.200555800999998,0.8341369033,0.8383886814,0.9318947792,2.308450222,84.28665161100001,0.4447564483,0.0,120.03568268,37.389690399,0.0,65000.0
4835,2026.3111967999998,13.196861267000001,0.8486389518,0.8421361446,0.9256047009999999,2.3010120391999997,85.10041809100001,0.43686452509999996,0.0,120.31768799,37.541893005,0.0,65000.0
4836,2026.4631967999999,13.190087318,0.8796284199,0.8673830032,0.9292620420000001,2.293333292,84.775253296,0.4253853261,0.0,119.77632141,37.554229735999996,0.0,65000.0
4837,2026.6151968,13.189838409000002,0.9106774926000001,0.8986721039,0.9460810423,2.2871551514,83.66887664800001,0.4172153175,0.0,118.24595642,37.852321625,0.0,65000.0
4838,2026.7671967999997,13.195538521,0.9328698515999999,0.9235582351999999,0.9692799448999999,2.2903451919999998,83.24622345,0.41550618409999995,0.0,115.44651031,38.183597565,0.0,65000.0
4839,2026.9191967999998,13.211823463,0.9683422446,0.9552752376000001,0.9994505048000001,2.3031823635,82.303237915,0.40612652899999996,0.0,113.38634491,38.382118225,0.0,65000.0
4840,2027.0711967999998,13.271191597,0.9808093309,0.9782825112000001,1.0305173397,2.3137748241,79.081550598,0.38954427840000005,0.0,113.09134674,38.385089874,0.0,65000.0
4841,2027.2231967999999,13.357432365,0.9267229438,0.9457746148,1.0614696741,2.3094098568,75.43973541300001,0.37921851869999995,0.0,114.29648590000002,38.235374451,0.0,65000.0
4842,2027.3751968,13.434577942,0.9311001301,0.9257339239,1.0880924463,2.3029015064,71.689788818,0.38013187049999997,0.0,116.07807159,38.084911346,0.0,80000.0
4843,2027.5271968,13.480563164000001,1.0521843433,1.0041972398999999,1.1085423231,2.3068413734,68.981925964,0.38787117600000004,0.0,117.16542053,37.765232086,0.0,80000.0
4844,2027.6791967999998,13.508227348,1.1719384193,1.1275912523,1.1225341558,2.3166069984,65.769737244,0.3892812729,0.0,115.12355042,37.376289368,0.0,80000.0
4845,2027.8311967999998,13.559254646,1.1667789221,1.1701024771,1.1284089088,2.3346157074000002,61.99502182,0.38142246009999997,0.0,110.82823944,37.18598175,0.0,80000.0
4846,2027.9831967999999,13.677595139000001,1.095676899,1.1235744953,1.1317605972,2.3545587062999997,59.79919052100001,0.3730131686,0.0,107.76378632,36.985057831,0.0,80000.0
4847,2028.1351968,13.852552414000002,1.038933754,1.0612636805,1.135350585,2.3560721874,60.475990295,0.3748747706,0.0,106.26526642,36.849281311,0.0,80000.0
4848,2028.2871968,13.948814392000001,1.0191327333,1.0272461176,1.1389415264,2.34526968,62.540428162,0.38747653369999996,0.0,107.79877472,36.799415588,0.0,80000.0
4849,2028.4391967999998,13.791618347,1.0023280382,1.0091701746,1.1425334215,2.3357794285,65.172569275,0.4012315869,0.0,111.81730652,36.776191710999996,0.0,80000.0
4850,2028.5911967999998,13.622313499,0.9883601665,0.9939128159999999,1.1438000202,2.3362269402,66.592033386,0.4056999981,0.0,115.60181427,36.909786224,0.0,80000.0
4851,2028.7431967999999,13.571550369,0.9750427008,0.9798930287000001,1.1420000792,2.3512425423,65.964050293,0.40473571420000004,0.0,117.47276306,37.141914368,0.0,80000.0
4852,2028.8951968,13.565403938,0.9768489599,0.9758961201,1.1391438245999999,2.3612241744999998,65.05796051,0.40439203380000005,0.0,116.81896210000001,37.296474456999995,0.0,80000.0
4853,2029.0471968,13.564900397999999,0.9981441498,0.9895330667,1.1363149881,2.3668439387999998,64.93629455600001,0.4059025645,0.0,112.40821838,37.270385741999995,0.0,80000.0
4854,2029.1991967999998,13.564900397999999,1.0297036171,1.0162968636,1.1306027174,2.3714852333,64.074295044,0.398511529,0.0,107.18908691,36.912776947,0.0,80000.0
4855,2029.3511967999998,13.560979843,1.1065279245,1.0762702227,1.1147499084,2.3743174076,63.167915343999994,0.3908285797,0.0,104.26752472,36.528629303,0.0,80000.0
4856,2029.5031967999998,13.617364882999999,1.1797484159,1.1517201662,1.0944479704,2.3843271732,62.892051697,0.39564633369999996,0.0,105.25995636,36.72927475,0.0,80000.0
4857,2029.6551967999999,13.795648575,1.136193037,1.1533209085,1.0945855379,2.4006080627,64.311302185,0.3988730907,0.0,109.54602051,36.904136658,0.0,80000.0
4858,2029.8071968,13.946235657,1.0346004963,1.0748238564,1.1097728014,2.3991732597,66.93833923300001,0.3922585547,0.0,116.09056854,37.017520905,0.0,80000.0
4859,2029.9591967999997,13.98670578,0.9385558367,0.9764196276999999,1.1089895964,2.3784871101,69.393409729,0.38613796229999997,0.0,121.68445587,37.117221832,0.0,80000.0
4860,2030.1111967999998,14.005755424,0.9205528498000001,0.9279040098000001,1.0927183628000001,2.3623020649,70.724372864,0.3814820647,0.0,122.36067963,37.08915329,0.0,80000.0
4861,2030.2631967999998,14.026922225999998,1.0006084442,0.9693239331,1.0760326384999999,2.3595941067,70.450691223,0.3785755932,0.0,119.58295441,37.405063629000004,0.0,80000.0
4862,2030.4151967999999,13.977163315,1.0360416174,1.0218887329000002,1.0608669519,2.3684437275,67.972007751,0.3828507066,0.0,116.38095093,37.465877533000004,0.0,80000.0
4863,2030.5671968,13.931975365,1.0389305353,1.0380394459,1.0444860458,2.3830358981999997,63.55878067,0.38907858729999995,0.0,114.12343597,37.384227753000005,0.0,80000.0
4864,2030.7191967999997,14.032792091,1.0330085754,1.0353215933,1.0267215967,2.396769762,61.586795807,0.3891521394,0.0,112.74925995,37.232532501,0.0,80000.0
4865,2030.8711967999998,14.095336914,1.0337926148999999,1.0333665609,1.0085715055,2.4064869881,61.250743866,0.3894754946,0.0,113.10587311,37.177352905,0.0,80000.0
4866,2031.0231967999998,13.993270874,1.000831008,1.0141295195,0.9898149370999999,2.400187254,61.461658478000004,0.3967752457,0.0,115.19229889,37.074356079,0.0,80000.0
4867,2031.1751967999999,13.939831734,0.9589446187,0.9756122828,0.9702470899,2.3830680847,62.710292816000006,0.4043837786,0.0,117.64215088,36.914669036999996,0.0,80000.0
4868,2031.3271968,13.975029945,0.9020732641,0.9242705106999999,0.9566780925,2.3637785912,64.105445862,0.4057430625,0.0,122.26213074,36.574440001999996,0.0,80000.0
4869,2031.4791968,13.972308159,0.8273254633,0.8573829531999999,0.950042367,2.3485558033,64.81072235100001,0.4073622823,0.0,128.98455811,36.139892578,0.0,80000.0
4870,2031.6311967999998,13.877617835999999,0.8150792122,0.8200126886,0.9453140497,2.3369424343,64.575904846,0.41459050770000005,0.0,131.43670654,36.070449829,0.0,80000.0
4871,2031.7831967999998,13.702588080999998,0.8387684226000001,0.8292557597,0.9406268597,2.3232724666999998,63.496089935,0.4216271639,0.0,130.31089783,36.1016922,0.0,80000.0
4872,2031.9351967999999,13.562981606,0.8933447599,0.8711982965,0.9331192970000001,2.3197021484,62.93101120000001,0.4283820689,0.0,128.04084778,36.348033905,0.0,80000.0
4873,2032.0871968,13.641964912,0.9294614792,0.9145330191,0.9225926399,2.3227109909,63.324462891,0.4310152829,0.0,126.48492432,36.628780365,0.0,80000.0
4874,2032.2391968,13.788330078,0.9329483509000001,0.9310881495000001,0.9115547538,2.3228597641,63.982284546,0.42489510770000005,0.0,127.52035522,36.696880340999996,0.0,80000.0
4875,2032.3911967999998,13.608130455,0.9143850803,0.9216967225,0.9010320902,2.3218204975,64.78263092,0.4241026342,0.0,130.08601379,36.557899475,0.0,65000.0
4876,2032.5431967999998,13.307271004,0.8885861039,0.8986566067,0.8920277953,2.3186888695,65.77911377,0.4275959432,0.0,132.18869019,37.03981781,0.0,65000.0
4877,2032.6951967999998,13.183662415,0.8519464134999999,0.8665434122,0.894115746,2.3121609687999998,66.161155701,0.42908948659999996,0.0,134.83660889,37.312145233,0.0,65000.0
4878,2032.8471968,13.166213989000001,0.8150306344,0.82994169,0.9245620966,2.3047971725,65.585258484,0.4247393012,0.0,137.36436462,37.556201935,0.0,65000.0
4879,2032.9991968,13.169628142999999,0.8043011427,0.8086352348,0.9893843532,2.3012309074,65.214157104,0.4205876589,0.0,137.4420929,37.675506592,0.0,65000.0
4880,2033.1511967999998,13.182514191,0.8378399611,0.8243287802,1.0694460869,2.3058989048,64.68738555899999,0.4182737768,0.0,135.55804443,37.595848083,0.0,65000.0
4881,2033.3031967999998,13.262847899999999,0.9344928861,0.8949910402,1.1479099989000001,2.3187665939,63.708950043,0.4136419594,0.0,132.63172913,37.469535828000005,0.0,65000.0
4882,2033.4551967999998,13.450652122000001,1.1005015373,1.0343749523,1.2144563198,2.327103138,63.47909545899999,0.4097969234,0.0,128.42964172,37.143844604,0.0,65000.0
4883,2033.6071967999999,13.651258469000002,1.4974188805000002,1.3349792957,1.2561647892,2.3357415199,62.712795258,0.4055158794,0.0,121.15355682,37.099342346,0.0,65000.0
4884,2033.7591968,13.78075695,1.7444531918000001,1.6464313269,1.2714239359000001,2.3574881554,60.580642700000006,0.3967737257,0.0,110.89791107,37.255779266,0.0,65000.0
4885,2033.9111967999997,13.917834282000001,1.6643750668000001,1.6981568336000001,1.2901438475,2.3898530006,60.004802704,0.383223772,0.0,99.597717285,37.414676666,0.0,80000.0
4886,2034.0631967999998,14.132011414,1.1921436787000002,1.3919862509,1.3293786049,2.4153256416,61.429775238000005,0.3789429069,0.0,93.71356201200001,37.410587311,0.0,80000.0
4887,2034.2151967999998,14.300717354000001,1.0095785856000001,1.0809220076000001,1.3620078563999998,2.4317035675,63.064838409,0.38860747219999997,0.0,97.03636169399999,36.943271636999995,0.0,80000.0
4888,2034.3671967999999,14.321270943,0.9158944487999999,0.9523411989,1.3725905418000002,2.4319293499000003,63.899337769,0.4004710913,0.0,105.10616302,37.104290009,0.0,80000.0
4889,2034.5191968,14.269661903,0.9138299227,0.9135652184,1.3523355722,2.403678894,64.183273315,0.4051457345,0.0,115.33078766,37.075382233,0.0,80000.0
4890,2034.6711968,14.224119186,0.9713587761,0.9475494623,1.3079112768,2.3883209228999998,64.545608521,0.40358680490000004,0.0,119.00214386,37.301498413000004,0.0,80000.0
4891,2034.8231967999998,14.185890198,1.0650483370000001,1.0269685984,1.2649736404,2.4102745056,64.523284912,0.3986434042,0.0,116.65143585,37.586143494,0.0,80000.0
4892,2034.9751967999998,14.197430611,1.1607598066,1.1226701736,1.2531186342,2.4306738377,62.799968719,0.39742639659999995,0.0,113.05053711,37.180446625,0.0,80000.0
4893,2035.1271967999999,14.213576317000001,1.2565381527,1.2181464434,1.2789775133,2.4371218681,61.048610687,0.40405154229999996,0.0,109.34439850000001,36.922489166,0.0,80000.0
4894,2035.2791968,14.176692009000002,1.3634867668000001,1.3200175762000002,1.3229359388,2.4514143467,60.710643768000004,0.40908873079999997,0.0,104.52574921,36.981365204,0.0,80000.0
4895,2035.4311968,14.141443253,1.422008872,1.3996331692,1.3615188599,2.4644300938,60.684608458999996,0.40806594490000003,0.0,99.580131531,37.200309753,0.0,80000.0
4896,2035.5831967999998,14.171516418,1.3843697309,1.4023705721000002,1.3662019968,2.4628713131,60.155464171999995,0.4028761983,0.0,98.559089661,37.676784515,0.0,80000.0
4897,2035.7351967999998,14.314603806,1.2952424288,1.3327157497,1.3353233337000001,2.4580953121,59.018108368,0.391620785,0.0,100.61083221,38.168609619,0.0,80000.0
4898,2035.8871967999999,14.461733817999999,1.1960195303,1.2361316681,1.2912741899,2.4557058811,58.825782776000004,0.3836731613,0.0,105.09323883,38.039596558,0.0,80000.0
4899,2036.0391968,14.481140137,1.1009026766,1.1392946243000002,1.2511711121,2.4398283958,61.485641478999995,0.3864088655,0.0,110.13399506,37.820549011,0.0,80000.0
4900,2036.1911968,14.256022453,1.0289856195,1.0572166443000002,1.2199664116,2.4095053673,64.48654174800001,0.3939163387,0.0,114.64517212,37.906253815,0.0,80000.0
4901,2036.3431967999998,13.935710907,1.0029469728,1.0122207403,1.1950495243,2.3873057365,66.125091553,0.4022428393,0.0,117.74156189,37.895038605,0.0,80000.0
4902,2036.4951967999998,13.759119034000001,1.0319119692,1.0189816952,1.1740818024,2.3792710304,67.555923462,0.4057914615,0.0,118.02301025,38.273944855,0.0,80000.0
4903,2036.6471967999998,13.666074753,1.0766849518000001,1.0584888458,1.1603497267,2.3743598461,68.114707947,0.39962968229999996,0.0,116.18516541,38.312904358000004,0.0,80000.0
4904,2036.7991968,13.591711998,1.1316162348,1.1094026566,1.1581122875,2.376437664,66.998146057,0.38281893729999994,0.0,113.23383331,38.231651305999996,0.0,80000.0
4905,2036.9511968,13.530594826,1.1865487099,1.1645026207,1.167615056,2.3872609138,65.39490509,0.3676922619,0.0,109.34167479999999,38.045528411999996,0.0,80000.0
4906,2037.1031967999998,13.524274826,1.1937971115000001,1.192347765,1.1794861555,2.4041616916999997,64.618423462,0.36733764409999997,0.0,106.00010681,37.878639221,0.0,80000.0
4907,2037.2551967999998,13.717202187,1.1581484079000002,1.1734713316,1.1833521128,2.4253635406,64.473846436,0.3791286647,0.0,104.31330872,38.074420929,0.0,80000.0
4908,2037.4071967999998,13.988562584,1.1155872345,1.1325981617,1.1926641464,2.4354493618,64.65348053,0.3902100921,0.0,105.74503326,38.231212616,0.0,80000.0
4909,2037.5591967999999,14.111456871,1.0691239834000001,1.0884444714000001,1.2119635344,2.4304983615999998,64.832183838,0.39481619,0.0,110.03566742,38.437667847,0.0,80000.0
4910,2037.7111968,14.114073753,1.0560078621,1.0606107712000001,1.2266280651,2.4265191555000003,65.57300567600001,0.39235711100000004,0.0,114.5315094,38.770915985,0.0,80000.0
4911,2037.8631967999997,14.065721512,1.0904265642,1.0751098394,1.2292748690000002,2.4279940128,67.147438049,0.3756289184,0.0,115.37436676,39.240432739,0.0,80000.0
4912,2038.0151967999998,14.095723152,1.1664986609999999,1.133990407,1.2170040607,2.429936409,68.33354187,0.3549301624,0.0,110.80552673,39.54139328,0.0,80000.0
4913,2038.1671967999998,13.989583015,1.222658515,1.2009205818000002,1.1969578266,2.4269549847,68.53910827600001,0.3415671289,0.0,105.56661987,39.574001312,0.0,80000.0
4914,2038.3191967999999,13.765052795,1.2439156771,1.2357560396,1.1747640370999999,2.4185035229,67.212280273,0.3393872082,0.0,103.20323181,39.54504776,0.0,80000.0
4915,2038.4711968,13.725756645,1.203998208,1.2216354609,1.1493760347,2.4198861122,66.382743835,0.3468477428,0.0,103.85558319,39.44562149,0.0,80000.0
4916,2038.6231968,13.729114532,1.1482914686,1.1707917452,1.1233563423000001,2.4204802513,67.320846558,0.34825941920000003,0.0,107.10568237,39.425895691,0.0,80000.0
4917,2038.7751967999998,13.727586745999998,1.087947011,1.1123231649,1.1018518209000001,2.4007086753999998,68.310646057,0.3460935652,0.0,112.06539154,39.508491516,0.0,80000.0
4918,2038.9271967999998,13.733446120999998,1.021926403,1.048702836,1.0860726833,2.3744928837,69.43572235100001,0.356125176,0.0,117.85246277,39.531402588,0.0,80000.0
4919,2039.0791967999999,13.734660149000002,0.9550846815,0.9819592237,1.0714645386,2.3535211086000003,70.373947144,0.37518844009999996,0.0,122.47209167,39.391235351999995,0.0,80000.0
4920,2039.2311968,13.728685379000002,0.8959952593000001,0.9196407199,1.0595779419,2.3363049030000003,71.211410522,0.3901542723,0.0,123.73770142,39.347446442,0.0,80000.0
4921,2039.3831968,13.720601082,0.8965920806000001,0.8934210539,1.0547161102,2.3324096203,71.186897278,0.400580734,0.0,121.59207916,39.6378479,0.0,80000.0
4922,2039.5351967999998,13.71137619,0.9502670168999999,0.9266967177,1.0543172359,2.3463995456999998,69.974807739,0.4099473655,0.0,116.35678101,39.990177155,0.0,80000.0
4923,2039.6871967999998,13.708590508,1.0973312855,1.0334454775,1.0539182425,2.3655793667,68.608558655,0.409265548,0.0,108.70588684,39.965003967,0.0,80000.0
4924,2039.8391967999999,13.739975929000002,1.235104084,1.1818351746,1.0534741879,2.3910477161,67.178230286,0.39393085240000003,0.0,102.49333954,39.705909729,0.0,80000.0
4925,2039.9911968,13.816501617,1.2524541616,1.2522337437,1.0555369854,2.4203085899000003,65.06933593800001,0.3764181435,0.0,101.12194824,39.462730408,0.0,80000.0
4926,2040.1431968,13.863864899000001,1.1419928073999999,1.1921676397,1.0671575068999999,2.4324851036000004,61.815116882,0.3687787354,0.0,102.60477448,39.454078674,0.0,80000.0
4927,2040.2951967999998,13.811379432999999,1.0275529623000002,1.0724705458,1.0912345648000001,2.4406840801,58.520317078000005,0.3709985018,0.0,104.21195984,39.340099335,0.0,80000.0
4928,2040.4471967999998,13.743437767,0.9410465956,0.9746473431999999,1.1251069307,2.452773571,55.663852692,0.3684668839,0.0,107.67986298,39.258296967,0.0,80000.0
4929,2040.5991967999998,13.776638031,0.9757640958,0.9549870491,1.1830253601,2.4520077705000003,53.078975676999995,0.3558690548,0.0,109.49847412,39.285545349,0.0,80000.0
4930,2040.7511968,13.87002182,1.1671564579,1.0818538666,1.2684009075,2.4492237568,50.690593719,0.34196779130000005,0.0,108.95658112,39.309711456,0.0,70000.0
4931,2040.9031968,13.914586067,1.5352301598,1.3775937557,1.3558727503,2.4521656036,47.53150177,0.32086199519999997,0.0,108.40859985,39.032394409,0.0,70000.0
4932,2041.0551967999997,13.851061820999998,2.0038490295,1.8101619482,1.4348666668,2.4478983879,43.561328888,0.28434115649999997,0.0,104.32055664,38.872219086,0.0,70000.0
4933,2041.2071967999998,13.762979507,2.2034831047,2.1403455734,1.5067282915,2.4540510178,40.352283478000004,0.2442712188,0.0,95.77668762200001,38.979240417,0.0,70000.0
4934,2041.3591967999998,13.759346008,2.0201120377,2.1153943538999997,1.5714766978999999,2.4749288559,38.854476929,0.22130610050000002,0.0,86.77696228,39.00352478,0.0,70000.0
4935,2041.5111967999999,13.769968987,1.6773613691,1.8235723972,1.6110805273,2.4964590073,38.890071869,0.225391984,0.0,81.725502014,38.971736908000004,0.0,70000.0
4936,2041.6631968,13.766038895,1.4047751427000001,1.5074691772,1.6273735762000001,2.4971539974,40.51121521,0.2466384768,0.0,85.091064453,38.758415221999996,0.0,70000.0
4937,2041.8151967999997,13.759047508,1.2568272352,1.3077402115,1.6206694841,2.4792976379,43.258651733,0.270252943,0.0,93.256156921,38.631259918000005,0.0,70000.0
4938,2041.9671967999998,13.757258415,1.1973487139,1.2158875465,1.561819911,2.4630284309,47.14466095,0.29380673170000005,0.0,97.266021729,38.723770142,0.0,65000.0
4939,2042.1191967999998,13.758727074000001,1.1954965591,1.1923713684000001,1.4544270038999998,2.4475998878,51.414058685,0.3201142848,0.0,98.70516967799999,38.835891724,0.0,65000.0
4940,2042.2711967999999,13.772173882,1.1937633753,1.1950011253,1.3292524815,2.4274704456,54.434371948,0.3450274169,0.0,102.4842453,38.875419617,0.0,65000.0
4941,2042.4231968,13.72309494,1.1316866875,1.1613718271,1.2217460870999999,2.4160113334999997,55.96901321399999,0.35774812100000003,0.0,107.59140015,38.902591705,0.0,65000.0
4942,2042.5751968,13.568777084,1.0173221826999999,1.0664317608,1.152425766,2.3973081112,56.34597015399999,0.3566195071,0.0,111.69528198,39.149154663000004,0.0,65000.0
4943,2042.7271967999998,13.475027084,0.9393035173000001,0.9670215248999999,1.1162211895,2.3710646629,57.799625397,0.3556485176,0.0,113.71371459999999,39.473278046,0.0,65000.0
4944,2042.8791967999998,13.47869873,0.9379781484999999,0.9329106212,1.0814893246,2.3613393307,60.46182632399999,0.3648888171,0.0,112.45118713,39.753009796,0.0,65000.0
4945,2043.0311967999999,13.513023376,0.9991171956,0.9702658057,1.0269261599,2.3675150871,62.677101135,0.3775996268,0.0,108.97704315,39.994884491,0.0,65000.0
4946,2043.1831968,13.558441162000001,1.0631804465999999,1.0379964113,0.9569997787000001,2.3863811493,64.51827239999999,0.378444761,0.0,107.04505157,40.198471069,0.0,65000.0
4947,2043.3351968,13.655632973,1.0325053929999999,1.0526651143999999,0.8947487473000001,2.4051618576,66.621879578,0.3735476732,0.0,95.322822571,40.457263947,0.0,65000.0
4948,2043.4871967999998,13.856319427,0.8885227442,0.9538065195000001,0.8464357256999999,2.4006705284,69.03079986600001,0.37696489689999996,0.0,91.93287658700001,40.76260376,0.0,65000.0
4949,2043.6391967999998,13.973347664,0.7634337543999999,0.8089492917000001,0.8052550554000001,2.3785660266999997,71.360610962,0.3887219429,0.0,95.64450836200001,40.804645538,0.0,65000.0
4950,2043.7911967999999,13.844639778,0.7452659011,0.7426972985,0.7713177204,2.3640415668,73.41870880100001,0.40650993590000006,0.0,98.923362732,40.745521545,0.0,65000.0
4951,2043.9431968,13.715931892,0.8031858801999999,0.7750613093000001,0.7383271456,2.3561348915,74.85114288300001,0.42248645420000003,0.0,101.21526337,40.771579742,0.0,65000.0
4952,2044.0951968,13.550463676,0.8104428053,0.8146083951,0.7193086147,2.3392505646,76.214813232,0.42743653060000003,0.0,101.64559174,40.920692444000004,0.0,65000.0
4953,2044.2471967999998,13.593455315,0.7700225710999999,0.7892097831,0.7261368036,2.3223364353,78.614509583,0.43610996009999997,0.0,102.1450119,41.172363280999996,0.0,65000.0
4954,2044.3991967999998,13.812110900999999,0.7582274079000001,0.7587386965999999,0.7371650338,2.3036265373,81.83681488,0.443338722,0.0,104.77807617,41.215457916,0.0,65000.0
4955,2044.5511967999998,13.562840462,0.7826316953,0.7701565623000001,0.7390956283,2.2785439491,84.962722778,0.43967649340000003,0.0,106.57870483,40.946750641,0.0,65000.0
4956,2044.7031968,13.376247406,0.819157362,0.8042826653,0.7336610556000001,2.2481043338999998,87.79879760700001,0.43467834590000004,0.0,105.86299896,40.646247864,0.0,65000.0
4957,2044.8551968,13.351994514000001,0.838702023,0.8331937194,0.7276566029000001,2.2199766636000002,90.18363189700001,0.4333087802,0.0,105.60713959,40.712776184,0.0,65000.0
4958,2045.0071967999997,13.327740669,0.8328561783,0.8372756243,0.7236032486,2.1980874538,92.336624146,0.42979013920000003,0.0,106.99917603,41.096893311,0.0,65000.0
4959,2045.1591967999998,13.303486824,0.8034307957,0.8173357844,0.7212840319,2.1745386124,95.352874756,0.4353024364,0.0,108.84600067,41.28446579,0.0,65000.0
4960,2045.3111967999998,13.279233932,0.7821366191,0.7893392444,0.7237944603,2.1571626663,98.84170532200001,0.4484881461,0.0,110.67835999,41.462093353,0.0,65000.0
4961,2045.4631967999999,13.330011368,0.7764911651999999,0.7772263288,0.7340349555,2.1526575089,102.05417633,0.4610221982,0.0,112.35152435,41.629444121999995,0.0,65000.0
4962,2045.6151968,13.530495644,0.7805093527,0.7782882452,0.7481989264,2.1553504467,104.9127655,0.4717713892,0.0,113.85118103,41.767204285,0.0,65000.0
4963,2045.7671967999997,13.724743842999999,0.7947347164,0.7884374261,0.7649440169,2.1579382419999997,107.49102020000001,0.47344413399999996,0.0,114.65613556,41.884647369,0.0,65000.0
4964,2045.9191967999998,13.830447197,0.8191486001,0.8087922335,0.7873560786,2.1611988544,109.85559082,0.4713256061,0.0,112.46739960000001,41.742855072,0.0,65000.0
4965,2046.0711967999998,13.86282444,0.8438508511,0.8346235156,0.8113890886,2.1628522873,111.80822754,0.4747159183,0.0,110.07276917,41.79656601,0.0,65000.0
4966,2046.2231967999999,13.843864441,0.8759327531000001,0.8623907566,0.8366647959000001,2.157679081,113.17564392,0.4791168869,0.0,109.91735077,41.723861694,0.0,65000.0
4967,2046.3751968,13.778761864000002,0.9234005212999999,0.9030042291,0.8647017479000001,2.1553332806,114.19396973,0.4897021055,0.0,109.23478699,41.714538574,0.0,65000.0
4968,2046.5271968,13.719851494,0.9656894207,0.9501140714,0.8873992562,2.1632711887,115.12808228,0.4974327385,0.0,107.48963165,41.758102416999996,0.0,65000.0
4969,2046.6791967999998,13.698494911,0.9466736912999999,0.9623470306,0.8942329287999999,2.171466589,114.85308075,0.493293792,0.0,106.81768799,41.886573792,0.0,65000.0
4970,2046.8311967999998,13.689648627999999,0.9447637795999999,0.9409734010999999,0.8894293308,2.1693475246,113.16519928,0.4852337837,0.0,107.68851471,42.224048615,0.0,65000.0
4971,2046.9831967999999,13.683095932,0.9632846713,0.9552394152,0.8754119277,2.1635243893,112.89281464,0.48352301119999996,0.0,108.83832549999998,42.13866806,0.0,65000.0
4972,2047.1351968,13.6773386,0.9523248672,0.9610055089,0.8599373102,2.1582107543999998,113.85926819,0.4779220521,0.0,109.25511169,42.183452605999996,0.0,65000.0
4973,2047.2871968,13.674804688,0.9207114577,0.9345161915000001,0.8464980125,2.1518433094,114.54085541,0.4727090895,0.0,109.53520203,42.372505188000005,0.0,65000.0
4974,2047.4391967999998,13.678365707000001,0.9002045989,0.9062293768,0.8335664272,2.1472446918,113.77021027,0.47629767659999994,0.0,109.99824524,42.44959259,0.0,65000.0
4975,2047.5911967999998,13.683585167,0.903172195,0.8990474343000001,0.8212710619,2.1481456757,110.84167479999999,0.48783874509999997,0.0,110.70510101,42.63299942,0.0,65000.0
4976,2047.7431967999999,13.686601639000001,0.9181542993,0.9113460779000001,0.8097925186,2.1498057842,107.58750916,0.48855262990000003,0.0,111.37284088,42.545425415,0.0,65000.0
4977,2047.8951968,13.680173874000001,0.9400911927,0.9306213259999999,0.7966108322,2.1535995007,106.82576752,0.47473642229999996,0.0,111.41546631,42.247283936,0.0,65000.0
4978,2048.0471967999997,13.667072295999999,0.9321094154999999,0.9399321675,0.7822105884999999,2.1485188007,107.6073761,0.46635803579999996,0.0,110.52351379,42.225036621,0.0,65000.0
4979,2048.1991967999998,13.664845467000001,0.8984431028000001,0.9135823846,0.769963026,2.1418540478,106.41543579,0.4620849192,0.0,109.54602814,41.960353851,0.0,65000.0
4980,2048.3511968,13.659077644000002,0.8588268161,0.8750493526,0.7597860098,2.1383690834,105.56364441,0.4630202353,0.0,109.09706116,41.854904175,0.0,65000.0
4981,2048.5031968,13.625941277,0.8287460804000001,0.8394126892,0.7492206097,2.1308529377000003,105.26306152,0.47153729200000005,0.0,109.20478821,41.959587096999996,0.0,65000.0
4982,2048.6551968,13.615362167,0.8091221451999999,0.8160037398000001,0.7375200987,2.1269254684,104.9042511,0.4788205028,0.0,109.7348175,41.97794342,0.0,65000.0
4983,2048.8071968,13.673669815,0.7963321805,0.8010635972,0.7252181768000001,2.1248238087,105.20487213,0.477360785,0.0,110.59423828,41.94499588,0.0,65000.0
4984,2048.9591968,13.750516890999998,0.7888281940999999,0.7914552093,0.7131997347,2.133510828,105.15416718,0.4742222726,0.0,111.36582947,42.040687561,0.0,65000.0
4985,2049.1111968,13.792392731,0.7821564078000001,0.7849608064,0.7029644847,2.1382775307,103.78243256,0.4711987078,0.0,111.68900299,42.24407196,0.0,65000.0
4986,2049.2631968,13.79006958,0.7772432565999999,0.7792881131,0.6977328657999999,2.1304643154,101.97535706,0.4642219841,0.0,111.43672179999999,42.599323273,0.0,65000.0
4987,2049.4151967999996,13.770626068,0.7814954519,0.7784758209999999,0.7009472251000001,2.1197249889,100.96752167,0.4531096518,0.0,110.76721191,42.453914642,0.0,65000.0
4988,2049.5671967999997,13.836296082,0.7970088124,0.7893819213,0.7084587216,2.1145899296,100.49603271,0.4474568069,0.0,110.39396667,42.190010070999996,0.0,65000.0
4989,2049.7191967999997,13.83524704,0.8152638673999999,0.8082638979000001,0.7162069081999999,2.1178920269,99.672790527,0.44934424759999997,0.0,110.80136871,42.38217926,0.0,65000.0
4990,2049.8711968,13.706261635,0.8189643025,0.8203940392,0.7248236537,2.1345684528,98.682525635,0.45580101009999996,0.0,111.60813904,42.854171753,0.0,65000.0
4991,2050.0231968,13.622824669000002,0.8092080355,0.8146888018,0.7347944379000001,2.1426939964,95.329246521,0.4606416225,0.0,112.07731628,43.315193176,0.0,65000.0
4992,2050.1751968,13.604767799000001,0.8036518693000001,0.8047078252,0.7452707887000001,2.1379337311,92.698852539,0.45795017479999994,0.0,112.19016266,43.460720062,0.0,65000.0
4993,2050.3271968,13.597839355,0.8123900293999999,0.8070334196,0.7576451301999999,2.1340694427,92.70748901399999,0.4540863335,0.0,112.15193176,43.534767151000004,0.0,65000.0
4994,2050.4791968,13.585616112,0.8323624134000001,0.8231089115000001,0.7739169001999999,2.1307361125999997,95.449417114,0.4551261365,0.0,112.03310394,43.743663788,0.0,65000.0
4995,2050.6311968,13.558839798,0.8579732776000001,0.8473764658,0.7822013497,2.1265497208,98.593467712,0.45058327909999996,0.0,111.88172150000001,43.897899628000005,0.0,65000.0
4996,2050.7831968,13.526927947999999,0.8802683949,0.8722292781000001,0.774789691,2.1138393878999997,99.95761871299999,0.4457846582,0.0,111.63882446,44.01758194,0.0,65000.0
4997,2050.9351967999996,13.50248909,0.8810495734,0.884529233,0.7571179867,2.0941627026,99.63780212399999,0.44672366979999995,0.0,111.43769836,43.69405365,0.0,65000.0
4998,2051.0871967999997,13.500494957,0.8582643867,0.8700386286,0.7317561506999999,2.0809743404,98.608398438,0.4543238282,0.0,111.19129944,43.335617065,0.0,65000.0
4999,2051.2391967999997,13.512442589,0.8237631917,0.8383632301999999,0.7151131034,2.0831134318999998,97.683204651,0.4634370208,0.0,110.67715454,43.309883118,0.0,65000.0
5000,2051.3911967999998,13.534252167,0.7842355370999999,0.8006618023000001,0.7149911523,2.0911128521,97.013656616,0.4699269533,0.0,110.30557251,43.404361725,0.0,65000.0
5001,2051.5431968,13.558597565,0.74397856,0.7601541281,0.7225241661,2.093200922,97.06713867200001,0.4732238948,0.0,110.53152466,43.529376983999995,0.0,65000.0
5002,2051.6951968,13.579644202999999,0.7241748571,0.7284737229000001,0.7304757237,2.085950613,98.20727539100001,0.4818170071,0.0,111.91300964,43.500038147,0.0,65000.0
5003,2051.8471968,13.581759453,0.7487100959,0.732165575,0.7392452359,2.0857024193,98.79999542200001,0.4770279229,0.0,113.74182892,43.21276474,0.0,65000.0
5004,2051.9991968,13.54566288,0.8044563532,0.7790850401,0.7475423217,2.0870423316999998,98.94982147200001,0.4506661296,0.0,113.5234375,43.326519012,0.0,65000.0
5005,2052.1511968,13.484199524000001,0.8743531704,0.8450339437000001,0.7541834115999999,2.0928459167,98.783081055,0.4397239685,0.0,111.55602264,43.421485901000004,0.0,65000.0
5006,2052.3031968,13.457464218,0.9366513490999999,0.9142066240000001,0.7603694797,2.0952317715,98.76566314700001,0.4582674503,0.0,110.85444641,43.374080658000004,0.0,65000.0
5007,2052.4551968,13.469109535,0.9709433913,0.9615328312,0.766951561,2.0953154564,99.301895142,0.4793703258,0.0,112.05849457,43.312831878999994,0.0,65000.0
5008,2052.6071967999997,13.493216515,0.9695269465,0.9748827219,0.7750318646,2.0906915665,100.54431915,0.4847539663,0.0,113.68809509,43.111328125,0.0,65000.0
5009,2052.7591967999997,13.499885559,0.9293895959999999,0.9508106112000001,0.7830346226999999,2.0847425461,102.31687164,0.4860572815,0.0,114.63248444,43.278072357,0.0,65000.0
5010,2052.9111967999997,13.490205765,0.856957078,0.8895272612999999,0.78636235,2.079028368,102.70755005,0.48737362030000003,0.0,115.08113098,43.640411377,0.0,65000.0
5011,2053.0631968,13.475512505,0.8029205799,0.8180534840000001,0.7800092697,2.0734405518,102.4678421,0.4879873693,0.0,115.19851685,43.9272995,0.0,65000.0
5012,2053.2151968,13.468409538,0.7995554209000001,0.7929766774,0.7642435431,2.0723590851,103.9098587,0.4936590493,0.0,114.78278351,44.089710236,0.0,65000.0
5013,2053.3671968,13.458468437,0.8375511765000001,0.8176876903,0.7485748529,2.0777111053,106.91970825,0.49659097189999996,0.0,114.21556091,43.96838760399999,0.0,65000.0
5014,2053.5191968,13.449979782,0.8674787283,0.8607894181999999,0.7402239442,2.0896677971,109.93077849999999,0.4972572029,0.0,113.44491577,43.824386597,0.0,65000.0
5015,2053.6711968,13.442893028,0.8678684831,0.8720257878000001,0.7473397254999999,2.1061334609999998,112.51083374,0.5029118061,0.0,112.40618896,43.98853302,0.0,65000.0
5016,2053.8231968,13.456567764,0.8548458219,0.8608134984999999,0.7564076781,2.1195240021,115.48597717,0.5097467303000001,0.0,111.51064301,44.466403961000005,0.0,65000.0
5017,2053.9751968,13.526044846,0.8569042683,0.8515582085,0.7654871941,2.1267733574000003,118.05070496,0.5074588656,0.0,111.34642792,44.931129456,0.0,65000.0
5018,2054.1271967999996,13.578684807,0.8759326339,0.8668383956,0.7740333079999999,2.1261899471,120.45776367,0.4933590293,0.0,111.73433685,44.936191558999994,0.0,65000.0
5019,2054.2791967999997,13.528243065,0.8934355973999999,0.8880153894,0.7802937627,2.1182379722999998,122.87892151,0.47766056659999995,0.0,111.89084625,44.895435333,0.0,65000.0
5020,2054.4311967999997,13.480883598,0.9079947472,0.9020652771,0.7866896391,2.1215801239,125.50547028,0.4639467299,0.0,111.34753418,45.128684998000004,0.0,65000.0
5021,2054.5831967999998,13.459053993,0.9301296473,0.9193122982999999,0.7973036170000001,2.1375408172999997,128.73356628,0.4593853951,0.0,110.13792419,45.34721756,0.0,65000.0
5022,2054.7351968,13.442532539,0.9582590461,0.9466209412000001,0.8087117672,2.1373584269999997,131.67366028,0.46405029299999995,0.0,108.93854523,45.203056335,0.0,65000.0
5023,2054.8871968,13.42548275,0.98363626,0.9744176865,0.82352525,2.1407527924000003,133.32496643,0.46849611399999996,0.0,108.51321411,44.962429047,0.0,65000.0
5024,2055.0391968,13.406906128,1.0059729815,0.9975729584999999,0.8491489887,2.1577177048,134.6590271,0.4681791961,0.0,108.80665588,44.998733521000005,0.0,65000.0
5025,2055.1911968,13.385824203,1.0173470973999998,1.0159398317000001,0.8751827478,2.1755728722,136.49279785,0.4663098156,0.0,108.94226837,45.070652008,0.0,65000.0
5026,2055.3431968,13.359442711,1.0020492077,1.0131701231,0.8909938334999999,2.1810557842,136.89349365,0.47428449990000004,0.0,108.85285187,44.822921753,0.0,65000.0
5027,2055.4951968,13.33493042,0.9876710176000001,0.9895827770000001,0.8964397311,2.164866209,135.33280945,0.488506496,0.0,108.90312195,44.43547821,0.0,65000.0
5028,2055.6471968,13.324436188,0.9761558175,0.9828379154000001,0.8790351152,2.154835701,134.28512573,0.5006369948,0.0,109.05190277,44.105804443000004,0.0,65000.0
5029,2055.7991967999997,13.317976952,0.944802165,0.9615695476999999,0.8610142469,2.1524727345,133.24238586,0.5076698661,0.0,109.17079163,43.9453125,0.0,65000.0
5030,2055.9511967999997,13.308091164,0.9086357355,0.9220909476000001,0.8632590175,2.1381053925,131.50201416,0.5027109981,0.0,109.69364929,44.110805511,0.0,65000.0
5031,2056.1031967999998,13.280235290999999,0.8904269934000001,0.8943295479000001,0.8577036262000001,2.1240625381,128.67416382,0.5014217496,0.0,110.75871277,44.362464905,0.0,65000.0
5032,2056.2551968,13.248801231,0.8995060921,0.8908050059999999,0.8442860245999999,2.1161930561,125.9622345,0.5083957314,0.0,111.27622986,44.427810668999996,0.0,65000.0
5033,2056.4071968,13.239869118,0.9214411974,0.9122436047,0.8366624117,2.1315171719,124.40596008,0.5029377341,0.0,110.82712555,44.342746735,0.0,65000.0
5034,2056.5591968,13.28202343,0.9394487739,0.9331716895000001,0.8305585384,2.1463935375,126.35928345,0.4831234217,0.0,110.24610138,44.380935668999996,0.0,65000.0
5035,2056.7111968,13.355685234000001,0.9431949854,0.9452265501,0.828735888,2.1426162719999997,129.02711487,0.4724102318,0.0,109.82995605,44.602226257,0.0,65000.0
5036,2056.8631968,13.411870002999999,0.9409999847,0.9416209459,0.8283367753,2.1328039169,130.98910522,0.48005568979999996,0.0,109.35836792,44.890258788999994,0.0,65000.0
5037,2057.0151968,13.440159798,0.9459939003,0.9425381422,0.827922225,2.1271421909,130.73246765,0.4925222099,0.0,108.92588043,44.959415436,0.0,65000.0
5038,2057.1671968,13.433214188,0.9582893848,0.9522317648,0.8283814787999999,2.1257472038,133.18118286,0.48948585990000004,0.0,108.70783234,44.693790436,0.0,65000.0
5039,2057.3191967999996,13.404687881,0.9760074019,0.9685250521,0.8353662491,2.1289346218,136.31227112,0.4732829332,0.0,108.71805573,44.548965454,0.0,65000.0
5040,2057.4711967999997,13.304187775,0.9685566425,0.9797970653,0.8494743109,2.1293754578,139.06231689,0.4640410244,0.0,108.84654999,44.784763336000005,0.0,65000.0
5041,2057.6231967999997,13.225022315999999,0.9435553551000001,0.9524843693,0.8649253249,2.1272101402000003,140.35179138,0.4638594687,0.0,108.57599640000001,45.083076477,0.0,65000.0
5042,2057.7751968,13.23483181,0.9372519851000001,0.9354774356000001,0.8755382299,2.1269700527,140.22395325,0.4633722901,0.0,107.86252594,45.192047118999994,0.0,65000.0
5043,2057.9271968,13.199576378,0.9556524754000001,0.9441643356999999,0.8775879741,2.1379725933000002,136.3731842,0.4538792968,0.0,107.17736816,45.087352753000005,0.0,65000.0
5044,2058.0791968,13.152351379,0.9781372547,0.9709989429000001,0.8721989393,2.1530306339,130.60023499,0.4478147328,0.0,106.86994934,44.990848541000005,0.0,65000.0
5045,2058.2311968,13.175846100000001,0.9838625193000001,0.9849490523000001,0.8593588471,2.1695051193,128.26776123,0.440645963,0.0,107.41221619,44.937702179,0.0,65000.0
5046,2058.3831968,13.205306053,0.9814686179000001,0.9813477397,0.8391638994,2.1874706745,128.83752441,0.4359249473,0.0,108.23854828,44.794166565,0.0,65000.0
5047,2058.5351968,13.220546722,0.9746506214,0.9794455170999999,0.8201031685,2.2041056156,130.43185425,0.4473913014,0.0,108.54666901,44.690597534,0.0,65000.0
5048,2058.6871968,13.229265213,0.9495062828,0.9642047881999999,0.8040009141,2.2021930218,131.76324463,0.4621369243,0.0,108.60710907,44.663356781000005,0.0,65000.0
5049,2058.8391967999996,13.231100082000001,0.9073832631000001,0.9259607195999999,0.7960594893,2.1752715111,134.26052856,0.4700306058,0.0,108.87899017,44.506393433,0.0,65000.0
5050,2058.9911967999997,13.232060432,0.8626081347,0.8802116512999999,0.7979438901000001,2.1447222233,137.23663330000002,0.4630034864,0.0,109.99600983,44.247459412,0.0,65000.0
5051,2059.1431967999997,13.242123604000001,0.8326672912,0.8405434489,0.7930939793999999,2.1291460990999997,139.11729431,0.4462821484,0.0,111.71037292,44.203586578,0.0,65000.0
5052,2059.2951967999998,13.271731377,0.8172890544,0.8228626847,0.7922537327,2.1259131432,138.8556366,0.44681015609999997,0.0,112.78585052,44.287002563,0.0,65000.0
5053,2059.4471968,13.32554245,0.8043183684,0.8096153736,0.7915146351000001,2.1359713078,137.45120239,0.45823463799999997,0.0,113.08695984,44.110801697,0.0,65000.0
5054,2059.5991968,13.376372337000001,0.7959564328000001,0.7975896597,0.7874243259,2.1623620987,135.73233032,0.46274533869999995,0.0,112.4500885,43.922336578,0.0,65000.0
5055,2059.7511968,13.39356041,0.7985706925,0.7952649593000001,0.7786284684999999,2.1816213131,133.92240906,0.4587140381,0.0,110.99536896,43.96426391600001,0.0,65000.0
5056,2059.9031968,13.341954230999999,0.8110895753,0.8049373626999999,0.777430892,2.1822953224,132.70060729999997,0.4548912346,0.0,109.84818268,43.846164703,0.0,65000.0
5057,2060.0551968,13.252233505,0.830073595,0.821169734,0.7803140283,2.1605064869,134.27964783,0.45030593869999996,0.0,109.27524567,43.664871216,0.0,65000.0
5058,2060.2071968,13.182598114000001,0.8550080060999999,0.8438481092,0.7898142934000001,2.1180357933000002,135.68606567,0.4567031264,0.0,109.37113953,43.693027496000006,0.0,65000.0
5059,2060.3591968,13.142075539,0.8849112988,0.8724811673,0.805003345,2.1061942577,134.95628357,0.4670539498,0.0,109.54903412,43.786243438999996,0.0,65000.0
5060,2060.5111967999997,13.132461548,0.9203038812000001,0.9049883485,0.8225091696,2.118281126,132.699646,0.4731111526,0.0,109.43005371,43.857749938999994,0.0,65000.0
5061,2060.6631967999997,13.13328743,0.9513324499,0.9423888326000001,0.8467196821999999,2.1183025837000002,129.25355530000002,0.49110770229999995,0.0,109.44376373,43.897289276,0.0,65000.0
5062,2060.8151967999997,13.145593643,0.9502684473999999,0.9597365856,0.8466425538,2.1200125216999997,125.77291107,0.4955102205,0.0,109.68158722,43.81798172,0.0,65000.0
5063,2060.9671968,13.151679039000001,0.9146164059999999,0.9328223467,0.8338387609000001,2.1176333427,122.01739502,0.47882303600000004,0.0,109.91930389,43.681072235,0.0,65000.0
5064,2061.1191968,13.154082297999999,0.8851878643000001,0.8903207183,0.8333171606,2.1241374016,119.84849548,0.4727665186,0.0,110.02754974,43.662281036,0.0,65000.0
5065,2061.2711968,13.176514626,0.900693953,0.8832162023000001,0.8360415697,2.1350188255,120.84439087,0.4724081457,0.0,109.84525299,43.724567413,0.0,65000.0
5066,2061.4231968,13.230081558,0.9383949040999999,0.9263994694,0.8537412286,2.1415803432,123.03821564,0.4729117751,0.0,109.50624847,43.813503265,0.0,65000.0
5067,2061.5751968,13.173920631,0.9601985216,0.955260098,0.8706997037,2.1368458271,124.92661285,0.4776155055,0.0,109.15152739999999,43.976573943999995,0.0,65000.0
5068,2061.7271968,13.076095580999999,0.9688948989,0.9671142101000001,0.8732826709999999,2.1389873028,125.49666595,0.4762127101,0.0,109.07156372,44.277114868000005,0.0,65000.0
5069,2061.8791968,13.098726272999999,0.9719429016,0.9712699652,0.8759753108,2.1435883044999997,127.46596527,0.4709671736,0.0,109.28153992,44.672542572,0.0,65000.0
5070,2062.0311967999996,13.11348629,0.9744076133,0.9736577272,0.8813456893000001,2.139575243,127.94320679,0.4663874507,0.0,109.35513306,44.838165283,0.0,65000.0
5071,2062.1831967999997,13.112440109000001,0.9718042015999999,0.9751777053,0.8873801231,2.1411759853,129.0905304,0.4626327753,0.0,109.1131134,44.555419922,0.0,65000.0
5072,2062.3351967999997,13.099944115,0.9591275454000001,0.9654008745999999,0.8863193989,2.1498808861,129.82202148,0.4502626061,0.0,108.83759308,44.105800628999994,0.0,65000.0
5073,2062.4871967999998,13.094738007,0.9504607916,0.9504601954999999,0.8741064668,2.1583051682,128.2350769,0.44819396729999994,0.0,108.78073119999999,43.726230621000006,0.0,65000.0
5074,2062.6391968,13.097397804000002,0.956961453,0.9521125555,0.866284132,2.1539435387,127.07605743,0.4483317435,0.0,108.84165955,43.536323546999995,0.0,65000.0
5075,2062.7911968,13.10654068,0.9681002498000001,0.9642066359999999,0.8632196784,2.1584012508000003,125.29356384,0.45270687340000004,0.0,108.95771027,43.467975616000004,0.0,65000.0
5076,2062.9431968,13.126098633,0.9680229425,0.9721813201999999,0.8423093556999999,2.1667292118,121.80638885,0.46316000820000003,0.0,109.19567108,43.4269104,0.0,65000.0
5077,2063.0951968,13.161599159000001,0.9426413178,0.9590688348,0.8261679411,2.1634423733,114.4626236,0.4652962089,0.0,109.62942505,43.530235291000004,0.0,65000.0
5078,2063.2471968,13.198290825,0.8930191398,0.9155036210999999,0.8185653687000001,2.1581640244,111.93634033,0.4514310062,0.0,110.32669067,43.69239807100001,0.0,65000.0
5079,2063.3991968,13.242787361,0.8587715626000001,0.8609702587000001,0.7933666109999999,2.1510531902000003,110.73169708,0.4441261292,0.0,110.62785339,43.711048126,0.0,65000.0
5080,2063.5511968,13.245976448,0.8675108551999999,0.8572022915,0.786180377,2.1434092522,111.82721709999998,0.4472058713,0.0,110.43807983,43.691112518000004,0.0,65000.0
5081,2063.7031967999997,13.12851429,0.8947476745,0.8830446601,0.78345716,2.1365261078,111.13020325,0.4566114545,0.0,109.76203918,43.832454681,0.0,65000.0
5082,2063.8551967999997,13.009223938,0.9166851640000001,0.9117511511,0.7829685211,2.1268672943,113.09895325,0.4642449915,0.0,109.41278839,44.021583557,0.0,65000.0
5083,2064.0071967999997,13.046770096,0.913993597,0.9228290319,0.7985712290000001,2.1156721115,117.32874298,0.4629652202,0.0,109.59239197,44.10705947899999,0.0,65000.0
5084,2064.1591968,13.12090683,0.89840734,0.9010298252,0.8180357814,2.1211423874,122.29579926,0.46745547649999997,0.0,109.76748657,44.004627228000004,0.0,65000.0
5085,2064.3111968,13.010465622,0.9078683853,0.8967208266,0.8377604485,2.1404435635,125.70825958,0.46294713020000006,0.0,109.72514343,44.067676543999994,0.0,65000.0
5086,2064.4631968,12.937423705999999,0.9382273554999999,0.9257205129,0.8573464155,2.1383750439,129.11956787,0.45783287289999997,0.0,109.08412933,44.417888641000005,0.0,65000.0
5087,2064.6151968,12.947573662,0.9678841233,0.9570542573999999,0.8703832626000001,2.1339473724,132.23405457,0.4630307853,0.0,108.23015594,44.716110228999995,0.0,65000.0
5088,2064.7671968,13.021450043,0.9932730794,0.9843716620999999,0.8738430737999999,2.1442506313,133.03062439,0.4727605879,0.0,107.65008545,44.793487549,0.0,65000.0
5089,2064.9191968,13.074117660999999,1.0085098743,1.0059270859,0.8757923245,2.1508536338999997,132.06721497,0.4847770929,0.0,107.77866364,44.546787261999995,0.0,65000.0
5090,2065.0711968,13.095575333,1.0099196434,1.0123121738,0.875654459,2.1380748749,135.04905701,0.49373215439999996,0.0,108.45747375,44.075649261,0.0,65000.0
5091,2065.2231967999996,13.106906891,1.0086551905,1.0067566633,0.8922514915,2.1236722469,138.03541565,0.4892617762,0.0,108.89696503,43.880687714,0.0,65000.0
5092,2065.3751967999997,13.114920616,1.01552701,1.0111211538,0.9186512828,2.1215977669,141.02081299,0.47887054090000003,0.0,108.92371368,43.789070128999995,0.0,65000.0
5093,2065.5271967999997,13.116801262000001,1.0273122787,1.0222131014,0.923278451,2.1215107441,143.83302307,0.476144731,0.0,108.70782471,43.75995636,0.0,65000.0
5094,2065.6791967999998,13.116934775999999,1.0390542746,1.0352517366,0.9207429290000001,2.1342778206,144.926651,0.46982491020000006,0.0,107.97756958,43.705917358,0.0,65000.0
5095,2065.8311968,13.124098777999999,1.052660346,1.0460425615,0.9088642597,2.1504025459,144.91157532,0.4750177562,0.0,107.05993652,43.428203583,0.0,65000.0
5096,2065.9831968,13.123985290999999,1.049566865,1.0627900362,0.8947946429000001,2.1514012813999996,142.81323242,0.4819950759,0.0,106.79411316,43.214599609,0.0,65000.0
5097,2066.1351968,13.073599815,0.9929736853,1.0270707607,0.8755381703,2.1556913853,138.26512146,0.4644348025,0.0,107.25361633,43.305789948000005,0.0,65000.0
5098,2066.2871968,13.003412247,0.9115740061,0.9402086734999999,0.8480607867000001,2.1596765518,133.36843872,0.4612186551,0.0,107.88103485,43.213256836000006,0.0,65000.0
5099,2066.4391968,12.958265305,0.8628968596,0.8692746162,0.8103067279,2.1618821621,126.93347168,0.461299181,0.0,108.61214447,43.22202301,0.0,65000.0
5100,2066.5911968,12.926627159,0.8491455913,0.8547459245,0.7756591439,2.1644730568,118.32002258,0.45892483,0.0,109.35507965,43.410499573,0.0,65000.0
5101,2066.7431967999996,12.880978584000001,0.8303146362,0.8396903276000001,0.7430121899,2.1545274258,109.70246887,0.46620672939999996,0.0,109.67449188,43.716938019,0.0,65000.0
5102,2066.8951967999997,12.876163483,0.8107740879,0.8152655959,0.7206314206000001,2.1524298191,107.41615295,0.47979637979999995,0.0,109.01696014,44.104389191,0.0,65000.0
5103,2067.0471967999997,12.937431335,0.8070553541,0.8042037487,0.7104869484999999,2.1502408981,104.40699005,0.48176634310000005,0.0,108.30815125,44.395584106,0.0,65000.0
5104,2067.1991967999998,13.024753571,0.8146576284999999,0.8118321895999999,0.7017825245999999,2.1439342499,100.73027039,0.47142234439999997,0.0,107.96822357,44.640277863,0.0,65000.0
5105,2067.3511968,13.026014327999999,0.8216418623999999,0.8187396526,0.6935905218,2.1819915771000002,99.16186523399999,0.4599671662,0.0,107.67391968,44.854171753,0.0,65000.0
5106,2067.5031968,12.937807083,0.8289963603,0.8260139227,0.6944720149,2.2088220119,97.745323181,0.4565815628,0.0,107.38715363,44.90536499,0.0,65000.0
5107,2067.6551968,12.843575478,0.8399406671999999,0.8336743712000001,0.6982857585,2.1871740818000003,99.45965576200001,0.45019045469999996,0.0,107.05992889,44.770454406999995,0.0,65000.0
5108,2067.8071968,12.784729958,0.8555355668000001,0.84987849,0.7027577758,2.170037508,103.19239807,0.43818557259999996,0.0,106.34706116,44.591163635,0.0,65000.0
5109,2067.9591968,12.742708206,0.8642664552,0.8641191720999999,0.7199040055,2.1749105453,107.13850403,0.4241774678,0.0,105.18916321,44.883888245,0.0,65000.0
5110,2068.1111968,12.723853110999999,0.8720985055,0.863443315,0.7463320494,2.1990041733,115.570755,0.4154106379,0.0,103.79179382,45.270702362,0.0,65000.0
5111,2068.2631968,12.720606804,0.903508544,0.8871141672,0.7841673493000001,2.2299506663999997,123.86914063,0.4134678543,0.0,102.53994751,45.626758575,0.0,65000.0
5112,2068.4151967999996,12.704792023,0.9686327577,0.9303374887,0.832247436,2.2576344013,131.80050659,0.4165606201,0.0,101.57190704,46.106338501,0.0,65000.0
5113,2068.5671967999997,12.652311325,1.0794504881,1.0313819647,0.9028100967,2.2813498974,139.77719116,0.4289305508,0.0,101.01036835,46.336120605,0.0,65000.0
5114,2068.7191967999997,12.592418670999999,1.2138258219,1.1530596018000001,0.9742529392,2.3133807182,148.44413757,0.4391278625,0.0,100.72777557,46.455718993999994,0.0,65000.0
5115,2068.8711968,12.555418968,1.3723556995,1.308247447,1.0641921759,2.3209767342,150.35443115,0.4312446117,0.0,100.54932404,46.515403748000004,0.0,65000.0
5116,2069.0231968,12.553126335,1.5319491625,1.4688786268,1.2010204792,2.2759320736,147.36729431,0.42814800140000003,0.0,100.27654266,46.621257782,0.0,65000.0
5117,2069.1751968,12.535997390999999,1.6871739626,1.6258409023,1.3399275541,2.2149116993,138.79420471,0.4349921346,0.0,99.646080017,46.725135803,0.0,65000.0
5118,2069.3271968,12.493995667,1.8285650015000001,1.7784389257,1.570625186,2.176905632,132.6374054,0.4447320104,0.0,98.963256836,46.742061615,0.0,65000.0
5119,2069.4791968,12.451910019000001,1.9488128424000002,1.9008905888,1.9281870127,2.1632332802,135.38424683,0.4433252215,0.0,98.6614151,46.590248108000004,0.0,65000.0
5120,2069.6311968,12.417367935,2.1241338253,2.0170278549000002,2.1842465400999997,2.1676514149,138.06672668,0.4239994586,0.0,98.83986663799999,46.424949646,0.0,65000.0
5121,2069.7831968,12.390535355,2.5735106468,2.3119633198,2.339397192,2.1679067612000003,139.87609863,0.4113955498,0.0,99.047943115,46.258537292,0.0,65000.0
5122,2069.9351967999996,12.383301735,3.2835640907,3.0245807170999996,2.3902077675,2.1582071781,142.11459351,0.4148871899,0.0,99.281410217,45.867736816000004,0.0,65000.0
5123,2070.0871967999997,12.383085250999999,3.6515324116000003,3.6434504986,2.3790678978,2.1467149258,137.0612793,0.4248692989,0.0,99.29283905,45.329586029,0.0,65000.0
5124,2070.2391967999997,12.377266884,3.3674533367,3.5550005436000003,2.355868578,2.1338620186000004,130.73538208,0.43532299999999996,0.0,99.55207824700001,44.807186127,0.0,65000.0
5125,2070.3911967999998,12.368487358,2.7857937812999998,3.0346589088,2.3177089691,2.1115643978,124.34418488,0.448014766,0.0,99.087486267,44.208244324,0.0,65000.0
5126,2070.5431968,12.356374741,2.228094101,2.4039294719999997,2.2234842777,2.1081416607,117.94275665,0.4483550489,0.0,97.257240295,43.812786102,0.0,65000.0
5127,2070.6951968,12.350528717000001,1.8822318316,1.9958895444999998,2.1181821823,2.1265661716,113.11469269,0.43148025869999995,0.0,95.54965209999999,43.501384735,0.0,65000.0
5128,2070.8471968,12.358887672,1.6818853616999998,1.7320742607,1.9717423915999999,2.1532816887,109.69016266,0.4113260508,0.0,94.617675781,42.831932068,0.0,65000.0
5129,2070.9991968,12.371204376,1.626645565,1.628978014,1.8439623117,2.197871685,103.84180450000001,0.39553985,0.0,94.292076111,41.61372757,0.0,65000.0
5130,2071.1511968,12.38104248,1.6542577744,1.6380487680000002,1.7309969663999998,2.2321367264,98.40705108600001,0.39256066079999996,0.0,94.097969055,40.099758148,0.0,65000.0
5131,2071.3031968,12.382718085999999,1.70157969,1.6842156649000002,1.6192497015,2.2253792286,95.19813537600001,0.38903862240000003,0.0,93.85694122299999,38.21919632,0.0,65000.0
5132,2071.4551968,12.372197150999998,1.7225366831,1.7271239758,1.5228177309,2.2118034363,93.733604431,0.3948623538,0.0,93.34680938700001,36.014446259,0.0,65000.0
5133,2071.6071967999997,12.365776062,1.6855465174000002,1.703302145,1.4605607986000002,2.2126660347,92.194252014,0.3938754499,0.0,92.532516479,33.560260773,0.0,65000.0
5134,2071.7591967999997,12.336666107000001,1.6190223693999999,1.6538541317,1.4146549702000002,2.2261316775999997,90.008850098,0.39424008130000004,0.0,91.64956665,31.203536987,0.0,65000.0
5135,2071.9111967999997,12.286003113,1.5359556675,1.5572084188,1.3568674325999999,2.2432227135,87.47904205299999,0.3983403444,0.0,90.61791229200001,28.842653275,0.0,65000.0
5136,2072.0631968,12.218803406,1.5150279999,1.5139315128,1.2793312073,2.2579863071,81.106040955,0.3984417617,0.0,89.332458496,26.75853157,0.0,65000.0
5137,2072.2151968,12.141584395999999,1.531093359,1.5250842571,1.2006280422,2.2644057274000002,74.181610107,0.3903727829,0.0,87.94225311299999,25.559108734000002,0.0,65000.0
5138,2072.3671968,12.062652587999999,1.5320061445,1.538908124,1.149315834,2.2764742374,68.45489502,0.3728555739,0.0,86.014442444,24.628887177,0.0,65000.0
5139,2072.5191968,11.993745804000001,1.4866826534,1.5129846334000001,1.1072686911,2.2893452644,65.643493652,0.353853941,0.0,83.15021514899999,23.988124846999998,0.0,65000.0
5140,2072.6711968,11.942824364000002,1.4019101858,1.4381712675,1.0663161278,2.3122162819,66.523750305,0.3289562464,0.0,79.084075928,23.694437027,0.0,65000.0
5141,2072.8231968,11.890402794000002,1.3154042959,1.3451762199000001,1.0303137302,2.3453168869,68.84786987300001,0.3104890883,0.0,75.086708069,23.802745819000002,0.0,65000.0
5142,2072.9751968,11.850352287,1.2643665075,1.276422739,1.0092259645000001,2.358979702,70.93347168,0.3092788458,0.0,73.039428711,24.067193985,0.0,65000.0
5143,2073.1271967999996,11.830711365,1.255277276,1.256578207,1.000851512,2.3348786831,72.317810059,0.3085234165,0.0,73.52613830600001,23.941484450999997,0.0,65000.0
5144,2073.2791967999997,11.82143116,1.262589097,1.2563863993000002,0.9972020984000001,2.3057692051,73.169158936,0.31006124620000003,0.0,74.733764648,23.947576523000002,0.0,30000.0
5145,2073.4311967999997,11.814383507,1.2881337404000002,1.2768324614,1.0024684668000001,2.2939023972,71.756912231,0.3124802113,0.0,75.969764709,24.186338425,0.0,30000.0
5146,2073.5831967999998,11.809071541,1.3143018484,1.3061137199,1.0100739001999999,2.294523716,72.94684600800001,0.3128868341,0.0,76.714981079,24.405269623000002,0.0,30000.0
5147,2073.7351968,11.807534217999999,1.3307989836,1.3239555359000001,1.0178545713,2.2883918285,74.78881835899999,0.3129865825,0.0,76.952301025,24.342546463,0.0,30000.0
5148,2073.8871968,11.807486534,1.3492871522999998,1.341819644,1.0382472276999999,2.2928414344999997,76.189109802,0.3158502579,0.0,77.254959106,24.124908447,0.0,30000.0
5149,2074.0391968,11.807672500999999,1.3697569369999998,1.3617014884999998,1.0655931234,2.2993855476,76.374519348,0.321382612,0.0,77.922027588,24.081409454,0.0,30000.0
5150,2074.1911968,11.801780700999998,1.3839341402,1.3824286461000002,1.0920609236,2.2922363281,76.47770690899999,0.3231436014,0.0,78.246032715,24.228050231999998,0.0,65000.0
5151,2074.3431968,11.787798882,1.3772320747,1.3793270588,1.117611289,2.2667794228,77.919616699,0.3263792396,0.0,78.361763,23.895864486999997,0.0,65000.0
5152,2074.4951968,11.771609305999998,1.3734775782,1.3750582933000002,1.1399825811,2.2569844723,80.159217834,0.3321891427,0.0,78.54158783,23.410598755,0.0,65000.0
5153,2074.6471968,11.757287979,1.3732681274,1.370415926,1.1571536064,2.2506399155000003,82.202507019,0.3427143693,0.0,79.125991821,22.980863571,0.0,65000.0
5154,2074.7991967999997,11.750201225,1.3911998272,1.3835943937000001,1.1723929644,2.2534277438999997,83.043800354,0.351008296,0.0,79.676940918,22.385204315,0.0,65000.0
5155,2074.9511967999997,11.748539925,1.4143606424000001,1.4037544727000002,1.1768962145,2.2631385325999998,82.940673828,0.34079635140000003,0.0,80.703605652,21.785675049,0.0,65000.0
5156,2075.1031967999998,11.752106667,1.4442930221999999,1.4321895838,1.1767945290000001,2.2738986015,80.715332031,0.3290959895,0.0,81.316268921,21.213647842,0.0,65000.0
5157,2075.2551968,11.769435883,1.4746946096,1.4621901512,1.1740953922,2.2744235992,77.918830872,0.32293096179999997,0.0,81.099456787,20.65422821,0.0,65000.0
5158,2075.4071968,11.779722214000001,1.5075314045,1.4943170547,1.1511430740000002,2.2689208984,75.59082031300001,0.3174075186,0.0,80.065177917,20.110265732000002,0.0,65000.0
5159,2075.5591968,11.774842262,1.5274887085,1.5285520553999998,1.1094210148,2.2644791603,73.43737793,0.3168337643,0.0,78.480155945,19.578350067,0.0,65000.0
5160,2075.7111968,11.776345252999999,1.4778931141,1.5075150728,1.0530052184999998,2.2617204189,70.688041687,0.31523635980000003,0.0,77.646507263,19.126649857,0.0,30000.0
5161,2075.8631968,11.786937714,1.3574749231,1.4132525921,0.9817115068000001,2.2576498985,67.643455505,0.32294687629999996,0.0,77.825843811,18.757425308,0.0,30000.0
5162,2076.0151968,11.800168991,1.1903502941,1.2599817514,0.9053138493999999,2.2501158714,63.514762878,0.3343623579,0.0,78.418823242,18.103956223,0.0,65030.0
5163,2076.1671968,11.814443588,1.0268141031,1.082043767,0.8282424212,2.2369205952,59.613388062,0.3378827274,0.0,77.97949218800001,17.846300125,0.0,65030.0
5164,2076.3191967999996,11.829318047000001,0.935580194,0.9674691558,0.7551449537,2.234400034,57.557498932,0.3349973261,0.0,77.848014832,17.73670578,0.0,65030.0
5165,2076.4711967999997,11.844447136,0.8817061782,0.8968418241,0.7041190267,2.243326664,57.058498383,0.3286492825,0.0,77.594276428,17.970396042,0.0,65030.0
5166,2076.6231967999997,11.860266685,0.8830189705,0.8731130362,0.6916982531999999,2.2458717823,57.732162476000006,0.3232348859,0.0,77.242500305,18.386453629000002,0.0,65030.0
5167,2076.7751968,11.876290320999999,0.9507067204,0.9195130467,0.7108843327,2.2387630939,59.162982941,0.3209989667,0.0,76.896537781,18.899139404,0.0,65030.0
5168,2076.9271968,11.885540962,1.0536130667,1.0085340738,0.7674578428000001,2.2366945744,60.406089783,0.3183493316,0.0,76.637245178,19.421483994000003,0.0,65030.0
5169,2077.0791968,11.889829635999998,1.1895678043,1.1295180321,0.8226833344,2.2467038631,61.45199585,0.30866599079999996,0.0,76.223373413,19.576986313,0.0,65030.0
5170,2077.2311968,11.900414467000001,1.3385249376000001,1.2935904264,0.8432981968000001,2.2555484772,62.261276245,0.29328060149999996,0.0,76.45824432399999,19.672048569,0.0,65030.0
5171,2077.3831968,11.924422264,1.3562815189,1.3661845922,0.8277947903,2.2573411465,62.736869811999995,0.2860809863,0.0,76.718559265,19.683322906,0.0,65030.0
5172,2077.5351968,11.912473679000001,1.2359089851,1.2883110046,0.8048338293999999,2.2638821602,62.608428955,0.2931826711,0.0,77.166290283,19.49587822,0.0,65030.0
5173,2077.6871968,11.891030312,1.0842337608,1.1431771517,0.7818531394,2.2752318382,62.119026184,0.30788326260000004,0.0,77.221076965,18.874931335,0.0,65030.0
5174,2077.8391967999996,11.869586945,0.9516083002,1.0012552738,0.7484053373,2.2625865936,61.04801178,0.3215201795,0.0,76.469017029,17.884103775,0.0,65030.0
5175,2077.9911967999997,11.848144530999999,0.8482621908,0.8893578053,0.7110972404000001,2.224593401,59.831756592,0.3351458311,0.0,75.704017639,16.552028655999997,0.0,65030.0
5176,2078.1431967999997,11.82174778,0.7530828118,0.7878448963,0.6741617322,2.1900360584,57.929328918,0.34076380729999994,0.0,80.186965942,15.240884780999998,0.0,65030.0
5177,2078.2951967999998,11.808344840999998,0.6873009801000001,0.7122927904,0.6373574138,2.1694264412,55.849742889,0.3368563354,0.0,80.970726013,14.763326645,0.0,65030.0
5178,2078.4471968,11.800649643,0.6350657344,0.6536509395000001,0.6006191969,2.1509456635,54.737503052,0.3346582353,0.0,82.75149536100001,14.880342484000002,0.0,65030.0
5179,2078.5991968,11.793857574,0.6073539853000001,0.6161671877,0.5634326935,2.1462740898,54.195243835,0.3343999982,0.0,84.586257935,15.133134842,0.0,65030.0
5180,2078.7511968,11.789751053,0.606097281,0.6027118564,0.5241382122,2.1604344845,54.529037476000006,0.33237448329999997,0.0,85.03792572,15.085625647999999,0.0,65030.0
5181,2078.9031968,11.788534164000001,0.6462181211,0.6270657778000001,0.48393210770000006,2.1724972725,56.058120728,0.3293153942,0.0,83.199478149,15.04794693,0.0,65030.0
5182,2079.0551968,11.788399695999999,0.7043985723999999,0.6867794990999999,0.44455227259999996,2.1644260883,57.369018555,0.3281354904,0.0,82.31565094,15.138097763,0.0,65030.0
5183,2079.2071968,11.7853899,0.6939437985,0.7075578570000001,0.40806525950000005,2.1518280506,56.518184661999996,0.33054733280000004,0.0,82.956108093,15.125258445999998,0.0,65030.0
5184,2079.3591968,11.780035973,0.5946236253,0.6347734928000001,0.36626568439999996,2.1451516151,55.152271271000004,0.33822697399999996,0.0,84.753707886,14.981415749000002,0.0,65030.0
5185,2079.5111967999997,11.774103165,0.5011770725,0.5337367654,0.32294780019999997,2.1392495632,54.085418701,0.3550106287,0.0,86.511856079,14.784035682999999,0.0,65030.0
5186,2079.6631967999997,11.771097183,0.4590446055,0.47304967049999996,0.3019576073,2.1344404221,53.475399017,0.3655320108,0.0,87.65030670200001,14.630446434000001,0.0,30000.0
5187,2079.8151967999997,11.772656440999999,0.44497159119999996,0.448834151,0.3022542,2.1329433918,52.427242279,0.3615380526,0.0,87.621284485,14.513653755,0.0,30000.0
5188,2079.9671968,11.776033401,0.4514347911,0.44859519600000003,0.3074988127,2.1333315372,51.353897095,0.3611421883,0.0,87.391052246,14.37552166,0.0,30000.0
5189,2080.1191968,11.779695511,0.46024653320000003,0.4566756785,0.3115200698,2.1322154999,50.568969726999995,0.36552897100000004,0.0,86.820449829,14.264790535,0.0,30000.0
5190,2080.2711968,11.783385277,0.46792137619999996,0.4646974802,0.31518581510000004,2.1271319389,50.286956787,0.3678540885,0.0,86.96154022200001,14.307767867999999,0.0,30000.0
5191,2080.4231968,11.786626815999998,0.47375652189999995,0.47117903829999996,0.3196281195,2.1181683540000003,50.34621048,0.3665485382,0.0,87.770805359,14.318052292,0.0,30000.0
5192,2080.5751968,11.785903930999998,0.47904166579999996,0.4765168726,0.32558980579999997,2.1124818325,50.710292816000006,0.3603869379,0.0,88.482833862,14.369709015,0.0,30000.0
5193,2080.7271968,11.782718658,0.48761343960000003,0.4833871722,0.3319677413,2.1076006889,50.153575896999996,0.351944387,0.0,88.349960327,14.503376960999999,0.0,30000.0
5194,2080.8791968,11.779128075,0.5068591833,0.4987355173,0.3383506835,2.1045184135,47.245174408000004,0.3478442729,0.0,87.64616394,14.630537987,0.0,30000.0
5195,2081.0311967999996,11.77560997,0.5325321555,0.5229369402,0.34488424659999994,2.1034560204,43.713306427,0.3575605154,0.0,87.445960999,14.173191071,0.0,30000.0
5196,2081.1831967999997,11.772043228,0.5482763648,0.5432275534000001,0.3518382311,2.103521347,42.92666626,0.374848932,0.0,89.208618164,13.647753715999999,0.0,30000.0
5197,2081.3351967999997,11.76948452,0.5473088026,0.5493952632,0.35891386869999997,2.1004421711,43.260940552,0.37500017880000003,0.0,91.224227905,13.28071785,0.0,30000.0
5198,2081.4871967999998,11.76860714,0.5265600681,0.5353398919,0.3663606644,2.0927150249,43.498298645,0.3606422246,0.0,90.867240906,13.170707703,0.0,30000.0
5199,2081.6391968,11.768500328,0.5004886985,0.5111083388000001,0.3733599782,2.0874552727,43.015773773,0.3487788737,0.0,90.51789856,13.124165535,0.0,30000.0
5200,2081.7911968,11.768500328,0.47636103630000004,0.48410335179999997,0.37200051549999996,2.0789103508,42.18964386,0.3449365497,0.0,91.085105896,13.05547905,0.0,30000.0
5201,2081.9431968,11.768500328,0.4750080407,0.4737729132,0.359346658,2.0788547993,41.94903183,0.3384108841,0.0,91.467430115,13.102183342,0.0,30000.0
5202,2082.0951968,11.768500328,0.4950265884,0.48943838479999996,0.34230190520000003,2.0921652316999997,42.917476654,0.3342241347,0.0,91.526901245,12.949076652999999,0.0,30000.0
5203,2082.2471968,11.768500328,0.487402916,0.4907966554,0.32863089440000004,2.1034407616,44.103931427,0.3374532759,0.0,91.586364746,13.115017890999999,0.0,30000.0
5204,2082.3991968,11.768500328,0.4808910489,0.4844292104,0.3208292127,2.1006977558,44.627311707,0.3442306221,0.0,91.91467285200001,13.295190811,0.0,30000.0
5205,2082.5511968,11.768500328,0.46821227670000004,0.4704860449,0.3148144186,2.089171648,44.699699402,0.34494289759999996,0.0,91.97192382799999,13.479493140999999,0.0,30000.0
5206,2082.7031967999997,11.768500328,0.49522095920000003,0.48522004490000004,0.3108251989,2.0770118237,44.806781769,0.3496604264,0.0,92.06262207,13.415234565999999,0.0,30000.0
5207,2082.8551967999997,11.768500328,0.5101714134,0.5064424276,0.3097583652,2.0678639412,45.219684601000004,0.3597312868,0.0,92.53440094,13.234799385,0.0,30000.0
5208,2083.0071967999997,11.765888214,0.48497581479999996,0.4945349991,0.30962941050000004,2.0649352074,46.04557037399999,0.3702706993,0.0,91.881988525,13.200619697999999,0.0,30000.0
5209,2083.1591968,11.758044242999999,0.46623009439999996,0.4740012288,0.3096703589,2.0713844299,45.344291686999995,0.38181400299999996,0.0,91.214683533,13.353847504,0.0,30000.0
5210,2083.3111968,11.747496605,0.44929286840000004,0.4563555419,0.3112405539,2.0798721313,44.182022095,0.3902317882,0.0,89.594306946,13.461150169000001,0.0,30000.0
5211,2083.4631968,11.736527443,0.4323312044,0.4392723739,0.313783288,2.0834159851,43.60414505,0.3963456154,0.0,88.045539856,13.337231635999999,0.0,30000.0
5212,2083.6151968,11.725969315,0.41613683100000004,0.4224890471,0.3191887736,2.0841782093,42.989406586,0.38767099380000003,0.0,88.520210266,13.21437645,0.0,30000.0
5213,2083.7671968,11.715731621,0.4090285003,0.4112322032,0.3258431554,2.0843000412,42.469104767,0.3709723055,0.0,89.043922424,13.633149147000001,0.0,30000.0
5214,2083.9191968,11.696782112000001,0.4221427143,0.4160982668,0.3300413191,2.0760109425,42.510990143,0.36698150630000004,0.0,89.196937561,14.03514576,0.0,30000.0
5215,2084.0711968,11.688530922,0.45741388200000005,0.4432151318,0.3283878863,2.0687942505000003,43.120212555,0.3660189807,0.0,89.316665649,14.396101952,0.0,30000.0
5216,2084.2231967999996,11.715590477000001,0.49410861729999994,0.4809062779,0.32377681140000003,2.0704863071,44.104804993,0.356947422,0.0,89.43564605700001,14.784599304,0.0,30000.0
5217,2084.3751967999997,11.773541451,0.5038414001,0.5020344853,0.3245883584,2.0750024318999998,46.462036133000005,0.3453890979,0.0,90.12776184100001,15.05091095,0.0,65030.0
5218,2084.5271967999997,11.840372085999999,0.47822597619999996,0.48862078789999996,0.3312770426,2.0914988518,50.100948333999995,0.33703911299999995,0.0,89.675437927,15.304759026,0.0,65030.0
5219,2084.6791967999998,11.899123192000001,0.45969197149999996,0.4657137692,0.3420214057,2.1183619499,53.76494979899999,0.3325666189,0.0,89.335670471,15.182385445,0.0,65030.0
5220,2084.8311968,11.934086800000001,0.48320999740000004,0.47312381859999997,0.3634916544,2.1406061649,57.045452118,0.332241416,0.0,89.43437957799999,15.140754699999999,0.0,65030.0
5221,2084.9831968,11.945960045,0.5247374773,0.5089854002,0.39161521200000005,2.1407542229,60.018486023,0.3342122138,0.0,89.55330658,15.458407402,0.0,65030.0
5222,2085.1351968,11.947967529000001,0.5495209098,0.5393688083,0.4246324003,2.1149699688,60.324455261000004,0.3365398347,0.0,89.423522949,15.430646895999999,0.0,65030.0
5223,2085.2871968,11.946767807,0.5855848789,0.5711157918,0.4493902326,2.09557271,57.97580719,0.34149688479999996,0.0,89.88919067399999,15.344400405999998,0.0,65030.0
5224,2085.4391968,11.943380355999999,0.6234084964,0.6088718772,0.46342989799999995,2.0956130028,54.779850006000004,0.3519586325,0.0,90.591163635,15.514795303,0.0,65030.0
5225,2085.5911968,11.939024925,0.6443706155,0.6364125609000001,0.47196012740000004,2.1048402786000002,52.156459808,0.36360460520000004,0.0,90.744636536,15.648921012999999,0.0,65030.0
5226,2085.7431967999996,11.93460083,0.650178194,0.6480826735,0.4773648977,2.1144299507,51.756324768,0.3732639253,0.0,91.062187195,15.532745361,0.0,65030.0
5227,2085.8951967999997,11.93007946,0.65255481,0.6520071626,0.4784403443,2.1169745922,52.761241913,0.3737392128,0.0,90.996414185,15.895586014000001,0.0,65030.0
5228,2086.0471967999997,11.925168037,0.6442524790999999,0.6476082206,0.47428014869999996,2.1123228073,53.455913544,0.36946010590000006,0.0,90.76811218299999,16.18611908,0.0,65030.0
5229,2086.1991967999998,11.919952392999999,0.6304374336999999,0.6355628967,0.46829700469999996,2.1041455269,53.923099518,0.37206318969999996,0.0,90.22115325899999,15.704702377,0.0,65030.0
5230,2086.3511968,11.914729118,0.6191689968,0.6234693527,0.4608844221,2.0942583084,53.098602295,0.376698494,0.0,89.715126038,14.953724861,0.0,65030.0
5231,2086.5031968,11.910380363,0.6017896533,0.6090704203,0.4482456446,2.08659482,50.576477051000005,0.37625584009999996,0.0,90.425491333,14.880178452000001,0.0,65030.0
5232,2086.6551968,11.908486365999998,0.5755031705,0.5862042308,0.43152424689999996,2.0865852833000003,47.817321777,0.3718294203,0.0,91.170211792,14.66608429,0.0,65030.0
5233,2086.8071968,11.908201218,0.5406631827,0.5546245575,0.41265857219999996,2.087608099,45.220451355,0.3636292815,0.0,90.900085449,14.381091117999999,0.0,30000.0
5234,2086.9591968,11.908201218,0.5077376365999999,0.5208399892,0.386344105,2.0849494934,42.917537689,0.35391515490000003,0.0,90.54309082,14.465031624000002,0.0,30000.0
5235,2087.1111968,11.905658722,0.47481399770000005,0.48773324490000003,0.35303547979999994,2.0807044506,41.756866455,0.34455472229999995,0.0,90.055007935,14.124803542999999,0.0,30000.0
5236,2087.2631968,11.896930695,0.4422929585,0.4550939798,0.3259780407,2.0820074081,41.424751281999995,0.3337413669,0.0,90.359680176,13.740240097000001,0.0,30000.0
5237,2087.4151967999996,11.899621964000001,0.4213884771,0.42931962009999997,0.3079467714,2.08583951,40.36756134,0.32361099120000003,0.0,90.718910217,13.639041900999999,0.0,30000.0
5238,2087.5671967999997,11.926647185999999,0.434745878,0.42935079340000004,0.2973722219,2.0866611003999997,38.721565247,0.3238365054,0.0,90.859779358,14.037817955,0.0,30000.0
5239,2087.7191967999997,11.961228370999999,0.4614305794,0.45094269509999996,0.2938127816,2.0804650784,37.518074036,0.3311852515,0.0,90.201728821,14.309099197,0.0,30000.0
5240,2087.8711968,11.991042137,0.4776127934,0.4711462855,0.293088764,2.069368124,36.921802521,0.33971551060000005,0.0,89.294494629,14.157172203,0.0,30000.0
5241,2088.0231968,12.005896567999999,0.4592298567,0.46664935350000003,0.2914757729,2.0657908916,36.625991821,0.34776800869999996,0.0,89.094429016,14.077061653,0.0,30000.0
5242,2088.1751968,12.011865616,0.4196260571,0.4354457557,0.2882578373,2.0651056767,36.630691528,0.3538434207,0.0,89.29571533200001,14.237912178,0.0,30000.0
5243,2088.3271968,12.018075943,0.3978820741,0.40652838350000003,0.2840979695,2.0596942902,36.837856293,0.35862484570000003,0.0,89.640197754,14.523666382,0.0,30000.0
5244,2088.4791968,12.023209572,0.39008724689999996,0.3933499753,0.2806256711,2.0525782108,37.136379242,0.36309212450000006,0.0,90.609649658,14.63424015,0.0,30000.0
5245,2088.6311968,12.018287659,0.3971035182,0.3946602643,0.2793782949,2.0519692897999997,37.476802826,0.37119042869999996,0.0,90.96035003700001,14.573620795999998,0.0,30000.0
5246,2088.7831968,12.001318932,0.4090828001,0.40430530909999995,0.27923941609999997,2.0609321594,37.501029968000005,0.3806304038,0.0,90.884819031,14.528330803,0.0,30000.0
5247,2088.9351967999996,11.973869324,0.4220246673,0.41676580909999994,0.2793810368,2.0761590004,37.560939789,0.3812033236,0.0,90.765830994,14.267440795999999,0.0,30000.0
5248,2089.0871967999997,11.948132515,0.4280000031,0.4253667891,0.2811833918,2.0925195217,37.686859131,0.3735283315,0.0,90.728782654,14.13190937,0.0,30000.0
5249,2089.2391967999997,11.933659554,0.4280000031,0.428078413,0.2863664031,2.1045811176,37.37877655,0.3682647943,0.0,90.85300445600001,14.083098412,0.0,30000.0
5250,2089.3911967999998,11.928787231,0.4260085225,0.4270312786,0.2971933484,2.1106615067,36.79378891,0.3706325591,0.0,90.03726196299999,14.008319855,0.0,30000.0
5251,2089.5431968,11.929404259000002,0.4319609106,0.42941990490000004,0.3115926683,2.1213891506,36.013278961,0.3712993264,0.0,87.94193267799999,13.886795044000001,0.0,30000.0
5252,2089.6951968,11.93390274,0.47363159060000004,0.456504643,0.3270312846,2.1389210224,36.238647461,0.3660658896,0.0,85.66910553,14.04558754,0.0,30000.0
5253,2089.8471968,11.940577507,0.5253442526,0.5042343736,0.347619921,2.1512889862,37.798236847,0.3581991792,0.0,84.557189941,14.348154068,0.0,30000.0
5254,2089.9991968,11.945782660999999,0.5181190968,0.5203337669,0.372186929,2.1493508815999998,39.016586304,0.35007742049999996,0.0,84.946098328,14.701714516,0.0,30000.0
5255,2090.1511968,11.947225570999999,0.49244576689999997,0.5027433038,0.3915078938,2.1295144558000003,39.233573914000004,0.343714267,0.0,86.465141296,14.723708152999999,0.0,30000.0
5256,2090.3031968,11.941591263,0.5204374194,0.5089808106,0.40300363299999997,2.1057786942,39.28408432,0.3440518379,0.0,87.926132202,14.848535538,0.0,30000.0
5257,2090.4551968,11.929570198,0.5386101604,0.5306364297999999,0.4058912098,2.0984442234,39.341232299999994,0.34890404340000003,0.0,87.49852752700001,14.955682755,0.0,30000.0
5258,2090.6071967999997,11.913244247,0.5136623383,0.5237666965,0.39794608950000004,2.1059346199,39.638793945,0.34748047590000003,0.0,87.511276245,14.892706871,0.0,30000.0
5259,2090.7591967999997,11.897327423,0.5120278000999999,0.5127855539,0.3835832477,2.1120717525,40.185272217,0.3463432789,0.0,87.651390076,14.814194679000002,0.0,30000.0
5260,2090.9111967999997,11.898032188,0.5381892322999999,0.5275441408,0.3677907288,2.1132707596,40.635242462,0.3506882489,0.0,88.362388611,14.733431816,0.0,30000.0
5261,2091.0631968,11.913407326,0.5515803099000001,0.5460884571,0.3555127978,2.1080126762,41.87720108,0.350151211,0.0,89.170837402,14.654550552,0.0,30000.0
5262,2091.2151968,11.939245224,0.5317578316,0.5399397612,0.34841126200000005,2.0960614681,42.752059937,0.34282478689999996,0.0,89.216567993,14.585490227000001,0.0,30000.0
5263,2091.3671968,11.976535797,0.5069599748,0.5168638229,0.34318301079999997,2.0924680233,43.117736816000004,0.33923658729999995,0.0,88.19995117200001,14.562807083,0.0,30000.0
5264,2091.5191968,12.015695572,0.48777246479999997,0.4955198765,0.33927977090000006,2.0927798747999997,43.774177551,0.3443048596,0.0,87.809143066,14.610926628,0.0,30000.0
5265,2091.6711968,12.047168732000001,0.4716866016,0.4783855677,0.3378887177,2.0878274440999998,44.89389801,0.3524959385,0.0,88.447654724,14.647455215,0.0,30000.0
5266,2091.8231968,12.063589096,0.45956036450000004,0.4646605551,0.3377445936,2.0819072723,47.147102356000005,0.36048895119999996,0.0,89.493751526,14.645187378,0.0,30000.0
5267,2091.9751968,12.067584990999999,0.4723135829,0.467224896,0.3375898004,2.0839633942,50.298175812,0.36145496369999996,0.0,91.062812805,14.910321236,0.0,30000.0
5268,2092.1271967999996,12.067899704,0.49292299149999996,0.48467111590000006,0.33739039299999996,2.0968074799000003,52.678962708,0.3576009572,0.0,91.545227051,15.145050049000002,0.0,65030.0
5269,2092.2791967999997,12.067899704,0.511982739,0.5044434667000001,0.3371908367,2.1122596263999998,53.624240875,0.35849243399999997,0.0,91.193138123,15.214734077000001,0.0,65030.0
5270,2092.4311967999997,12.067899704,0.5281072259,0.5215621590999999,0.33954602479999996,2.1160821915,54.206821442,0.36213937399999996,0.0,90.98978424100001,15.356797217999999,0.0,65030.0
5271,2092.5831967999998,12.067899704,0.5308808684,0.529689014,0.3472205698,2.1083955765,54.756248473999996,0.3616544306,0.0,90.692596436,15.527695655999999,0.0,65030.0
5272,2092.7351968,12.067899704,0.5234953165,0.5266154408,0.3586106002,2.1011664867,54.116333008000005,0.3582801819,0.0,90.243133545,15.459200859000001,0.0,65030.0
5273,2092.8871968,12.067899704,0.5183208585,0.520370543,0.3780008554,2.0972409248,52.189144135,0.3564253449,0.0,89.378913879,15.157341957,0.0,65030.0
5274,2093.0391968,12.067899704,0.5385386348,0.5300443172,0.4055149555,2.0984113216,51.049915313999996,0.3594041765,0.0,88.892791748,15.045509337999999,0.0,65030.0
5275,2093.1911968,12.067899704,0.5911405683,0.5697405338,0.4385916889,2.1030311584,51.909439086999996,0.365796864,0.0,88.55018615700001,15.290053367999999,0.0,65030.0
5276,2093.3431968,12.070427895,0.6460102201,0.6239427924000001,0.479085356,2.1166372299000002,53.463176727,0.36626592280000003,0.0,87.909446716,15.666071892,0.0,65030.0
5277,2093.4951968,12.090114594000001,0.656476438,0.6531768441,0.5165236592,2.1294128894999997,53.962116241000004,0.3588117659,0.0,87.38717651399999,16.116817474,0.0,65030.0
5278,2093.6471968,12.126112938,0.6653065085000001,0.6615619063,0.5453932881,2.1312866211,53.676963806,0.3538866043,0.0,87.5626297,16.296825409,0.0,65030.0
5279,2093.7991967999997,12.156145096,0.7036879063,0.6873179674,0.5570079088000001,2.1345362663,52.756305695,0.3600485921,0.0,87.93209838899999,16.218917847,0.0,65030.0
5280,2093.9511967999997,12.175536156,0.74734056,0.7294912934000001,0.5495379567,2.1418840885,50.02790451,0.3701874018,0.0,88.38813018799999,16.183494568,0.0,65030.0
5281,2094.1031967999998,12.187707901,0.7574020028,0.7540947199,0.5348659158,2.1500170231,46.581836700000004,0.37780031560000005,0.0,87.918663025,16.135271072000002,0.0,30000.0
5282,2094.2551968,12.193956375,0.7251565456,0.7389796376000001,0.5169270039,2.1527695656,43.573860168,0.3852910697,0.0,87.58185577399999,15.629225730999998,0.0,30000.0
5283,2094.4071968,12.198796272000001,0.6592057943,0.6866065859999999,0.49787008759999996,2.1418209076,40.778343201,0.3920546174,0.0,88.65818023700001,15.043153763,0.0,30000.0
5284,2094.5591968,12.203630447,0.5977125168,0.6222631335000001,0.4788286686,2.1163978577,38.718734741,0.3928239644,0.0,90.83380889899999,14.504195213,0.0,30000.0
5285,2094.7111968,12.204690933,0.5368593335,0.5616493821,0.4609948099,2.0832855700999997,37.459312439,0.3845590055,0.0,91.907707214,14.363605499,0.0,30000.0
5286,2094.8631968,12.200543404000001,0.4814070761,0.5040926337,0.44363102320000003,2.0605382919,37.1326828,0.3694312274,0.0,90.575485229,14.270142555,0.0,30000.0
5287,2095.0151968,12.194756508,0.4849943221,0.4812392592,0.4231277704,2.0603868961000003,37.364177704,0.3512723446,0.0,88.74937439,14.307769775,0.0,30000.0
5288,2095.1671968,12.188875198,0.5370572209000001,0.513907671,0.400197953,2.0770037174000002,37.514736176,0.3349108994,0.0,87.715705872,14.455423355,0.0,30000.0
5289,2095.3191967999996,12.182992935,0.578732729,0.5625534058,0.3772684336,2.1011111736,38.035823822,0.32439905410000003,0.0,87.347892761,14.661383629000001,0.0,30000.0
5290,2095.4711967999997,12.177106857,0.5892373919,0.5858463645,0.3569195569,2.1167993546,38.693084717,0.3249233663,0.0,88.027282715,14.847064018,0.0,30000.0
5291,2095.6231967999997,12.171902657,0.5162292123,0.5493052006,0.343750596,2.1177914143,39.028026581,0.33090382809999996,0.0,89.233428955,14.734568595999999,0.0,30000.0
5292,2095.7751968,12.171491623,0.4707096517,0.4874305129,0.328969717,2.116776228,39.499851227,0.32994070649999996,0.0,89.826530457,14.44803524,0.0,30000.0
5293,2095.9271968,12.17653656,0.4501115978,0.4573087692,0.3075359762,2.1225650311,40.470603943,0.3236666918,0.0,90.098480225,14.41829586,0.0,30000.0
5294,2096.0791968,12.182823181,0.448880434,0.44883179659999994,0.2878597081,2.1279959679,40.988109589000004,0.3208757639,0.0,90.336433411,14.529053688,0.0,30000.0
5295,2096.2311968,12.186816215999999,0.4367055297,0.442471236,0.2759258151,2.1238498688,40.394607544,0.3243651986,0.0,90.21360778799999,14.513263702,0.0,30000.0
5296,2096.3831968,12.187600135999999,0.4166350961,0.425019145,0.2751387656,2.1141145229,39.704524994,0.3309220076,0.0,90.226196289,14.27375412,0.0,30000.0
5297,2096.5351968,12.187600135999999,0.4026632011,0.4077660739,0.2799085379,2.1050524712,39.846107483000004,0.3392337561,0.0,91.431518555,14.330694199000002,0.0,30000.0
5298,2096.6871968,12.187600135999999,0.41143766049999997,0.40647688509999996,0.2849458158,2.0970714092,41.850654602,0.3486632109,0.0,92.895477295,14.482298851,0.0,30000.0
5299,2096.8391967999996,12.187366485999998,0.4329535961,0.42359218,0.2909617424,2.0931937695,45.239337921,0.35868927840000003,0.0,93.967552185,14.87170887,0.0,30000.0
5300,2096.9911967999997,12.186124802,0.45503643159999996,0.4462546408,0.2986101508,2.0966556071999998,46.771472931000005,0.36505758759999996,0.0,93.74467468299999,14.378540039,0.0,30000.0
5301,2097.1431967999997,12.183753967000001,0.4760947526,0.46776393060000004,0.3067855537,2.1017699242,45.669048309,0.363437891,0.0,92.459220886,14.077586174,0.0,30000.0
5302,2097.2951967999998,12.181061745,0.4875917733,0.4832477868,0.3150058389,2.1064550877,44.261638641000005,0.3596536517,0.0,91.18419647200001,14.110015869000001,0.0,30000.0
5303,2097.4471968,12.178368568,0.48300156,0.48548856380000005,0.3243821859,2.1149773597999997,43.384590149,0.35725057130000004,0.0,89.819038391,14.180984497,0.0,30000.0
5304,2097.5991968,12.175675392,0.4751626849,0.47854024170000004,0.3349672258,2.1298184394999997,42.99911499,0.35259485240000005,0.0,88.115623474,14.34227562,0.0,30000.0
5305,2097.7511968,12.17298317,0.47229790689999995,0.4735077024,0.3451653421,2.1414904594,43.947689056,0.3469664454,0.0,86.515266418,14.516932487,0.0,30000.0
5306,2097.9031968,12.170290947,0.4736970961,0.4729270637,0.35346660020000004,2.1450271606,46.17773056,0.3483249247,0.0,85.060844421,14.503118515,0.0,30000.0
5307,2098.0551968,12.169067383,0.4790777564,0.4765076041,0.35445979240000003,2.139739275,48.446102142,0.35898476840000004,0.0,85.18824768100001,14.468918799999999,0.0,30000.0
5308,2098.2071968,12.170508385,0.4791559577,0.47942358259999995,0.345269829,2.1222679615,49.431652068999995,0.37275373939999995,0.0,86.24667358399999,14.206569672,0.0,65030.0
5309,2098.3591968,12.173090935,0.47815954689999995,0.4785235524,0.3287890255,2.1078591347,49.504974365,0.38092342020000003,0.0,87.33417511,13.917796135,0.0,65030.0
5310,2098.5111967999997,12.175783157,0.48302751780000003,0.4803156257,0.3127238452,2.1073281765000003,49.814525603999996,0.38150456549999995,0.0,88.072128296,13.890434265,0.0,65030.0
5311,2098.6631967999997,12.17847538,0.4664510489,0.4741995335,0.3040333688,2.1113226413999997,49.615394592,0.376924336,0.0,88.758239746,14.2299366,0.0,65030.0
5312,2098.8151967999997,12.181125641,0.44633182880000005,0.4541581273,0.29870927329999997,2.1136031151,48.025478363000005,0.3696840703,0.0,89.13272094700001,14.366005898,0.0,65030.0
5313,2098.9671968,12.18376255,0.43884423380000004,0.44080576299999996,0.2970901728,2.1119337082,46.263439178,0.3672789931,0.0,89.370414734,14.464777946,0.0,65030.0
5314,2099.1191968,12.186155319000001,0.4471032619,0.44304603340000004,0.3028039634,2.109285593,46.255794525,0.3725785017,0.0,89.94478607200001,14.611927986,0.0,65030.0
5315,2099.2711968,12.187470436,0.45890042189999997,0.4541532099,0.31582984329999997,2.1070659161000003,47.580764771000005,0.3744931519,0.0,90.323219299,14.921987534000001,0.0,65030.0
5316,2099.4231968,12.187743187,0.46593669060000004,0.4632172585,0.33423826100000004,2.1055040359,48.507228851,0.3654212058,0.0,89.390892029,15.32427597,0.0,65030.0
5317,2099.5751968,12.187800407000001,0.4776667953,0.4723004699,0.3574108481,2.1139142512999998,48.35225296,0.3529851735,0.0,88.19918823200001,15.067329407,0.0,65030.0
5318,2099.7271968,12.187841415,0.5012408495,0.49082428219999996,0.38565889,2.1307976246,47.604988098,0.34654948119999995,0.0,87.303031921,14.513812065,0.0,65030.0
5319,2099.8791968,12.187940597999999,0.5678949952000001,0.5380841493999999,0.41562333700000004,2.1455447674,46.89855957,0.3433897793,0.0,85.733390808,14.035445213,0.0,65030.0
5320,2100.0311967999996,12.187999725,0.6477842331,0.6159092784,0.44185322520000003,2.1548969746,46.286170958999996,0.3392889202,0.0,83.500328064,13.969679832,0.0,65030.0
5321,2100.1831967999997,12.188081741,0.6840572953,0.6730405688,0.4602430761,2.1642737389,45.680568695,0.3374135196,0.0,82.433578491,13.990198135,0.0,30000.0
5322,2100.3351967999997,12.188321114,0.6648095846000001,0.6762307881999999,0.46761161090000003,2.1670894623,44.955955505,0.3382210135,0.0,83.00994873,14.157688141,0.0,30000.0
5323,2100.4871967999998,12.188620567000001,0.6043429971000001,0.631385386,0.46188923719999997,2.1632096766999998,43.952960968,0.3440005183,0.0,84.73613739,14.053123474000001,0.0,30000.0
5324,2100.6391968,12.188920021,0.5332903266,0.5623761415,0.44539996979999996,2.1505818367,42.791275024,0.3503409922,0.0,86.35808563200001,14.344220160999999,0.0,30000.0
5325,2100.7911968,12.189219475,0.49582126740000004,0.5076790452000001,0.4176886678,2.1316428185,42.569957733,0.3484089375,0.0,87.94743347200001,14.379442215,0.0,30000.0
5326,2100.9431968,12.189518929,0.49079701299999995,0.49071890119999995,0.380743444,2.1177551746,42.528518677,0.34513419869999995,0.0,88.71153259299999,14.371985435,0.0,30000.0
5327,2101.0951968,12.189818382,0.4822717011,0.4866504073,0.3459612131,2.1109163761,41.057785034,0.3430308402,0.0,88.435775757,14.088139534000002,0.0,30000.0
5328,2101.2471968,12.190116882,0.46813657880000004,0.47432425619999996,0.3221925199,2.1083073616,40.123790741,0.3373633921,0.0,87.76865387,13.771986007999999,0.0,30000.0
5329,2101.3991968,12.190416335999998,0.47052046659999996,0.4678219855,0.3061620295,2.10136199,40.071273804,0.33838319780000004,0.0,88.00902557399999,13.935915947,0.0,30000.0
5330,2101.5511968,12.19075489,0.4720000029,0.47176143530000003,0.2938111424,2.0892040730000003,41.310489655,0.344845891,0.0,89.101760864,13.894769669,0.0,30000.0
5331,2101.7031967999997,12.191651344,0.4586912096,0.46538263560000004,0.28473475579999996,2.0811238289,43.380630493000005,0.35169494149999997,0.0,90.260154724,13.940589905,0.0,30000.0
5332,2101.8551967999997,12.193459510999999,0.44407626990000004,0.44988521929999997,0.2794611156,2.0781378746,43.251621246000006,0.3563898206,0.0,90.946586609,13.776077270999998,0.0,30000.0
5333,2102.0071967999997,12.195491790999998,0.43866595630000005,0.4399169385,0.2769584656,2.0819358826,42.202377319,0.35779437420000004,0.0,90.796485901,13.625192642,0.0,30000.0
5334,2102.1591968,12.197550774000002,0.4480848014,0.4428265095,0.27526229620000003,2.0921885967,41.791400909000004,0.3605377972,0.0,90.476776123,13.894113541,0.0,30000.0
5335,2102.3111968,12.199583054000001,0.4641284049,0.4573894143,0.2747965753,2.1062333584,42.056064606,0.3613170087,0.0,89.835571289,14.271142006,0.0,30000.0
5336,2102.4631968,12.201677322,0.46261253950000003,0.4652839601,0.2786860466,2.1244311333000003,42.725372314,0.35922297840000006,0.0,88.85534668,14.139192581,0.0,30000.0
5337,2102.6151968,12.203733444000001,0.44948926570000003,0.45546221729999997,0.28701069949999997,2.1379640102,44.359882355,0.3548927307,0.0,87.960716248,14.08013916,0.0,30000.0
5338,2102.7671968,12.205765724,0.43911388520000005,0.4425467253,0.29636260870000003,2.150853157,46.73884201,0.3440140486,0.0,86.96827697799999,14.541839600000001,0.0,30000.0
5339,2102.9191968,12.207824707,0.4637004137,0.4495228529,0.3073625267,2.1715414524,48.951759338,0.3304777145,0.0,85.879608154,15.166659355,0.0,30000.0
5340,2103.0711968,12.209854126,0.5137667656,0.4914714098,0.3224253654,2.1893298625999997,49.743442535,0.3203982115,0.0,85.574195862,15.476473808,0.0,65030.0
5341,2103.2231967999996,12.211912155,0.5292702317,0.5273176432,0.3410003185,2.1978299618,49.597537994,0.3099896014,0.0,85.472465515,15.999213219000001,0.0,65030.0
5342,2103.3751967999997,12.213624954,0.522454977,0.5266214609000001,0.3633295,2.2029154301,49.968357086000005,0.3036661446,0.0,85.041107178,16.218904495,0.0,65030.0
5343,2103.5271967999997,12.214541435,0.5410627127000001,0.5305986999999999,0.38615298270000004,2.2093322277,50.576381683,0.3065986335,0.0,84.498176575,16.440343857000002,0.0,65030.0
5344,2103.6791967999998,12.214939117,0.5704635382,0.5584844947,0.40328982469999997,2.2215619087,51.674484253,0.3127507567,0.0,84.231414795,16.766576767,0.0,65030.0
5345,2103.8311968,12.215303421,0.5988914967,0.5874153972,0.422011584,2.232270956,53.72012329100001,0.3218112588,0.0,83.74609375,16.936820984,0.0,65030.0
5346,2103.9831968,12.215602875,0.6327793002000001,0.6185562015,0.4440018535,2.2303872108,55.005950928000004,0.3309729099,0.0,83.32893371600001,17.047569275,0.0,65030.0
5347,2104.1351968,12.215902328,0.6701812744,0.6551910043,0.4620372057,2.2183990478999998,54.741340637,0.3329862654,0.0,83.091209412,17.173892975,0.0,65030.0
5348,2104.2871968,12.216201782,0.7220758796,0.6996067762,0.4735403657,2.2124097347,55.566123962,0.3307838738,0.0,82.62517547600001,17.340871811,0.0,65030.0
5349,2104.4391968,12.216265678,0.7730393409999999,0.7536256909000001,0.48091864590000005,2.2224700451,56.698165894,0.32685166600000004,0.0,81.30130004899999,17.716766357,0.0,65030.0
5350,2104.5911968,12.214936256,0.8021312951999999,0.7929178476000001,0.4893253446,2.2371218204,57.105861663999995,0.3218359053,0.0,79.448562622,18.103366852,0.0,65030.0
5351,2104.7431967999996,12.211479187,0.7955732942,0.801648438,0.5002337694,2.2535462378999997,56.769687653000005,0.32025977969999997,0.0,77.399513245,18.122785568,0.0,65030.0
5352,2104.8951967999997,12.207455635,0.7793403268000001,0.7857146263,0.5102574825,2.2720305919999997,57.138835907,0.32212808730000003,0.0,76.48637390100001,17.992706299,0.0,65030.0
5353,2105.0471967999997,12.203399658,0.7662962675,0.7712011337000001,0.517228961,2.2902748585,58.491176605,0.3204577863,0.0,76.655815125,17.954275131,0.0,65030.0
5354,2105.1991967999998,12.200023650999999,0.7557739018999999,0.7596734762,0.5219454765,2.3028285503,59.722438812,0.3118973374,0.0,76.942398071,18.358663559,0.0,65030.0
5355,2105.3511968,12.19856739,0.7616442442,0.7570087314,0.5286529064,2.3078994750999997,60.365341187,0.3025973439,0.0,77.465866089,18.798540115,0.0,65030.0
5356,2105.5031968,12.198595047000001,0.78008008,0.7715983987,0.5396190286,2.3081715107,60.005748749,0.3001936376,0.0,77.53728485100001,18.926235199,0.0,65030.0
5357,2105.6551968,12.198894501,0.8045821190000001,0.7941507101,0.5548583268999999,2.3043446541,59.412796021000005,0.3032532036,0.0,77.040168762,19.286060332999998,0.0,65030.0
5358,2105.8071968,12.199193001,0.8767905831,0.8403256536,0.5784788132,2.3043501377,58.942222595,0.3081303239,0.0,76.376823425,19.692569733,0.0,65030.0
5359,2105.9591968,12.199523926,0.9675852656,0.930832386,0.6031762361999999,2.3097310066,58.061206818,0.313079983,0.0,75.80315399199999,19.778707504,0.0,65030.0
5360,2106.1111968,12.199892998,1.0017821789,0.9964661001999999,0.6375790238,2.3154411316,57.839725494,0.3138329089,0.0,75.640892029,19.81669426,0.0,65030.0
5361,2106.2631968,12.200192451,0.9704997540000001,0.9900931716,0.6878023148000001,2.3207879066,57.782012939,0.3106989563,0.0,75.699317932,19.558589935,0.0,65030.0
5362,2106.4151967999996,12.200490952000001,0.9461809993000001,0.9516158104000001,0.7267915606,2.3263370991,57.889373778999996,0.30529659989999997,0.0,76.208778381,19.547904968,0.0,65030.0
5363,2106.5671967999997,12.200789452,0.974857688,0.9563977122,0.7438141107999999,2.335496664,59.05924224899999,0.3000507653,0.0,76.835975647,19.488834381,0.0,65030.0
5364,2106.7191967999997,12.201088905,1.0426568985,1.0119891167,0.7629457712000001,2.3415703773,61.356006621999995,0.2996111214,0.0,77.174751282,19.37361908,0.0,65030.0
5365,2106.8711968,12.201388359000001,1.1083698273,1.0838600397,0.7894241214,2.3426170349,63.162696838,0.29981151219999996,0.0,77.34158325199999,19.458995819000002,0.0,65030.0
5366,2107.0231968,12.201686859,1.1505016088,1.1369016171,0.8202443719,2.3462610245,62.510185242,0.30312979219999997,0.0,77.054077148,19.537649155,0.0,65030.0
5367,2107.1751968,12.201986312999999,1.1816540956000001,1.1696925163,0.8535526991,2.3509888649,60.45380401600001,0.3113617003,0.0,76.192131042,19.584423065,0.0,65030.0
5368,2107.3271968,12.202285767000001,1.2095278502,1.1988819838,0.8913234472,2.3590703011,59.704963684,0.31735730170000004,0.0,75.255630493,19.679601669,0.0,65030.0
5369,2107.4791968,12.20258522,1.2364668846,1.2256928682,0.9277411103000001,2.3661148547999997,58.948974609,0.3154800534,0.0,74.289199829,19.757720947,0.0,65030.0
5370,2107.6311968,12.20288372,1.2586122751,1.2505964041,0.9641142488,2.373483181,58.473896026999995,0.3121704161,0.0,73.08581543,19.671504974,0.0,65030.0
5371,2107.7831968,12.203183174000001,1.280590415,1.2716033459,1.0009168386,2.3873608112,57.760612488,0.3085813522,0.0,71.84291076699999,19.459318161,0.0,65030.0
5372,2107.9351967999996,12.203482628,1.3339399099,1.3069963455,1.0407800673999998,2.4038820267,56.198371887,0.3022303879,0.0,70.52096557600001,19.16040802,0.0,65030.0
5373,2108.0871967999997,12.203782082,1.4226597548,1.3834326267,1.0851438046,2.4124088287,54.9477005,0.2972454727,0.0,69.225746155,19.099786758,0.0,65030.0
5374,2108.2391967999997,12.204081535,1.5333900452000002,1.4870390891999998,1.1305170059,2.4206929207,55.725025177,0.2976669967,0.0,68.890518188,18.975269318,0.0,65030.0
5375,2108.3911967999998,12.204380035,1.6420576572,1.5997035503,1.1677522659000001,2.4252665043,57.756759644,0.2998930812,0.0,69.506828308,18.593412399,0.0,65030.0
5376,2108.5431968,12.204679489,1.7042633294999998,1.6875818968,1.1698379517,2.4268195629,57.674144745,0.3030687273,0.0,70.40063476600001,18.329946518,0.0,65030.0
5377,2108.6951968,12.204977989000001,1.6265470981999999,1.679721117,1.1323634385999999,2.4244091511000003,58.293838501,0.3081199527,0.0,71.223518372,18.391635895,0.0,65030.0
5378,2108.8471968,12.205277443,1.4122467041,1.5120228529,1.0403038263,2.4033539294999997,58.279590606999996,0.3127377629,0.0,71.746520996,18.482702255,0.0,65030.0
5379,2108.9991968,12.205576897,1.2195439339,1.2851153612000001,0.9199407696999999,2.3751115799,56.429271698,0.3140856922,0.0,72.35800170899999,18.313686371,0.0,65030.0
5380,2109.1511968,12.20587635,1.0769740343,1.1306085587,0.8069192767,2.3557152748,54.43693161,0.3154029548,0.0,72.87151336699999,18.024625778,0.0,65030.0
5381,2109.3031968,12.206175804,0.9455782771,0.99813658,0.7155431509000001,2.3470909595,53.931404113999996,0.3168548942,0.0,73.109474182,17.951038361,0.0,65030.0
5382,2109.4551968,12.206474304,0.8356680273999999,0.8754799962,0.6631319523,2.3382632732,54.48659515399999,0.3191010058,0.0,73.78742218,17.994592667,0.0,65030.0
5383,2109.6071967999997,12.206799507000001,0.7777251005,0.7933046222,0.6262590885,2.3211448193,55.14673996,0.3174357712,0.0,74.607452393,17.953105927,0.0,65030.0
5384,2109.7591967999997,12.20712471,0.7489074469,0.7591720819,0.5964748263,2.3022811413,54.953227997,0.3125964701,0.0,75.637954712,17.869859695,0.0,65030.0
5385,2109.9111967999997,12.20720005,0.7329440712999999,0.7376548051999999,0.5732340813,2.2896163464,54.672424316000004,0.304294318,0.0,76.81784820600001,17.929519653,0.0,65030.0
5386,2110.0631968,12.207152367,0.7321959734000001,0.7302165626999999,0.5586925745,2.2873928547,54.908035278,0.3031294048,0.0,78.015357971,18.075517654000002,0.0,65030.0
5387,2110.2151968,12.206975937000001,0.7479901314,0.7393844723999999,0.5535394549,2.2935118675,55.01386261,0.30414614079999996,0.0,79.49850463899999,18.220298767,0.0,65030.0
5388,2110.3671968,12.206852912999999,0.7737260461,0.7627989054000001,0.5506794453,2.3051607609,54.64706039399999,0.3022329807,0.0,80.43579101600001,18.201095581,0.0,65030.0
5389,2110.5191968,12.206630707,0.7928314209,0.7869605422,0.5470800996,2.3241941929,53.927417755,0.2999531925,0.0,80.372390747,17.893163681,0.0,65030.0
5390,2110.6711968,12.206331253,0.7898287177,0.7951231003,0.5417920351,2.3434956074,52.926792145,0.3025777638,0.0,79.77560424800001,17.640829086,0.0,65030.0
5391,2110.8231968,12.206032752999999,0.7574867009999999,0.7747933269,0.5355787277,2.3469367027000003,51.998973846000005,0.3112402856,0.0,79.662963867,17.697179794,0.0,65030.0
5392,2110.9751968,12.205755234000002,0.7136123776000001,0.7311419249,0.5255564451,2.3362073897999998,52.399692535,0.3224412799,0.0,80.49672699,17.824754715,0.0,65030.0
5393,2111.1271967999996,12.205533980999999,0.6796347499,0.6912867427,0.5118944049,2.3209168911,54.272624969,0.3308221102,0.0,82.162055969,17.929222107,0.0,65030.0
5394,2111.2791967999997,12.205235480999999,0.6591131091,0.6655712128,0.4922805429,2.3155436516,55.911514282,0.33479535579999997,0.0,83.830444336,18.184186935,0.0,65030.0
5395,2111.4311967999997,12.204936027999999,0.6443805099000001,0.6495109796999999,0.4697272778,2.3150396347,56.684963226,0.33667638899999996,0.0,84.716941833,18.276597977,0.0,65030.0
5396,2111.5831967999998,12.204637527000001,0.6298134327,0.635540843,0.44955483079999997,2.3214094639,56.496711731000005,0.3320844173,0.0,85.194259644,18.260574340999998,0.0,65030.0
5397,2111.7351968,12.204357147,0.6160756946,0.6213169098,0.4318319261,2.3316056728,56.795608521000005,0.3222673833,0.0,85.61806488,18.429971695,0.0,65030.0
5398,2111.8871968,12.204468727,0.5958173871,0.6053367257,0.4172326922,2.3366994858,58.290248871,0.3182820082,0.0,85.80165863,18.440259933,0.0,65030.0
5399,2112.0391968,12.20648098,0.5769242644,0.5829565525,0.4111911654,2.3202931881,59.412696838,0.3219833672,0.0,85.676841736,18.321519852,0.0,65030.0
5400,2112.1911968,12.211470604,0.5691944957,0.5707734227000001,0.40994310380000004,2.2894809246000003,59.599151611,0.3253523409,0.0,85.552024841,18.268352509,0.0,65030.0
5401,2112.3431968,12.217190742,0.5715935825999999,0.5691888928,0.4116370976,2.272241354,60.06570816,0.3200964034,0.0,85.32466888399999,18.423904419,0.0,65030.0
5402,2112.4951968,12.221815109000001,0.5817568302,0.5768896937,0.41335284710000003,2.2724232674000002,60.564529418999996,0.3118315041,0.0,84.920326233,18.577363968,0.0,65030.0
5403,2112.6471968,12.222641945,0.5941330194,0.5894060135,0.4151294231,2.2771370411,58.553085327,0.3098488152,0.0,84.331642151,18.416975021,0.0,65030.0
5404,2112.7991967999997,12.220522880999999,0.6049121618,0.6009151936,0.4168255925,2.2839448452,55.169586181999996,0.31078290940000003,0.0,83.779418945,18.127189636,0.0,65030.0
5405,2112.9511967999997,12.210044860999998,0.6107649207,0.6096435189,0.41840818520000006,2.2904491425,54.356880188000005,0.3081079125,0.0,83.533103943,18.155427933,0.0,65030.0
5406,2113.1031967999998,12.196518897999999,0.6131721139,0.6127552986,0.4194495976,2.2960617541999997,54.774394988999994,0.306504935,0.0,83.588027954,18.329772949000002,0.0,65030.0
5407,2113.2551968,12.183732033,0.6140000224000001,0.6142446995,0.4202475548,2.2976796627000002,55.849121094,0.3101756573,0.0,83.936172485,18.450551987,0.0,65030.0
5408,2113.4071968,12.175569534000001,0.6122553945,0.6134754419,0.42084571719999997,2.3017897606,57.075153351000004,0.3178577423,0.0,84.458885193,18.713748932,0.0,65030.0
5409,2113.5591968,12.168821335,0.6081082225,0.6101531982,0.41927808520000004,2.3117289543,58.234024048,0.3219031096,0.0,84.94317627,19.030361176,0.0,65030.0
5410,2113.7111968,12.164476395,0.6019720435,0.6045829654,0.41159492729999997,2.3143596649,58.660930633999996,0.315235883,0.0,85.255081177,19.15835762,0.0,65030.0
5411,2113.8631968,12.171676635999999,0.5949878693,0.5977159739,0.402445823,2.3052546978,58.22990036,0.30912092329999996,0.0,85.277832031,19.259998322,0.0,65030.0
5412,2114.0151968,12.184264183,0.5891454815999999,0.5912249088,0.39406806229999997,2.2959289551,59.683834076000004,0.3057112396,0.0,85.040061951,19.489282608,0.0,65030.0
5413,2114.1671968,12.196762085,0.5887032151,0.5876048207,0.3917351961,2.2807238102,60.176872253,0.3049344122,0.0,84.741874695,19.777618408,0.0,65030.0
5414,2114.3191967999996,12.205726624,0.6001662611999999,0.5935338736,0.39677861329999997,2.2656934261000004,60.409931183000005,0.3061138391,0.0,84.700080872,20.23979187,0.0,65030.0
5415,2114.4711967999997,12.213322639000001,0.6192507147999999,0.6115372181000001,0.423935324,2.2726480961,61.460365295,0.3080623448,0.0,84.803237915,20.858148575,0.0,65030.0
5416,2114.6231967999997,12.222661972000001,0.6397658587,0.6314967275,0.47104913,2.2793672085,62.715667725,0.3042204678,0.0,84.356063843,21.537359238,0.0,65030.0
5417,2114.7751968,12.235603333,0.6696137786,0.6552119851,0.5220179558,2.2933807372999997,63.405292511000006,0.2995002866,0.0,83.895812988,22.498498917,0.0,65030.0
5418,2114.9271968,12.249742507999999,0.7358747721,0.7011906505,0.5815930963,2.3217759131999998,62.63572692899999,0.2893606424,0.0,83.568710327,23.92726326,0.0,65030.0
5419,2115.0791968,12.268919945,0.8455403447,0.7955462337,0.6542136073,2.3591976166,63.250045776,0.283287257,0.0,83.13621521,25.947944641,0.0,65030.0
5420,2115.2311968,12.320213317999999,0.980600059,0.9235978723,0.725694418,2.4134950638,62.844154358000004,0.2803533971,0.0,82.183906555,28.421642303000002,0.0,65030.0
5421,2115.3831968,12.436266899000001,1.1402466297,1.070284605,0.7919461131000001,2.4934945106999997,61.682800293,0.274425298,0.0,79.774742126,31.015680313,0.0,65030.0
5422,2115.5351968,12.621908187999999,1.3376499414,1.2515269518,0.866809845,2.5645313263,62.006973267,0.2606364787,0.0,76.68405151399999,33.383399963,0.0,65030.0
5423,2115.6871968,12.80040741,1.5382192135,1.4635137319999998,0.9700727463,2.6019198895,62.860233307,0.25872239469999997,0.0,73.690490723,35.391571045,0.0,65030.0
5424,2115.8391967999996,12.916699409000001,1.691377759,1.6408840418000001,1.0875058173999999,2.5906443596,63.623893738,0.2682799101,0.0,71.033866882,36.827449799,0.0,65030.0
5425,2115.9911967999997,12.967575072999999,1.7871104479,1.7581042051,1.240904212,2.5659673214,63.63640213,0.2748087943,0.0,69.940376282,37.686927795,0.0,65030.0
5426,2116.1431967999997,12.991230965,1.8087933064,1.8165612221,1.4758126736000001,2.5492708683000003,62.457550049,0.2793922424,0.0,70.90056610100001,38.264625549,0.0,65030.0
5427,2116.2951967999998,13.004991530999998,1.7464655638,1.7842915058000002,1.7571955919,2.5515804291,61.927364348999994,0.2906110883,0.0,72.21013641399999,38.656318665,0.0,65030.0
5428,2116.4471968,13.046691895,1.6661827563999998,1.6926400661,1.9226986169999998,2.5149815083,62.516159058,0.3071015477,0.0,73.564888,38.782089233,0.0,65030.0
5429,2116.5991968,13.070707320999999,1.6018010378,1.6275151968000001,1.9729206562000001,2.4741299152000003,63.236442566,0.3213339448,0.0,74.89550781300001,38.884853363000005,0.0,65030.0
5430,2116.7511968,13.074175835,1.5422326326,1.5645450354,1.9105671644,2.4781622887,64.401741028,0.3313355744,0.0,76.034957886,39.106067657,0.0,65030.0
5431,2116.9031968,13.073964119000001,1.525360465,1.5192204714,1.8019095659,2.488812685,65.64138031,0.3324451745,0.0,76.820121765,39.156394958,0.0,65030.0
5432,2117.0551968,13.073664665,1.5505685806,1.5376636981999998,1.7512577772,2.4728205204,67.367958069,0.3346160352,0.0,76.990379333,39.035064696999996,0.0,65030.0
5433,2117.2071968,13.074376105999999,1.5639380216999998,1.5651116371,1.7345998287,2.4539697169999997,68.710243225,0.34258604049999997,0.0,76.871398926,38.924152374,0.0,65030.0
5434,2117.3591968,13.083164215,1.511187911,1.5503528118,1.7217472792,2.4405839443,69.88259887699999,0.33956938979999995,0.0,76.612678528,38.818870544,0.0,65030.0
5435,2117.5111967999997,13.095136642,1.4288179874,1.4558509588,1.7086666822,2.4501593112999998,69.764640808,0.3354938924,0.0,76.551681519,38.655433655,0.0,65030.0
5436,2117.6631967999997,13.107142448,1.3828144073,1.3930109738999998,1.6927218437,2.4443407059,68.04043579100001,0.3433485925,0.0,77.14568328899999,38.401321411,0.0,65030.0
5437,2117.8151967999997,13.125597954000002,1.3604072332,1.3680207729,1.6669105291,2.4289448261,67.77567291300001,0.34827661509999996,0.0,77.880104065,38.094993591,0.0,65030.0
5438,2117.9671968,13.131736755,1.3560261725999998,1.3523135185,1.6412279606,2.4003725052,68.11920929,0.34364512560000005,0.0,78.922111511,37.759044646999996,0.0,65030.0
5439,2118.1191968,13.06444931,1.3669948578,1.3622368574000001,1.6295816898,2.4033765793,68.549926758,0.3334628344,0.0,79.702926636,37.40265274,0.0,65030.0
5440,2118.2711968,13.036907196,1.3630698919,1.370618701,1.6234346628,2.4464771748,69.583610535,0.3249284923,0.0,79.551673889,36.966331482,0.0,65030.0
5441,2118.4231968,13.073803902,1.3406436443,1.3508005142,1.6180189848,2.4261627197,71.393539429,0.3326095343,0.0,79.228569031,36.618965149,0.0,65030.0
5442,2118.5751968,13.101346015999999,1.3245559931,1.3273966312,1.616207242,2.3940012455,72.546798706,0.3321617246,0.0,79.347457886,36.621578217,0.0,65030.0
5443,2118.7271968,13.042294502,1.3268674612,1.3225780725,1.6152198315000001,2.4003522396,73.057624817,0.3264366984,0.0,79.37613678,36.663105011,0.0,65030.0
5444,2118.8791968,13.014842032999999,1.350491643,1.3367351294,1.6147735119,2.4167544841999997,71.596435547,0.32089236379999997,0.0,78.73399353,36.707717896,0.0,65030.0
5445,2119.0311967999996,13.032704353,1.3926975727000002,1.3737939596000002,1.6192244291,2.4327869415,70.55451202399999,0.3116556406,0.0,78.098320007,36.856395721,0.0,65030.0
5446,2119.1831967999997,13.09032917,1.4179999828,1.4180014133,1.6254096031,2.4267368317,71.7603302,0.3039699197,0.0,79.22174835199999,37.091365814,0.0,65030.0
5447,2119.3351967999997,13.154008865,1.3973981141999998,1.4136277437,1.6315865516999999,2.3951873779,72.73035430899999,0.30905735489999997,0.0,79.712783813,37.377677917,0.0,65030.0
5448,2119.4871967999998,13.162166595,1.3673825264,1.3740339279,1.6362406015000002,2.3743877411,71.778923035,0.3207572997,0.0,78.98521423300001,37.508705139,0.0,65030.0
5449,2119.6391968,13.145889282,1.3793388605,1.3629692793000001,1.6212773322999998,2.3834137917,70.083900452,0.32581186289999997,0.0,78.766944885,37.672397614,0.0,65030.0
5450,2119.7911968,13.147950172,1.385053277,1.3988801241,1.5926454066999998,2.4224858284,68.71459198,0.3195496798,0.0,77.980499268,37.89761734,0.0,65030.0
5451,2119.9431968,13.194885254,1.3608467578999999,1.3654537200999999,1.5646295547,2.4219446182,68.040817261,0.3181698918,0.0,77.844848633,38.039505005,0.0,65030.0
5452,2120.0951968,13.220355034,1.3689644337,1.3571872711000001,1.5452096462,2.3998296261000003,68.62746429399999,0.3263476193,0.0,78.752182007,38.080688476999995,0.0,65030.0
5453,2120.2471968,13.153623581,1.3974839449,1.3871592283,1.5362364054,2.4107441902,70.632377625,0.3313190043,0.0,79.095207214,37.976139069,0.0,30000.0
5454,2120.3991968,13.139321327000001,1.4069387913,1.4109793900999998,1.5275456905000002,2.4402940273,72.611236572,0.3308121562,0.0,78.465133667,37.823749542,0.0,65000.0
5455,2120.5511968,13.370022774,1.3831436634,1.3976508378999999,1.5231158733,2.4531049728,73.362449646,0.3179659545,0.0,77.83161926300001,37.67868042,0.0,65000.0
5456,2120.7031967999997,13.392453194000002,1.3415307999,1.3591214418000002,1.5387129784,2.4623987675,73.60395813,0.3062769473,0.0,77.47341156,37.475570679,0.0,65000.0
5457,2120.8551967999997,13.408334732,1.2948647737999999,1.3139386176999999,1.5259145498,2.4544932842,72.520706177,0.30832201239999996,0.0,77.86668396,37.363288879,0.0,65000.0
5458,2121.0071967999997,13.315576553,1.2500206232,1.2659074068,1.5091080665999999,2.4355473518,71.830451965,0.32182464,0.0,79.261039734,37.30696106,0.0,65000.0
5459,2121.1591968,13.378405570999998,1.2186082602,1.2274136543,1.5274317265000001,2.4194231033,72.559371948,0.3316759467,0.0,80.681541443,37.072052002,0.0,65000.0
5460,2121.3111968,13.249864578,1.2114497423000001,1.2083212137000001,1.552402854,2.417257309,72.975860596,0.3308010399,0.0,81.884757996,36.5585289,0.0,65000.0
5461,2121.4631968,13.20512104,1.2417523861,1.2197602987,1.5647436380000002,2.4028277397,73.36184692399999,0.3217119277,0.0,81.85231781,36.059776305999996,0.0,65000.0
5462,2121.6151968,13.182467461,1.3186410666,1.27762115,1.549151063,2.390034914,73.60723114,0.3101341426,0.0,80.950805664,36.010692596,0.0,65000.0
5463,2121.7671968,13.116798400999999,1.4132378100999998,1.3801200390000001,1.5335375071000001,2.3961536884,74.24720764199999,0.2988812625,0.0,79.449211121,36.182601929,0.0,30000.0
5464,2121.9191968,13.060111046,1.4613031149000002,1.4602639675,1.535184145,2.4085683823,73.210678101,0.2987572551,0.0,78.245391846,36.417423248,0.0,30000.0
5465,2122.0711968,13.057800293,1.4427244662999998,1.4606598616,1.5553786755,2.4307224751,71.666687012,0.3093930483,0.0,78.082252502,36.684764862,0.0,30000.0
5466,2122.2231967999996,13.157752037,1.3924474716,1.4146829844,1.572347641,2.434479475,71.63092041,0.3218269348,0.0,79.077354431,36.746696471999996,0.0,30000.0
5467,2122.3751967999997,13.303543091,1.3392753601,1.3595533371000001,1.5429280996,2.4341070652,71.264320374,0.3326246142,0.0,79.806289673,36.76890564,0.0,30000.0
5468,2122.5271967999997,13.226028442,1.297288537,1.310128808,1.5032982825999999,2.4452147484,70.744361877,0.3297620416,0.0,80.425773621,36.819862366,0.0,30000.0
5469,2122.6791967999998,13.387430190999998,1.2547528744,1.2783613205,1.4670878649,2.4454274178,71.04582977300001,0.3244269788,0.0,81.40841674800001,36.88338089,0.0,30000.0
5470,2122.8311968,13.47806263,1.2129007578,1.2198030949,1.4427326918,2.4280152321,72.82512664800001,0.3302830458,0.0,82.474258423,36.764797211,0.0,30000.0
5471,2122.9831968,13.470786095,1.2291666269,1.20510602,1.4288477897999998,2.4344210625,73.070861816,0.3240005374,0.0,83.44883728,36.589988708,0.0,30000.0
5472,2123.1351968,13.470115662000001,1.2895460129,1.2665981054000002,1.4441436529,2.454267025,72.49207305899999,0.3179887831,0.0,84.093254089,36.403682709,0.0,65000.0
5473,2123.2871968,13.478273392,1.3303948641,1.3228905201,1.4685863256,2.4871804714,72.664100647,0.3171419203,0.0,84.087173462,36.169212341,0.0,65000.0
5474,2123.4391968,13.475621223,1.3454942703,1.3414801359,1.4965792894,2.4949181080000002,72.497116089,0.311408788,0.0,82.86128234899999,36.01316452,0.0,65000.0
5475,2123.5911968,13.465536118,1.3560631275,1.3515608311000002,1.519067049,2.4845738411,73.498199463,0.2999551594,0.0,81.412307739,35.813419341999996,0.0,65000.0
5476,2123.7431967999996,13.454264640999998,1.3636137247,1.3622126579,1.53083992,2.4623911381,75.33871459999999,0.2921136618,0.0,80.00432586699999,35.560073853,0.0,65000.0
5477,2123.8951967999997,13.444104195,1.3603972197,1.3658983706999999,1.5424948931,2.4306139946000003,75.782302856,0.2960982323,0.0,79.992668152,35.474220276,0.0,30000.0
5478,2124.0471967999997,13.441606522,1.3492144346000001,1.352137208,1.5593544245,2.4095568657,74.128372192,0.3073695302,0.0,81.079704285,35.511722565,0.0,30000.0
5479,2124.1991967999998,13.441302299,1.3473740816,1.3450351954,1.5919381380000002,2.414773941,72.88835144,0.3227237463,0.0,81.45275116,35.462734221999995,0.0,30000.0
5480,2124.3511968,13.532438277999999,1.3474647999,1.3511552811,1.5791937112999999,2.4293942450999997,72.056785583,0.3381882608,0.0,80.789291382,35.507240295,0.0,30000.0
5481,2124.5031968,13.572721480999999,1.3349876404,1.3422852755,1.5555253029,2.4444572926,70.48744201699999,0.3412716091,0.0,80.693511963,35.703170776,0.0,30000.0
5482,2124.6551968,13.493275642,1.3127677440999999,1.3244395256000001,1.5355660915,2.4612751007,69.290931702,0.3410039842,0.0,80.985321045,35.849254608,0.0,30000.0
5483,2124.8071968,13.447014809,1.2857584953,1.2952580452,1.5170882940000001,2.4605154991,67.775726318,0.34060624240000004,0.0,81.359481812,35.81004715,0.0,30000.0
5484,2124.9591968,13.440210342,1.27214849,1.2715227604000001,1.4986299276,2.4287760258,66.782012939,0.3322516084,0.0,84.035125732,35.884902954,0.0,30000.0
5485,2125.1111968,13.433534622,1.2891975641,1.2748236656,1.5006517172,2.4031143188,67.51677703899999,0.3125018477,0.0,91.681968689,36.173023224,0.0,30000.0
5486,2125.2631968,13.415244102,1.3335878849,1.3128697872,1.5202217102000002,2.4105064869,67.376029968,0.30477935079999996,0.0,95.09912872299999,36.381214142,0.0,30000.0
5487,2125.4151967999996,13.415287017999999,1.3641278744,1.3639503716999999,1.5473818779,2.4259884357,68.392051697,0.3087873161,0.0,94.29180908200001,36.506305695,0.0,30000.0
5488,2125.5671967999997,13.490982055999998,1.3516955376,1.3600536585,1.5516947508,2.4311602116,69.109970093,0.3175466657,0.0,94.75128936799999,36.580883026,0.0,30000.0
5489,2125.7191967999997,13.710221291,1.3367387056,1.3369281292,1.5308635234999999,2.4225766659,69.736099243,0.3291405439,0.0,95.343803406,36.559055328,0.0,65000.0
5490,2125.8711968,13.523328780999998,1.3478837013,1.338517189,1.5044218302,2.4056940078999998,70.78768158,0.33307227489999996,0.0,95.105934143,36.475948334,0.0,65000.0
5491,2126.0231968,13.408140182,1.3548134565,1.3634496927000002,1.478939414,2.3938310146,71.601295471,0.3321405351,0.0,95.003585815,36.284767151,0.0,65000.0
5492,2126.1751968,13.38564682,1.3138608932,1.3370140791,1.4661809206,2.3946492672,72.733642578,0.3305625618,0.0,95.57035827600001,35.97354126,0.0,65000.0
5493,2126.3271968,13.399374962000001,1.2443026304,1.2764636278000001,1.4568804502000001,2.408696413,74.59379577600001,0.3301165402,0.0,97.026229858,35.62178421,0.0,65000.0
5494,2126.4791968,13.416353225999998,1.1784272194,1.1974840164,1.4479881525,2.4162817001,75.14924621600001,0.3325866461,0.0,98.77507782,35.359855652,0.0,65000.0
5495,2126.6311968,13.415003777,1.1498808861,1.1546571255,1.4491242169999998,2.3833539486,74.571998596,0.3378441036,0.0,100.06169128,35.292167664000004,0.0,65000.0
5496,2126.7831968,13.40064621,1.1610895395,1.1470934153,1.453951478,2.3630743027000003,74.303009033,0.3417110443,0.0,100.14548492,35.140773773,0.0,65000.0
5497,2126.9351967999996,13.38643837,1.2071305513,1.1865221262,1.4482275247999998,2.377363205,74.242530823,0.3441752493,0.0,98.442939758,35.011066437,0.0,65000.0
5498,2127.0871967999997,13.37614727,1.258292675,1.2382581234,1.4299304485,2.3803753853,74.881507874,0.3480830789,0.0,96.382423401,35.224632263000004,0.0,65000.0
5499,2127.2391967999997,13.367498398,1.2865468264,1.2878232001999999,1.4164655209,2.3851158619,74.84001922600001,0.3489594162,0.0,95.798812866,35.31199646,0.0,65000.0
5500,2127.3911967999998,13.362301826,1.2640479803,1.2786724567,1.4150421619,2.3818292618,73.639968872,0.3406370878,0.0,96.684791565,35.4347229,0.0,65000.0
5501,2127.5431968,13.361156464,1.2244926691,1.2390918732,1.4190307856,2.3665080069999997,72.137512207,0.32988238329999997,0.0,98.107818604,35.535339355,0.0,65000.0
5502,2127.6951968,13.359603882,1.1926246881,1.2028350829999999,1.4407145977000002,2.3547461033,71.18066406300001,0.3310702741,0.0,98.878974915,35.523262024,0.0,30000.0
5503,2127.8471968,13.351396561,1.1776680946,1.1793575287,1.461665988,2.3540930747999997,69.622573853,0.3393962383,0.0,98.403434753,35.56703949,0.0,30000.0
5504,2127.9991968,13.349592209,1.1865602732,1.1770567894,1.4678379297,2.3680353165,68.71575164800001,0.3443664014,0.0,97.94472503700001,35.710617065,0.0,30000.0
5505,2128.1511968,13.373873711,1.2246621846999999,1.2043396235,1.4706096649,2.3736412525,69.886108398,0.3483144045,0.0,97.857757568,35.690208435,0.0,30000.0
5506,2128.3031968,13.60859108,1.2743620871999999,1.2584574223,1.4732961655,2.3657717705000003,70.958106995,0.3528527319,0.0,98.645462036,35.546871185,0.0,30000.0
5507,2128.4551968,13.581155777000001,1.2867547274,1.2945177555,1.4754366875,2.3507127762,71.951187134,0.3533844352,0.0,97.93217468299999,35.392383575,0.0,30000.0
5508,2128.6071967999997,13.530909538,1.253428936,1.2660619020000001,1.4907556772,2.3390288353,72.26325225800001,0.3560637236,0.0,96.51837158200001,35.338626862,0.0,30000.0
5509,2128.7591967999997,13.38846302,1.2279316187,1.2353577614,1.5130795240000001,2.3333361149000003,72.166007996,0.3681181669,0.0,96.324562073,35.171226501,0.0,30000.0
5510,2128.9111967999997,13.390788078,1.2245485783,1.2190003395,1.5274287462,2.3261373043,71.84329223600001,0.3736780286,0.0,96.651367188,35.335258484,0.0,30000.0
5511,2129.0631968,13.411344527999999,1.2484824657,1.2384849787,1.5278706550999999,2.2992451191,71.23902893100001,0.3699976802,0.0,95.789741516,35.601104735999996,0.0,30000.0
5512,2129.2151968,13.43108654,1.2668504715,1.2627438306999998,1.5271644591999998,2.2945210934,70.324234009,0.3640617132,0.0,95.270233154,35.628559113,0.0,30000.0
5513,2129.3671968,13.440143585,1.2691631317,1.270704627,1.5201275349,2.3176622391,69.990707397,0.3636811078,0.0,94.61590576200001,35.652145386,0.0,65000.0
5514,2129.5191968,13.441803932000001,1.2610493898000001,1.2652481794,1.499980092,2.3100738525,70.670707703,0.3599966764,0.0,94.540016174,35.609291076999995,0.0,65000.0
5515,2129.6711968,13.441900253,1.2504942417,1.2534276247,1.4972692728,2.3160278797,71.843353271,0.3565366268,0.0,96.023712158,35.65871048,0.0,65000.0
5516,2129.8231968,13.452130318,1.2508710623000001,1.2478032112000002,1.4964821338999998,2.327477932,72.767883301,0.356558919,0.0,98.03914642299999,36.13420105,0.0,65000.0
5517,2129.9751968,13.52283287,1.2667970656999998,1.2584860325,1.4867352247,2.3448078632,73.53401184100001,0.3588372171,0.0,99.15048980700001,36.32346344,0.0,65000.0
5518,2130.1271967999996,13.677747726,1.2832932472,1.2808660269,1.4698898792,2.3130481243000003,74.741119385,0.3615100682,0.0,98.808273315,36.251182555999996,0.0,65000.0
5519,2130.2791967999997,13.776958465999998,1.2717971801999999,1.282954812,1.4490351677000002,2.2656390667,74.794532776,0.3661628067,0.0,98.621772766,36.543689728000004,0.0,65000.0
5520,2130.4311967999997,13.73371315,1.2267810106,1.2466650009,1.4271615744,2.2627866268,72.768203735,0.3654566407,0.0,97.86869812,36.853164673,0.0,65000.0
5521,2130.5831967999998,13.606098175,1.1747553349,1.1951363087,1.4070112705000002,2.2885718346,70.434532166,0.3625582457,0.0,97.200942993,37.003292084,0.0,65000.0
5522,2130.7351968,13.41795826,1.1344778538,1.1456056833,1.3907644749,2.2985150813999997,70.34237670899999,0.3675801754,0.0,98.12224578899999,36.983455658000004,0.0,65000.0
5523,2130.8871968,13.322497367999999,1.1286076307,1.1257241964,1.38643682,2.2805736065,72.174530029,0.37243476509999995,0.0,99.60697937,36.964466095,0.0,65000.0
5524,2131.0391968,13.295138359000001,1.1502196789,1.1402089596,1.3889079094,2.2768592834,74.220718384,0.36457616090000006,0.0,100.30076599,37.06142807,0.0,65000.0
5525,2131.1911968,13.281164169,1.1783250570000001,1.1653069258,1.3939312696000001,2.3035264015,73.796516418,0.3498556912,0.0,99.47988891600001,37.195922851999995,0.0,65000.0
5526,2131.3431968,13.267996788,1.2119762897,1.1982265711,1.4053179026,2.3209934235,73.180534363,0.3339580894,0.0,97.922851563,37.255245209,0.0,65000.0
5527,2131.4951968,13.278728485,1.2359999418,1.2311937809,1.4233262538999998,2.3386440277,74.797637939,0.3231219649,0.0,95.88217926,37.347976685,0.0,65000.0
5528,2131.6471968,13.304437637000001,1.2338634729,1.2355866432,1.4410567284,2.3568634987,77.187942505,0.3248339891,0.0,95.43697357200001,37.49300766,0.0,65000.0
5529,2131.7991967999997,13.399686812999999,1.2280000448000001,1.2289532423,1.4460759162999999,2.3782045841,79.17940521199999,0.3334142268,0.0,95.66284942600001,37.317718506,0.0,65000.0
5530,2131.9511967999997,13.523514748,1.2327048779,1.228502512,1.4454671144,2.3991034031,79.05549621600001,0.3358189464,0.0,95.883827209,37.169342041,0.0,65000.0
5531,2132.1031967999998,13.511496544000002,1.2491095066,1.2432800531000001,1.4400632381,2.4176244736,75.592430115,0.3358283043,0.0,96.396827698,37.369586945,0.0,65000.0
5532,2132.2551968,13.402739525,1.2562048435,1.2564028502,1.4333776236000002,2.4347560406,73.33939361600001,0.3340019286,0.0,96.086280823,37.584609985,0.0,65000.0
5533,2132.4071968,13.390167236,1.2434097528,1.2516243458,1.4260805845,2.4384808540000003,73.554000854,0.3269536197,0.0,96.035926819,37.571628571,0.0,65000.0
5534,2132.5591968,13.518979072999999,1.2134773731,1.2252445221,1.412925005,2.4301114081999997,73.476371765,0.3243543804,0.0,97.204048157,37.762042999,0.0,65000.0
5535,2132.7111968,13.527087212,1.1852844954000001,1.1952795982,1.398760438,2.4173233509,70.818756104,0.3263891935,0.0,98.216674805,38.08032608,0.0,65000.0
5536,2132.8631968,13.531349182000001,1.1618440151,1.1713356972,1.3845925331,2.4056601524000003,69.041053772,0.3294213414,0.0,99.068107605,38.193824768,0.0,65000.0
5537,2133.0151968,13.565405845999999,1.139102459,1.1470538378,1.3751473427,2.4143574238,68.64927673300001,0.3330203891,0.0,99.81065368700001,38.300678253,0.0,65000.0
5538,2133.1671968,13.76111412,1.127720356,1.1295962334,1.3696851730000001,2.4344384669999997,68.786560059,0.3294012845,0.0,100.70548248,38.359596251999996,0.0,65000.0
5539,2133.3191967999996,13.725549698,1.1319029331000001,1.1299302578000001,1.3647975922,2.434551239,69.407440186,0.3202277124,0.0,101.16278839,38.30802536,0.0,65000.0
5540,2133.4711967999997,13.668599129,1.1448327303,1.1366788149,1.3665883541,2.4266357422,70.35472106899999,0.3159281015,0.0,101.3523941,38.218105316,0.0,65000.0
5541,2133.6231967999997,13.649857521,1.1777172089,1.1625484228,1.3735119104,2.4207034111000003,71.868881226,0.3133182228,0.0,100.38754272,38.173652649,0.0,65000.0
5542,2133.7751968,13.638846397,1.2228684425,1.205142498,1.38126719,2.4380409718,74.847854614,0.3145582676,0.0,98.13647460899999,38.086410522,0.0,65000.0
5543,2133.9271968,13.629394530999999,1.2550910711,1.2480304241,1.3985533713999998,2.4682512283,76.78020477300001,0.3191156685,0.0,97.05604553200001,37.862056732,0.0,65000.0
5544,2134.0791968,13.624666214000001,1.2479501963,1.2522674799,1.4229207038999998,2.4715743065,75.055862427,0.3240392804,0.0,96.982040405,37.582855225,0.0,65000.0
5545,2134.2311968,13.604598045,1.2326657772,1.2369668484,1.4483633041,2.4666607380000003,74.492347717,0.3253932595,0.0,97.430755615,37.37519455,0.0,65000.0
5546,2134.3831968,13.564221382000001,1.2336906195000001,1.2290526628,1.4731173515,2.4593155384,74.377258301,0.3276281357,0.0,96.171470642,37.215209961,0.0,65000.0
5547,2134.5351968,13.516217232,1.2611482143000001,1.2492967844,1.4951434135,2.4485163689,72.782150269,0.33536216620000003,0.0,94.479415894,37.165565491,0.0,30000.0
5548,2134.6871968,13.516395569,1.2863569259999998,1.2803829908,1.5163507462,2.4402158259999998,70.33813476600001,0.33765098450000003,0.0,94.787757874,37.197013855,0.0,30000.0
5549,2134.8391967999996,13.676571846,1.2799701691,1.284371376,1.5339324474,2.4357163906,67.773010254,0.3279813528,0.0,94.839584351,37.365299225,0.0,30000.0
5550,2134.9911967999997,13.903058052,1.2712851763,1.2683633565999999,1.5488333702000001,2.4296593666,65.625427246,0.3128336966,0.0,93.909751892,37.596099854,0.0,30000.0
5551,2135.1431967999997,13.809871674000002,1.3106547594,1.2890307903,1.5614290237000001,2.4305751324,64.25340271,0.30714133379999997,0.0,93.27989196799999,37.859615326,0.0,30000.0
5552,2135.2951967999998,13.895537375999998,1.3858721256,1.3561755419,1.5470957756000001,2.4398536682,63.857345581000004,0.30714246629999997,0.0,93.561798096,38.083984375,0.0,30000.0
5553,2135.4471968,13.989006995999999,1.43815732,1.4288598299000002,1.5132091044999998,2.4348726273,64.712249756,0.306178838,0.0,93.75727081299999,38.115345001,0.0,30000.0
5554,2135.5991968,14.069126129,1.389342308,1.4188435078,1.4825614691,2.4234373569,65.931381226,0.3094936013,0.0,92.94527435299999,38.074855804,0.0,30000.0
5555,2135.7511968,14.060495377,1.2693947554,1.3126835823,1.5017439127,2.4174222946,66.529434204,0.309763968,0.0,92.081138611,38.017982483000004,0.0,30000.0
5556,2135.9031968,14.055526732999999,1.2093032598,1.2201750278,1.5185811519999999,2.4218888283,66.41608429,0.3136415482,0.0,92.512207031,37.93674469,0.0,30000.0
5557,2136.0551968,13.636619567999999,1.2644201517,1.2361255884,1.5206677913999997,2.42116642,66.401481628,0.3234712481,0.0,95.44138336200001,37.863460541,0.0,30000.0
5558,2136.2071968,13.269927025,1.368322134,1.3283647298999999,1.5197120905000001,2.430134058,67.422080994,0.3228057921,0.0,98.166137695,37.8491745,0.0,30000.0
5559,2136.3591968,13.126522064000001,1.4413374662,1.4224970341,1.4973789454,2.453016758,68.35308075,0.3133712411,0.0,100.08273315,37.999130249000004,0.0,65030.0
5560,2136.5111967999997,13.150798798,1.4272485971000002,1.4355543852000001,1.4706597328,2.4719691277,68.510429382,0.304119885,0.0,98.52983093299999,38.182159424,0.0,65030.0
5561,2136.6631967999997,13.234085083,1.3901517391,1.4050116539,1.4677064418999999,2.4810011387,68.131706238,0.30212205649999996,0.0,95.175315857,38.282417296999995,0.0,65030.0
5562,2136.8151967999997,13.312476157999999,1.3510046005,1.3675950766,1.4712206125,2.4472875595,68.184143066,0.3139152229,0.0,94.03847503700001,38.34249115,0.0,65030.0
5563,2136.9671968,13.373921394000002,1.3058173656,1.3239346743,1.4712249041,2.4000747203999997,68.62504577600001,0.3331112564,0.0,95.263900757,38.301681519,0.0,65030.0
5564,2137.1191968,13.408813477,1.2597825527,1.2772819996,1.4572660922999998,2.3611376286000003,69.133865356,0.3478075564,0.0,97.191566467,38.207519530999996,0.0,65030.0
5565,2137.2711968,13.421913147,1.2280526161,1.2350500822,1.4693478346000002,2.3498010634999997,69.29325103800001,0.3592583835,0.0,99.50279998799999,38.041931152,0.0,65030.0
5566,2137.4231968,13.398597717000001,1.2602350712000001,1.2396303415,1.4994240999000001,2.3455266953,68.881965637,0.3696968853,0.0,100.31370544,37.65215683,0.0,65030.0
5567,2137.5751968,13.323246955999998,1.3895097971,1.3243948221,1.5281983613999999,2.3510742188,67.924484253,0.3723293245,0.0,98.095718384,37.110290527,0.0,65030.0
5568,2137.7271968,13.21108532,1.6324088573,1.5472010374,1.5453534126,2.3599486351,67.086608887,0.36060515049999997,0.0,94.031463623,36.409053801999995,0.0,30000.0
5569,2137.8791968,13.085639954000001,1.7489999533,1.7148820162,1.5758477449000001,2.3686974049000002,66.57850647,0.3414303064,0.0,89.646614075,35.710128784,0.0,30000.0
5570,2138.0311967999996,12.936930656,1.7317627668,1.746912241,1.6006797552,2.3914403915,64.614532471,0.3202446699,0.0,88.875434875,35.297077179,0.0,30000.0
5571,2138.1831967999997,12.744896889000001,1.6211129427000002,1.6649889946,1.6212775707,2.4231259822999998,63.962364197,0.3011299968,0.0,90.38658905,35.152801514000004,0.0,30000.0
5572,2138.3351967999997,12.69257164,1.5095977783,1.5515099763999998,1.6416070461,2.4531350136000003,64.207946777,0.3005768359,0.0,90.162368774,34.836456299,0.0,30000.0
5573,2138.4871967999998,12.689881325,1.4276218414,1.4563547372999999,1.6589621305000002,2.4811110497,63.626716613999996,0.30885350699999997,0.0,90.43438720700001,34.702007294,0.0,30000.0
5574,2138.6391968,12.822408675999998,1.3855953216999999,1.4017227888,1.6739088297,2.4752039909,63.986042023,0.3180579841,0.0,91.9661026,34.705131531,0.0,30000.0
5575,2138.7911968,12.972762108,1.3522769212999999,1.3636484146,1.6663780212000001,2.4247229099000003,65.76475524899999,0.32820335030000003,0.0,93.997825623,34.601924896,0.0,30000.0
5576,2138.9431968,13.024188995,1.3358417749,1.3445940018,1.6408650875,2.388646841,67.825805664,0.3350491524,0.0,95.185760498,34.725887299,0.0,30000.0
5577,2139.0951968,13.059368134000001,1.2927672863,1.3096357584,1.6080043316,2.3627941608,69.752563477,0.34328481549999995,0.0,96.36428833,35.031349182,0.0,30000.0
5578,2139.2471968,13.298009872,1.259051919,1.2706978321,1.5720325708,2.3372154236,71.236351013,0.3549585342,0.0,96.828338623,35.201084136999995,0.0,30000.0
5579,2139.3991968,13.312465668,1.2537992001,1.2549128532,1.5218633413,2.3128919601,71.945045471,0.3610104322,0.0,96.442359924,35.637214661,0.0,65000.0
5580,2139.5511968,13.257392883,1.2575620413,1.257619977,1.4745289087,2.3140950203,73.123962402,0.3584945798,0.0,96.602386475,35.970420837,0.0,65000.0
5581,2139.7031967999997,13.215162277000001,1.2457126379,1.2512590885,1.4594471455000002,2.3345630169,75.069412231,0.3564004302,0.0,97.552986145,36.192100525,0.0,65000.0
5582,2139.8551967999997,13.267227173,1.2285021543999999,1.2348752022,1.4441785812,2.3502521515,76.89057922399999,0.35609999299999995,0.0,98.26566314700001,36.273445129,0.0,65000.0
5583,2140.0071967999997,13.365714073,1.2165292501,1.2209925652,1.4152654409,2.3599083424000002,78.298210144,0.35010805729999994,0.0,98.58381652799999,36.59154892,0.0,65000.0
5584,2140.1591968,13.40459156,1.2037178278,1.2094677687,1.3800042868,2.3567585945,79.155883789,0.34772804380000005,0.0,98.741210938,36.877830505,0.0,65000.0
5585,2140.3111968,13.400577545,1.1842052937,1.1924762726,1.3523948193000002,2.3543851376,78.588592529,0.3537882268,0.0,98.978927612,36.796699524,0.0,65000.0
5586,2140.4631968,13.434718132,1.1582040787,1.1695181131,1.3338692187999999,2.3670725822,75.413024902,0.3639063239,0.0,99.927047729,36.82837677,0.0,65000.0
5587,2140.6151968,13.634208679,1.1184256076999999,1.1330524683,1.3250745535,2.3807356358000002,73.01977539100001,0.37076985840000004,0.0,101.1905899,37.05247879,0.0,65000.0
5588,2140.7671968,13.741998672000001,1.0967955589,1.1047921181,1.3392114639,2.3815057278,73.255729675,0.3650678396,0.0,102.06877136,37.195941925,0.0,65000.0
5589,2140.9191968,13.599160194000001,1.0885872841,1.0903961657999999,1.3606836796000001,2.3764419556,74.147109985,0.3576472998,0.0,102.55017853,37.077957153,0.0,65000.0
5590,2141.0711968,13.502576827999999,1.104278326,1.0975399017,1.3804755211000002,2.3677659035,72.943511963,0.3483439982,0.0,102.79195404,36.802165985,0.0,30000.0
5591,2141.2231967999996,13.533411026,1.1262286901,1.1170343161,1.3919454812999998,2.3684432507,71.83668518100001,0.3432381451,0.0,102.32907104,36.459922791,0.0,65030.0
5592,2141.3751967999997,13.610267639000002,1.1485753059000001,1.1390744448,1.3981015682,2.3697206974,71.715324402,0.3353461027,0.0,101.6939621,36.440765381,0.0,65030.0
5593,2141.5271967999997,13.649988174,1.1767352818999999,1.1645264626,1.4033895731000001,2.3587400913,71.78756713899999,0.3277054131,0.0,100.44497681,36.768306732,0.0,65030.0
5594,2141.6791967999998,13.651064873,1.225646615,1.206161499,1.4221810102,2.3579487801,72.400985718,0.3259078562,0.0,98.789886475,36.85243988,0.0,65030.0
5595,2141.8311968,13.811479568,1.2748991251000001,1.2557086945,1.4513981342,2.3743977547,73.149627686,0.325309962,0.0,97.124145508,36.643268585,0.0,30000.0
5596,2141.9831968,13.826551437,1.3140884637999999,1.3005993366,1.4828338623,2.3871212006,72.437889099,0.3299520016,0.0,96.46167755100001,36.677482605,0.0,30000.0
5597,2142.1351968,13.56252861,1.3152581453,1.3145170212000001,1.5159392356999999,2.3828392029,70.838157654,0.3388495743,0.0,96.81909179700001,36.883083344,0.0,30000.0
5598,2142.2871968,13.292234421,1.3162715434999999,1.3169146776,1.546451211,2.3900372981999998,69.93675994899999,0.3423092961,0.0,97.29186248799999,36.720584869,0.0,30000.0
5599,2142.4391968,13.115120888,1.2952389717,1.3038362265,1.5548846722,2.4016940594,70.18969726600001,0.33917090299999997,0.0,97.767784119,36.828178406,0.0,30000.0
5600,2142.5911968,13.107087135,1.2753889561,1.282302618,1.5470513105,2.4099786281999998,69.778358459,0.338344872,0.0,97.410461426,37.258106231999996,0.0,30000.0
5601,2142.7431967999996,13.175602912999999,1.2823377848,1.2783045768999999,1.5420151949,2.4153020382,67.85965728800001,0.3312761486,0.0,96.40621948200001,37.731334686,0.0,30000.0
5602,2142.8951967999997,13.22179985,1.31429708,1.3009881973000001,1.5303360224,2.4072158337,67.188163757,0.3244713247,0.0,95.45042419399999,38.131038666,0.0,30000.0
5603,2143.0471967999997,13.248562813,1.3554033041,1.34161973,1.5181061028999998,2.4063482284999997,68.175140381,0.3269158602,0.0,95.17658996600001,38.004169464,0.0,30000.0
5604,2143.1991967999998,13.263132095,1.3308433294,1.341070056,1.5248311758000002,2.4187309742,69.61555481,0.3300330937,0.0,95.204704285,37.842479706,0.0,30000.0
5605,2143.3511968,13.267496109000001,1.2850527763,1.3022787570999999,1.5430524349,2.4241993427,70.360084534,0.3305999935,0.0,95.247558594,37.613517761,0.0,30000.0
5606,2143.5031968,13.268066405999999,1.2598147392,1.2672030926,1.5436756611000002,2.4035789967,69.861343384,0.3367566764,0.0,95.841514587,37.619308472,0.0,30000.0
5607,2143.6551968,13.294118881,1.3044105768,1.2864803076,1.5326297283,2.3652029037,68.74223327600001,0.34444502,0.0,97.220542908,37.580951690999996,0.0,30000.0
5608,2143.8071968,13.376534462,1.3445265293000002,1.3285572529,1.5128896236000002,2.3192515373,69.241828918,0.3467999995,0.0,97.756568909,37.33751297,0.0,65000.0
5609,2143.9591968,13.46087265,1.3704342842,1.3606750965,1.4848947525,2.2864897251,72.273170471,0.34882628920000003,0.0,96.753578186,36.750873565999996,0.0,65000.0
5610,2144.1111968,13.475586890999999,1.3753510714,1.374368906,1.4639779329,2.2795283794,75.593132019,0.34586143490000004,0.0,95.936645508,36.576526642,0.0,65000.0
5611,2144.2631968,13.457486153,1.3242064714,1.3442604541999998,1.4508821963999998,2.2925190926,76.910682678,0.339746654,0.0,95.658668518,36.939548492,0.0,65000.0
5612,2144.4151967999996,13.454348564000002,1.2663832903,1.2894681692,1.4393148422,2.2995517253999997,75.71697998,0.3441171944,0.0,95.20030212399999,37.05821228,0.0,65000.0
5613,2144.5671967999997,13.478999137999999,1.210734129,1.2329272031999998,1.4279339314,2.2873256207,73.401023865,0.357473731,0.0,96.121353149,36.838497161999996,0.0,65000.0
5614,2144.7191967999997,13.519921303,1.1820081472,1.1938055754,1.4174925089,2.2556028366,71.847915649,0.36879491810000004,0.0,98.314834595,36.948116301999995,0.0,65000.0
5615,2144.8711968,13.536885262,1.1572734118,1.1674567461,1.4076427221,2.2093281746,70.62651062,0.3774633706,0.0,100.46893311,37.218086243,0.0,30000.0
5616,2145.0231968,13.533752440999999,1.1120122671,1.1295068264,1.4040999413,2.1819798946,67.951210022,0.387360394,0.0,102.82855225,37.529163361,0.0,30000.0
5617,2145.1751968,13.534066199999998,1.0860567093,1.0951565504,1.4153563975999999,2.1831870079,65.58261108399999,0.3907940984,0.0,104.12154388,37.567405701,0.0,30000.0
5618,2145.3271968,13.539532660999999,1.1221380234,1.1061352491,1.4330532551,2.1909327507,64.806098938,0.38779047130000005,0.0,102.56070709,37.758815765,0.0,30000.0
5619,2145.4791968,13.546233177000001,1.2863910198000001,1.2206915617,1.4509644508000001,2.2030947208000002,65.603614807,0.37904229759999997,0.0,98.43996429399999,37.883895874000004,0.0,30000.0
5620,2145.6311968,13.554234505,1.3680986166,1.3347291946,1.4691303968,2.2249524593,66.501403809,0.36792925,0.0,95.226799011,38.056865691999995,0.0,30000.0
5621,2145.7831968,13.563842773,1.3707010746000001,1.3698222637000002,1.4874402285,2.2570452690000002,66.620872498,0.35683634880000004,0.0,95.569976807,38.290279388,0.0,30000.0
5622,2145.9351967999996,13.571974754000001,1.3125500679000002,1.335916996,1.48721385,2.2799925804,66.731529236,0.3441129029,0.0,97.21499633799999,38.346160889000004,0.0,30000.0
5623,2146.0871967999997,13.538985252,1.2411966323999999,1.2697439194,1.4687269926,2.2818114758,67.964942932,0.3372951746,0.0,99.879966736,38.353912354,0.0,30000.0
5624,2146.2391967999997,13.423633575,1.1972805262000001,1.2151612043,1.4479042292,2.2854173183,70.223205566,0.3402909935,0.0,101.66237640000001,38.348396301,0.0,30000.0
5625,2146.3911967999998,13.305170059000002,1.2174118756999999,1.2100169659,1.4288108349000002,2.2972056866,72.959449768,0.3446944952,0.0,101.76981354,38.303127289,0.0,30000.0
5626,2146.5431968,13.256383896,1.2520475387999999,1.2379970551000001,1.4212564230000002,2.3085105419,74.147720337,0.3452302516,0.0,101.68855286,38.058216095,0.0,30000.0
5627,2146.6951968,13.243979454000002,1.2568116188,1.2546182871,1.4246790409,2.325966835,72.859115601,0.3397651017,0.0,100.76919556,37.658721924,0.0,30000.0
5628,2146.8471968,13.235090256,1.2309319973000001,1.2407292128,1.433154583,2.3438112736,71.626358032,0.3330606818,0.0,99.388237,36.931781769000004,0.0,30000.0
5629,2146.9991968,13.241208076,1.2109909058,1.2184504270999998,1.4441056252000002,2.3464972973,70.75683593800001,0.328638196,0.0,97.960372925,35.986557006999995,0.0,30000.0
5630,2147.1511968,13.284570694000001,1.2030088902,1.2060338259,1.4540243149,2.342864275,69.700256348,0.3239694834,0.0,98.450073242,35.597434998000004,0.0,30000.0
5631,2147.3031968,13.375197410999998,1.2109730243999999,1.2077870368999999,1.4604010582,2.3388009071,68.865432739,0.3188200891,0.0,99.20357513399999,35.421596527,0.0,30000.0
5632,2147.4551968,13.338399887000001,1.225915432,1.220243454,1.4561846256,2.3321876526,69.520141602,0.3200654984,0.0,99.85234832799999,35.425971985,0.0,30000.0
5633,2147.6071968,13.362421035999999,1.2487820387000002,1.2399048805,1.4510551691,2.323785305,70.863143921,0.32554787399999996,0.0,99.612182617,35.700374603,0.0,30000.0
5634,2147.7591968,13.429628372,1.2519646883,1.251139164,1.4413506985,2.3171620369,71.83669281,0.3255670667,0.0,99.24221801799999,36.003429413,0.0,30000.0
5635,2147.9111968,13.414761543,1.2421400546999999,1.2460025549,1.4213612080000002,2.3153340816,73.493225098,0.3287999034,0.0,98.87225341799999,36.572963715,0.0,65000.0
5636,2148.0631968000002,13.407979012,1.2134715319,1.2247816324,1.4026619196,2.320514679,75.909820557,0.3431039453,0.0,98.547637939,37.046310425,0.0,65000.0
5637,2148.2151968000003,13.443779945,1.1816427708,1.1944007874,1.3957940340000001,2.3049046993,77.567581177,0.3647019565,0.0,99.93585968,37.465564728000004,0.0,65000.0
5638,2148.3671968000003,13.496203422999999,1.1448279619,1.1596516370999999,1.3884030581,2.271324873,77.72932434100001,0.3835278451,0.0,101.39749146,37.555141449000004,0.0,65000.0
5639,2148.5191968000004,13.514300345999999,1.116689682,1.1281950474,1.3731422424000002,2.2674751282,77.359703064,0.3970691562,0.0,102.07480621,37.999820709,0.0,65000.0
5640,2148.6711968000004,13.474476814,1.1111344099,1.1138093472,1.3556817769999998,2.2974545956,76.937934875,0.40722325439999996,0.0,100.87574005,38.227031708,0.0,65000.0
5641,2148.8231968,13.43964386,1.1284474134,1.1219335794,1.3417668343,2.3143415451,76.23621368399999,0.4122093916,0.0,100.24555969,38.00812149,0.0,65000.0
5642,2148.9751968,13.445650100999998,1.1667128801,1.1511216164,1.3329355717,2.3157892227000003,75.639045715,0.40538427229999996,0.0,101.18070984,37.652881621999995,0.0,65000.0
5643,2149.1271968,13.492199897999999,1.171859026,1.1700257063,1.3295052052,2.3260076046,76.496002197,0.3904872239,0.0,101.56633759,37.606269835999996,0.0,65000.0
5644,2149.2791968,13.58621788,1.1469753981,1.1575729847,1.3288067579,2.3443243504,77.877494812,0.37916144729999995,0.0,101.46710205,37.944755554000004,0.0,65000.0
5645,2149.4311968,13.669960022,1.1297022104,1.136999011,1.3237435818,2.3687806128999997,77.80175781300001,0.3678657711,0.0,101.77695465,38.037570953,0.0,65000.0
5646,2149.5831968,13.582998276,1.135694623,1.1329386234,1.309093833,2.3932747841,76.31532287600001,0.356636405,0.0,102.24038696,37.995094299,0.0,65000.0
5647,2149.7351968000003,13.405219078,1.1417245865,1.1390315294,1.2896072865000001,2.4035642147,74.39641571,0.3523786068,0.0,103.51042938,37.872783661,0.0,65000.0
5648,2149.8871968000003,13.312296867,1.1477111578,1.1450521945999999,1.2715293169,2.4064702988,72.704177856,0.34779027100000004,0.0,103.61260986,37.738498688,0.0,30000.0
5649,2150.0391968000004,13.292378425999999,1.1527479887,1.150444746,1.2580810784999998,2.402361393,72.190574646,0.345682174,0.0,102.14458466,37.596206665,0.0,30000.0
5650,2150.1911968000004,13.290800095,1.138812542,1.144567132,1.2475142479,2.3816800117,72.171653748,0.35776197909999996,0.0,102.1370697,37.23242569,0.0,30000.0
5651,2150.3431968000004,13.290800095,1.1134693623,1.1234688759,1.2372173070999999,2.3510661125,71.11857605,0.37477979060000005,0.0,102.49401093,36.963863373,0.0,30000.0
5652,2150.4951968,13.290800095,1.0781158209000001,1.0922091006999999,1.2340055704000001,2.3219203949000002,69.956993103,0.387176156,0.0,102.75323486,37.013000488,0.0,30000.0
5653,2150.6471968,13.290800095,1.0384411812,1.0545282364,1.2386453151999999,2.2976951599,69.99230957,0.3971679807,0.0,104.21640778,37.37474823,0.0,30000.0
5654,2150.7991968,13.290800095,0.9920448661,1.0111519098000001,1.2450253963,2.2854731083,70.0233078,0.40390142799999995,0.0,105.64301299999998,37.530799866,0.0,30000.0
5655,2150.9511968,13.436413765,0.9712757468000001,0.9796604514,1.2513530254,2.2825758457,69.198432922,0.40467590090000005,0.0,104.15595245,37.368354796999995,0.0,30000.0
5656,2151.1031968,13.444470405999999,1.0500315428,1.016623497,1.257532835,2.2915692328999997,68.800811768,0.3985654116,0.0,100.40720367,37.274108887,0.0,30000.0
5657,2151.2551968000002,13.17604351,1.1711145639,1.121696353,1.2636717558,2.3143258094999997,69.338142395,0.38602617380000004,0.0,98.399490356,37.338554382,0.0,30000.0
5658,2151.4071968000003,12.947611809000001,1.2752343416,1.2327750921,1.2688593864,2.3451957703,68.833763123,0.3710233867,0.0,99.19131469700001,37.159080505,0.0,30000.0
5659,2151.5591968000003,12.79405117,1.2405774593,1.2578687668000001,1.2745565176,2.370100975,67.365249634,0.3549633026,0.0,101.17540741,37.008434296,0.0,30000.0
5660,2151.7111968000004,12.655142784,1.2020410299,1.2175809145,1.2757188082,2.375626564,67.716064453,0.3430646956,0.0,103.12680817,37.195716858000004,0.0,30000.0
5661,2151.8631968000004,12.616120338,1.2164366245,1.2088521719,1.256274581,2.3668196201,69.430358887,0.3386658728,0.0,102.43239594,37.371765137,0.0,30000.0
5662,2152.0151968,12.677901268,1.1795507669,1.1951599120999998,1.2217239141,2.3548943996,70.776069641,0.33564072850000004,0.0,100.20646667,37.303611755,0.0,30000.0
5663,2152.1671968,12.694771767,1.0957667828,1.1305484772,1.1855655909,2.3556849957,71.443733215,0.3326253593,0.0,100.07253265,37.452819824,0.0,30000.0
5664,2152.3191968,12.675459862,1.0479888916,1.0660592318000002,1.1585468054,2.3609948158000003,71.505638123,0.3339400291,0.0,101.86327362,37.578941345,0.0,30000.0
5665,2152.4711968,12.773591995,1.0294866562,1.0356943607,1.1503558159,2.3470258713,71.49442291300001,0.3436954021,0.0,103.6304245,37.504734039,0.0,30000.0
5666,2152.6231968,13.084190369000002,1.0180468559,1.022356391,1.1548839808,2.3206415176,71.266059875,0.35634443159999996,0.0,104.41732025,37.45980835,0.0,30000.0
5667,2152.7751968000002,13.565958977000001,1.0070875883,1.0116875172,1.1610047817,2.2979779243,71.223815918,0.362552166,0.0,105.59658051,37.501056671,0.0,30000.0
5668,2152.9271968000003,13.644335747000001,0.9979115725,1.0016674995000001,1.1588664055,2.2816751003,71.89239502,0.3671857417,0.0,108.12052155,37.395458221,0.0,65000.0
5669,2153.0791968000003,13.497917175,1.0104469061,1.004685998,1.1495426893,2.2829835415,72.595024109,0.37318074700000003,0.0,108.9437561,37.485198975,0.0,65000.0
5670,2153.2311968000004,13.470705985999999,1.0504506826,1.0333764553,1.1504215002,2.3102488518,73.389862061,0.370613724,0.0,107.94316101,37.763469696,0.0,65000.0
5671,2153.3831968000004,13.508794785,1.1030880213,1.0810865164,1.1634782553,2.3433635235,74.762710571,0.36107999090000004,0.0,105.01425934,38.029205321999996,0.0,65000.0
5672,2153.5351968,13.608424187,1.1400830746,1.1255822182,1.17826581,2.3698461056,75.940628052,0.3559117317,0.0,102.03419495,37.942550659,0.0,65000.0
5673,2153.6871968,13.274478912000001,1.1767756939,1.1620916128,1.1965860128,2.3847982883000003,74.551681519,0.3486073315,0.0,100.27196503,37.700344086,0.0,65000.0
5674,2153.8391968,12.982926369000001,1.251685977,1.2199414968,1.2247890234,2.3846199512,71.31245422399999,0.3338662386,0.0,99.449661255,37.579994201999995,0.0,65000.0
5675,2153.9911968,12.988290787,1.3359119892,1.301813364,1.2838691473000001,2.3833172321,69.284667969,0.32104128600000004,0.0,98.51446533200001,37.706367493,0.0,65000.0
5676,2154.1431968,12.805440903,1.3398563862000001,1.3412145376,1.3390204906,2.390648365,68.731628418,0.31738072629999997,0.0,98.985679626,37.799602509,0.0,65000.0
5677,2154.2951968,12.593335152,1.2506046295,1.2897878885,1.3393461704,2.4051504135,69.319519043,0.3248845637,0.0,100.65630341,37.647212982,0.0,65000.0
5678,2154.4471968000003,12.516770363,1.2231599092,1.2307958603,1.3182542324,2.4102828503000002,71.278404236,0.3330058455,0.0,101.84339142,37.470363617,0.0,65000.0
5679,2154.5991968000003,12.538897514,1.2845603228,1.2561434507,1.3235133886,2.4072699547,72.990036011,0.3332958519,0.0,101.24651337,37.48979187,0.0,65000.0
5680,2154.7511968000003,12.649799347,1.3702998161000002,1.3348393440000001,1.3533982037999999,2.4062120914,72.745765686,0.3319736421,0.0,98.77548980700001,37.548023224,0.0,65000.0
5681,2154.9031968000004,12.701238632,1.4070726633000001,1.394646883,1.3709918261,2.4070909023,71.75630188,0.3333742619,0.0,96.60890197799999,37.55859375,0.0,65000.0
5682,2155.0551968000004,12.593186378,1.4032391309999999,1.4060064554,1.372230649,2.4174022675,71.486816406,0.3329302967,0.0,96.294784546,37.368427276999995,0.0,65000.0
5683,2155.2071968,12.474721909000001,1.3478161097,1.3721483946000002,1.3744187355000002,2.4291539192,71.875328064,0.3260923028,0.0,96.594039917,37.229633331,0.0,65000.0
5684,2155.3591968,12.41735363,1.2525004148,1.2925293446,1.3891119957,2.4277055264,71.79463958699999,0.3170912862,0.0,97.843475342,37.140060425,0.0,65000.0
5685,2155.5111968,12.404650688,1.1748080254,1.2047815323,1.4048984051,2.4134426117,70.601486206,0.3153075576,0.0,100.01095581,37.135684966999996,0.0,65000.0
5686,2155.6631968,12.444234847999999,1.1358942986,1.1498409509999998,1.4068940878,2.3939416409,68.355415344,0.3201709986,0.0,101.69427490000001,37.035652161,0.0,30000.0
5687,2155.8151968,12.544916152999999,1.1293010712,1.1307433843999999,1.4044702053,2.3708393574,65.494415283,0.3309743404,0.0,102.30854797,37.104640961,0.0,30000.0
5688,2155.9671968000002,12.699874878,1.145096302,1.1378180981000001,1.3924547434,2.3531241417,62.560760498,0.3507596254,0.0,101.47621155,37.187774658,0.0,30000.0
5689,2156.1191968000003,12.918092728,1.2028319836,1.1772875785999999,1.3700317144,2.3377640246999998,60.453430176000005,0.365596056,0.0,99.233810425,37.249771118000005,0.0,30000.0
5690,2156.2711968000003,13.207793235999999,1.2786028385,1.2474445105,1.3464620112999999,2.3246834278,59.952922821,0.3639600575,0.0,96.616210938,37.380111694,0.0,30000.0
5691,2156.4231968000004,13.530599594000002,1.3111313581,1.3013035059,1.3253568411,2.3197813034,61.178253174,0.36343216899999997,0.0,96.05063629200001,37.36190033,0.0,30000.0
5692,2156.5751968000004,13.679174423,1.28906703,1.3012125492,1.3301208019,2.3007688522,63.340946198000005,0.3824900389,0.0,97.36784362799999,37.211784363,0.0,30000.0
5693,2156.7271968,13.530608177000001,1.2398532629,1.2605965137000001,1.3744548559,2.2586677074,65.121398926,0.40817564729999994,0.0,97.980865479,36.899959564,0.0,30000.0
5694,2156.8791968,13.346383095,1.2226955891,1.2274625301,1.420594573,2.205224514,65.371490479,0.4192412794,0.0,96.84312439,37.022373199,0.0,30000.0
5695,2157.0311968,13.313591002999999,1.2897386551,1.2577593327,1.4245898724000001,2.1698877811000004,64.60912323,0.41046231990000004,0.0,94.84037780799999,37.348861694,0.0,30000.0
5696,2157.1831968,13.350130081,1.3502515553999999,1.3272053003,1.4028000831999998,2.1833121777,64.74459838899999,0.3854531348,0.0,93.09971618700001,37.54032135,0.0,30000.0
5697,2157.3351968,13.077236176,1.3164156675,1.3367451429000001,1.3974615335,2.228405714,67.086479187,0.35812026259999996,0.0,93.736671448,37.804012299,0.0,65000.0
5698,2157.4871968,12.643935204000002,1.2422354221,1.2739067078,1.3982602358,2.2560355663,70.656814575,0.3513849378,0.0,96.707298279,38.055850983,0.0,65000.0
5699,2157.6391968000003,12.632406235,1.1764944792,1.2026517391,1.4034603834000001,2.2790572643,74.171180725,0.3664302826,0.0,100.44276428,38.211185455,0.0,65000.0
5700,2157.7911968000003,12.763317107999999,1.1870129108,1.1773223876999999,1.4117001294999998,2.313942194,76.828399658,0.380900085,0.0,102.9773407,37.966953278000005,0.0,65000.0
5701,2157.9431968000004,12.874103545999999,1.2480994463,1.2210965157,1.4089119434000001,2.3535060883,77.422401428,0.3809905946,0.0,103.53437042,37.763717651,0.0,65000.0
5702,2158.0951968000004,12.936318398,1.2747612,1.268456459,1.383358717,2.3860008717,77.280975342,0.37802758810000003,0.0,102.03636932,37.700241089,0.0,65000.0
5703,2158.2471968000004,12.954961777000001,1.2796138525,1.2790125608,1.3584841490000001,2.4044940472,76.732429504,0.3779312074,0.0,99.73120880100001,37.838245392,0.0,65000.0
5704,2158.3991968,13.062667847,1.2977026701,1.2891693115,1.3629369736,2.4057617188,74.93502807600001,0.3667165935,0.0,97.351554871,37.802188873,0.0,65000.0
5705,2158.5511968,13.365328789000001,1.3020000458,1.3022794724,1.3881477118,2.3926672934999997,73.229370117,0.3391461074,0.0,96.00469207799999,37.409473419,0.0,65000.0
5706,2158.7031968,13.627162933,1.2804304361,1.2912905216,1.416425705,2.372784853,71.599487305,0.3183472157,0.0,95.830085754,36.923156738,0.0,30000.0
5707,2158.8551968,13.542194365999999,1.253500104,1.2645152807,1.4470442533,2.3523385525,69.799369812,0.317427814,0.0,95.557899475,36.47044754,0.0,30000.0
5708,2159.0071968,13.232060432,1.2456178665000002,1.2470444441,1.4801014662,2.3362071514,67.726119995,0.3245357573,0.0,95.562927246,36.15687561,0.0,30000.0
5709,2159.1591968000002,13.317159653,1.2600438595,1.2522706984999998,1.5162373781,2.3236236572,66.138366699,0.331650883,0.0,95.538757324,36.055450439,0.0,30000.0
5710,2159.3111968000003,13.527434349000002,1.2978951931,1.2810497284,1.5415499209999999,2.3175110816999998,65.169044495,0.3348833621,0.0,94.636787415,36.017990112,0.0,30000.0
5711,2159.4631968000003,13.493859291,1.3902803659,1.3485692739,1.5424854755000001,2.3219950199,64.52028656,0.3292961419,0.0,93.893432617,35.976428986,0.0,30000.0
5712,2159.6151968000004,13.440220833,1.4850734472,1.4477787018000001,1.5277174711000001,2.3297770022999997,65.505775452,0.3209082186,0.0,94.048690796,35.953681945999996,0.0,30000.0
5713,2159.7671968000004,13.219427109000002,1.44407022,1.4737538099,1.506057024,2.3387432098,67.015190125,0.3170078993,0.0,94.89576721200001,36.06873703,0.0,30000.0
5714,2159.9191968,13.074627876,1.2758945227,1.3524887562,1.4884879589,2.3477613926,68.694816589,0.32554116850000003,0.0,96.601921082,36.230518341,0.0,65030.0
5715,2160.0711968,12.815952301,1.1771715879,1.2065718174,1.4776836634000001,2.3500101566,71.524391174,0.34086784719999996,0.0,97.933891296,36.305770874000004,0.0,65030.0
5716,2160.2231968,12.688999176,1.1648639441,1.1638118029,1.4639828205,2.3336589336,73.818756104,0.35216546060000004,0.0,98.41996002200001,36.47000885,0.0,65030.0
5717,2160.3751968,12.874976157999999,1.187574625,1.1768717765999999,1.4430886507,2.2935249805,74.996589661,0.3618454337,0.0,98.374946594,36.732288361,0.0,65030.0
5718,2160.5271968,13.264579773,1.2216576338,1.2075080872,1.4249091148,2.2524871826,74.60684204100001,0.37407034640000003,0.0,98.17770385700001,37.116600037,0.0,65030.0
5719,2160.6791968,13.599807739000001,1.2590618134,1.2440793514,1.4192686081,2.24238801,73.9897995,0.3809364736,0.0,97.748733521,37.531917572,0.0,65030.0
5720,2160.8311968000003,13.599119186,1.2901023626,1.278311491,1.4241329431999998,2.2699878216,74.144104004,0.3783609867,0.0,97.243751526,37.938671112,0.0,65030.0
5721,2160.9831968000003,13.344192505,1.2825620173999999,1.2896945477,1.4318158627000002,2.3082265854,73.79732513399999,0.37244260310000005,0.0,97.376579285,38.232570648,0.0,65030.0
5722,2161.1351968000004,13.343402863,1.2552708387,1.2665971518,1.4432266951,2.3110878468,73.053977966,0.3699501157,0.0,97.90362548799999,38.282875061,0.0,65030.0
5723,2161.2871968000004,13.360466957,1.226883173,1.2377247809999998,1.4553438425,2.2995042801,72.827507019,0.3690750003,0.0,98.508300781,37.893619537,0.0,65030.0
5724,2161.4391968000004,13.361768722999999,1.1944482327,1.208075285,1.4635666609,2.2932193278999997,72.800544739,0.3677385747,0.0,99.042144775,37.832630157,0.0,65030.0
5725,2161.5911968,13.370718956,1.1657698154,1.176787138,1.4630219936000002,2.2850255966,72.436546326,0.367780745,0.0,99.51810455299999,38.054805756,0.0,65030.0
5726,2161.7431968,13.377947807,1.1463007927,1.15338099,1.4525994062,2.2689061165,72.213928223,0.3716703951,0.0,100.48931885,38.266170502,0.0,65030.0
5727,2161.8951968,13.384167670999998,1.1330629587,1.138718009,1.4303562641,2.2468566895,72.130142212,0.37217181920000003,0.0,100.91728973,38.310531616,0.0,65030.0
5728,2162.0471968,13.393589973,1.157428503,1.1438506842,1.406673789,2.2422094345,71.454368591,0.36274799700000004,0.0,99.55934143100001,38.37052536,0.0,65030.0
5729,2162.1991968,13.410390854000001,1.1943296194,1.1798734665000001,1.390863657,2.2624161243,69.809303284,0.3556999862,0.0,98.006118774,38.583309174,0.0,65030.0
5730,2162.3511968000003,13.435553551,1.2209367752,1.2118526697,1.3872779608,2.2869577408,69.209213257,0.3583523333,0.0,97.84236145,38.840988159,0.0,65030.0
5731,2162.5031968000003,13.471004485999998,1.2181905508,1.2226983309000001,1.3956023455000002,2.3018329144,71.700485229,0.3663012087,0.0,98.658210754,39.000766754000004,0.0,65030.0
5732,2162.6551968000003,13.501402855,1.197463274,1.2071647643999999,1.4095715284,2.3012542725,76.018463135,0.373750329,0.0,99.446868896,39.071994781,0.0,65030.0
5733,2162.8071968000004,13.512688637,1.1917279959,1.190961957,1.4149340391,2.3061678409999997,80.064781189,0.3795368373,0.0,99.84038543700001,39.213401794,0.0,65000.0
5734,2162.9591968000004,13.486213684,1.1970802546,1.1938407421,1.4091492891,2.3046307564,81.385307312,0.38342016939999995,0.0,100.22238922,39.25592041,0.0,65000.0
5735,2163.1111968,13.441514015,1.1932120323,1.1962785721,1.4075859785,2.2909619808,82.139160156,0.3830794394,0.0,100.743927,39.306816101,0.0,65000.0
5736,2163.2631968,13.414011002,1.1866794825,1.1891194582,1.41715312,2.2885131836,81.87276458699999,0.3792037666,0.0,101.34690094,39.420612335,0.0,65000.0
5737,2163.4151968,13.399525642,1.1763913631,1.1810891628,1.4317845106,2.3030517101,80.51119995100001,0.37549456950000004,0.0,101.88789368,39.523715973,0.0,65000.0
5738,2163.5671968,13.388863564000001,1.1594126225,1.1670732498,1.4490293263999998,2.3221487999,79.74047851600001,0.3691470325,0.0,101.9617157,39.502803801999995,0.0,65000.0
5739,2163.7191968,13.380433083,1.1639801264,1.1585268974,1.4668889046,2.326723814,77.664550781,0.360396713,0.0,101.76147461,39.344276428,0.0,65000.0
5740,2163.8711968000002,13.38835907,1.233271718,1.1974974871,1.4847794771,2.3179676533,73.79798889199999,0.3504202366,0.0,101.0741272,39.152488708,0.0,30000.0
5741,2164.0231968000003,13.496134758,1.3285551071,1.2894313334999998,1.5031293631,2.3310396671,70.247650146,0.3410597146,0.0,99.67315673799999,39.005828857,0.0,30000.0
5742,2164.1751968000003,13.62965107,1.3844753504,1.368580699,1.5260410309,2.3460087776,67.393188477,0.3286929429,0.0,98.28532409700001,38.923614502,0.0,30000.0
5743,2164.3271968000004,13.470541954000002,1.3819552659999998,1.3896775246000002,1.5582448244,2.3625018597,65.328903198,0.3177570403,0.0,96.68021392799999,38.897975922,0.0,30000.0
5744,2164.4791968000004,13.364957809000002,1.353600502,1.3659808636000002,1.5922579765,2.3747837543,63.777935028,0.3102740049,0.0,95.37875366200001,38.822902679,0.0,30000.0
5745,2164.6311968,13.571329117000001,1.3272813559,1.336789012,1.624520421,2.3802025318,63.478908538999995,0.3057627082,0.0,95.64722442600001,38.719551085999996,0.0,30000.0
5746,2164.7831968,13.929932594,1.3193061352,1.3199894428,1.6458745003,2.3713247776,64.417114258,0.3070180118,0.0,96.936798096,38.683143616,0.0,30000.0
5747,2164.9351968,14.013924599000001,1.3252245188,1.3217642307,1.6423207521,2.3505551815,65.653045654,0.3136404753,0.0,97.68510437,38.442394257,0.0,30000.0
5748,2165.0871968,13.684784889000001,1.3507486582,1.3377100229,1.6282274722999999,2.3385324478,66.306381226,0.3205147088,0.0,97.024360657,38.00510788,0.0,30000.0
5749,2165.2391968,13.474473000000001,1.3760919571,1.3668636084,1.6215398312,2.3441441059,66.34058380100001,0.3249438107,0.0,95.721031189,37.746238708,0.0,30000.0
5750,2165.3911968,13.379313469000001,1.3686519861000002,1.3769806622999998,1.6102544069,2.3378350735,66.893882751,0.3276391327,0.0,95.29800415,37.674819946,0.0,30000.0
5751,2165.5431968000003,13.333597183,1.3381655216,1.3519721031,1.5952528715,2.3030393124,68.571655273,0.32950922850000003,0.0,95.293365479,37.651382446,0.0,30000.0
5752,2165.6951968000003,13.458556175,1.307995677,1.3194082975,1.5717124938999998,2.269608736,70.233421326,0.3341022432,0.0,95.09845733600001,37.544548035,0.0,30000.0
5753,2165.8471968000003,13.70206356,1.2929214239,1.2970796824,1.5386942625,2.2549235821,71.05834198,0.3414514661,0.0,95.88871765100001,37.151203156,0.0,30000.0
5754,2165.9991968000004,13.926275253,1.2812559605,1.2863488197,1.4993629456,2.2720472813,72.233314514,0.349940598,0.0,97.25204467799999,37.161899567,0.0,30000.0
5755,2166.1511968000004,14.031951904000001,1.2327564954999999,1.2586225271,1.4582052231,2.2957806587,73.938064575,0.3559895754,0.0,98.18019104,37.569103241,0.0,30000.0
5756,2166.3031968,14.060007095,1.1789312363,1.1983817816,1.4293705225,2.304318428,74.650413513,0.34818232060000004,0.0,99.024375916,38.001590729,0.0,65000.0
5757,2166.4551968,13.798021317,1.1610023975,1.1621513367,1.4015964269999999,2.2961695194,76.503967285,0.3403602839,0.0,100.01748657,38.175952910999996,0.0,65000.0
5758,2166.6071968,13.560688019,1.1619875431,1.1605613231999998,1.3774193525,2.2998716831,78.188346863,0.3524392843,0.0,100.44688416,38.095619201999995,0.0,65000.0
5759,2166.7591968,13.912923812999999,1.1676180363,1.1645137072,1.3567546606,2.3234419823,79.877670288,0.37069451810000004,0.0,99.89805603,38.08392334,0.0,65000.0
5760,2166.9111968,13.925428390999999,1.1686850786,1.1692119837000001,1.348572731,2.3509693146,82.08644104,0.3789907098,0.0,99.54209137,38.382766724,0.0,65000.0
5761,2167.0631968000002,13.75483799,1.156206131,1.1633958817,1.3672446012000001,2.3538651466,83.171409607,0.380318135,0.0,99.700202942,38.556827545,0.0,65000.0
5762,2167.2151968000003,13.961885452,1.1493481398,1.1501977444,1.3993146419999998,2.3468146324,82.3907547,0.3786205947,0.0,99.859077454,38.508110046,0.0,65000.0
5763,2167.3671968000003,14.094226837,1.1613328456999998,1.1540206671,1.4351843596,2.3430478572999998,79.884742737,0.3773223758,0.0,100.3115921,38.641468048,0.0,65000.0
5764,2167.5191968000004,13.878362655999998,1.2158664465,1.1865190268,1.4719517231,2.3480885029,77.22024536100001,0.3789939284,0.0,100.23277283,38.707420349,0.0,65000.0
5765,2167.6711968000004,13.91500473,1.3013019562,1.2643771172,1.4878172874000002,2.3704237938,73.66996765100001,0.3776141703,0.0,99.44029998799999,38.576042175,0.0,30000.0
5766,2167.8231968,13.811915398,1.3558043242,1.3411383629,1.4972654581,2.40619874,71.108108521,0.3648628891,0.0,97.780929565,38.364784241,0.0,30000.0
5767,2167.9751968,13.569167137,1.3565075397,1.3632361888999998,1.5239249468,2.4175856113,71.17325592,0.3439759314,0.0,96.225524902,38.468795776,0.0,30000.0
5768,2168.1271968,13.317287445,1.3436378241,1.3479442596000002,1.561324954,2.4062013626,72.932067871,0.3250591457,0.0,96.247772217,38.736873627,0.0,30000.0
5769,2168.2791968,13.186274529,1.3342943192,1.3382000923000001,1.5818299055,2.3925669193,73.617630005,0.3283731639,0.0,97.205955505,38.784988403,0.0,30000.0
5770,2168.4311968,13.161252022000001,1.3240512609000001,1.3286197186,1.5756510496,2.3827176093999998,72.199653625,0.3375166655,0.0,98.03053283700001,38.807006836,0.0,30000.0
5771,2168.5831968,13.332390785,1.3080596923999999,1.3155652285,1.5400904416999999,2.363619566,71.538902283,0.3411741257,0.0,98.506088257,38.885902405,0.0,30000.0
5772,2168.7351968000003,13.550988197,1.299123168,1.3008351326,1.5050293206999998,2.3471605778,73.297233582,0.3429772854,0.0,98.982063293,38.890350342,0.0,30000.0
5773,2168.8871968000003,13.428387642,1.2855334282,1.29352355,1.4721642733000002,2.3413267136,74.865913391,0.34700208899999996,0.0,99.45803833,38.830120087,0.0,30000.0
5774,2169.0391968000004,13.444968224,1.2432198524,1.2650320529999999,1.4467021227,2.3516349792,75.922691345,0.3512494564,0.0,99.85366821299999,38.730335236,0.0,30000.0
5775,2169.1911968000004,13.598108292000001,1.2016116381,1.2148553133,1.4374723434,2.364477396,75.841117859,0.35307225579999996,0.0,99.85559845,38.584674835,0.0,30000.0
5776,2169.3431968000004,13.682190895,1.1803905964,1.1861567497,1.4429786205000001,2.3819363117,74.297874451,0.3476353586,0.0,99.46056366,38.46849823,0.0,30000.0
5777,2169.4951968,13.612213135,1.1817396879000002,1.1773114204000001,1.4442516565,2.3931186199,72.206321716,0.33766692880000004,0.0,99.10166931200001,38.445415497,0.0,30000.0
5778,2169.6471968,13.593109130999999,1.200650692,1.1910401582999999,1.4391697645,2.3856186867,70.795639038,0.3345356882,0.0,99.13529968299999,38.374473572,0.0,30000.0
5779,2169.7991968,13.737400055,1.2324670553000001,1.2179340124,1.4323358536000002,2.3849980831,71.04371643100001,0.335177362,0.0,99.606529236,38.204769135,0.0,30000.0
5780,2169.9511968,13.841661453,1.2596908808,1.251065731,1.4402309656,2.3979029655,71.981323242,0.3326360285,0.0,99.4739151,38.03635025,0.0,30000.0
5781,2170.1031968,13.81621933,1.2692041397,1.268463254,1.4713696241,2.407033205,70.47701263399999,0.3323827088,0.0,98.40746307399999,38.063697815,0.0,30000.0
5782,2170.2551968000002,13.728531837,1.2915934324,1.277649641,1.5029038191,2.4013674259,67.808280945,0.3348361254,0.0,97.217658997,38.223567963,0.0,30000.0
5783,2170.4071968000003,13.743461609,1.3789024353000001,1.3308697939,1.5133224725999999,2.3930745125,65.163627625,0.33968305590000003,0.0,96.408668518,38.343990326,0.0,30000.0
5784,2170.5591968000003,13.769208908,1.4696047306,1.4406548738,1.4799833297999998,2.3875119686,64.606491089,0.34394451979999996,0.0,96.500366211,38.402179718,0.0,30000.0
5785,2170.7111968000004,13.722932815999998,1.4388554096000001,1.4768819809,1.4235204458000001,2.3798520565,64.540344238,0.34225058560000005,0.0,97.61778259299999,38.37600708,0.0,65000.0
5786,2170.8631968000004,13.656908035,1.3143351078,1.3707638978999999,1.3845220804,2.3772349358000002,65.083892822,0.3378376961,0.0,100.17534637,38.290435791,0.0,65000.0
5787,2171.0151968,13.861348152,1.1767641306,1.2307741642,1.3460091352,2.3700156212,68.48928833,0.34209841490000004,0.0,104.32720947,38.181739807,0.0,65000.0
5788,2171.1671968,13.907409668,1.0813056231,1.1094790697,1.3070482016,2.3678631783,71.046531677,0.362609148,0.0,107.87728119,38.196044922,0.0,65000.0
5789,2171.3191968,13.564157486,1.0564849376999998,1.0552909374,1.2675721645,2.3681504726,72.777320862,0.3745963871,0.0,109.43540955,38.375167847,0.0,65000.0
5790,2171.4711968,13.712242126,1.0925565958,1.070048213,1.2361164093,2.3723349571,74.883171082,0.3779301047,0.0,110.27835846,38.48588562,0.0,65000.0
5791,2171.6231968,13.974101067000001,1.1492730379,1.1269561052,1.2162606716,2.3829202652,75.684448242,0.3844554424,0.0,109.83032227,38.459690094,0.0,65000.0
5792,2171.7751968000002,13.921463966,1.1655492782999999,1.1697711945,1.2254328728,2.3839764595,74.498649597,0.3807902038,0.0,107.50440216,38.539600371999995,0.0,65000.0
5793,2171.9271968000003,13.897423744000001,1.1571490765,1.1593823433,1.2589906454000002,2.372780323,72.54021453899999,0.3754829168,0.0,105.04135895,38.743301392,0.0,65000.0
5794,2172.0791968000003,13.991763115,1.1788531542,1.1628593206,1.3086038828,2.3740067482,69.966529846,0.37576806549999997,0.0,104.20170593,38.772254944000004,0.0,65000.0
5795,2172.2311968000004,13.920659065,1.2349003553,1.2084088326,1.3402248621,2.3839735985,69.949699402,0.3785077035,0.0,104.78349304,38.885913849,0.0,30000.0
5796,2172.3831968000004,14.029504776,1.3028759956,1.2749619484,1.3639765978,2.3923997879,70.175132751,0.3826279342,0.0,104.79219818,39.03578949,0.0,30000.0
5797,2172.5351968,13.894565582,1.3738994597999998,1.3450032473,1.376824975,2.4122428894,70.384933472,0.37713891270000005,0.0,103.64099884,38.886360168,0.0,30000.0
5798,2172.6871968,13.261546135,1.443339467,1.4163748025999998,1.3828259706000001,2.423263073,70.305511475,0.35782572630000004,0.0,101.65373993,38.481479645,0.0,30000.0
5799,2172.8391968,12.780898094000001,1.504082799,1.4816997050999998,1.3991059065,2.4306771755,68.776649475,0.3377449214,0.0,99.24277496299999,38.010231018,0.0,30000.0
5800,2172.9911968,12.553619385,1.5251303911,1.5266653299000001,1.4068500996000002,2.4305977821,65.477119446,0.3226567507,0.0,97.651313782,37.691017151,0.0,30000.0
5801,2173.1431968,12.450663567000001,1.4967157841,1.5141655207,1.3983361721,2.4267971515999998,62.610466003,0.3133653104,0.0,97.42524719200001,37.452342987,0.0,30000.0
5802,2173.2951968,12.399707794000001,1.4497594833,1.4689195156000001,1.3806005716,2.4195666313,61.813350676999995,0.3132425547,0.0,98.294372559,37.15423584,0.0,30000.0
5803,2173.4471968000003,12.379189490999998,1.3915238380000001,1.4183804989,1.3617624044,2.4071779251,62.536724091,0.3172444105,0.0,99.585014343,36.888404846,0.0,30000.0
5804,2173.5991968000003,12.385369300999999,1.3170846701,1.3491073847,1.3369016647,2.3852574825,64.16754913300001,0.31923776870000004,0.0,101.04344177,36.668014526,0.0,30000.0
5805,2173.7511968000003,12.406757355,1.2341812849,1.2681117058,1.3147190809,2.3731749058,66.151489258,0.32397386429999997,0.0,102.97893524,36.407596588000004,0.0,30000.0
5806,2173.9031968000004,12.403224945,1.1590847969,1.185833931,1.2948188781999999,2.3522107600999997,68.06169128399999,0.3338582814,0.0,104.26829529,36.004440308,0.0,30000.0
5807,2174.0551968000004,12.343800545,1.1589599848,1.1379297972,1.2751301526999999,2.3203744887999997,69.411712646,0.3396453857,0.0,102.80972290000001,35.529125214000004,0.0,30000.0
5808,2174.2071968,12.536314964,1.2168290615000001,1.1937217712000001,1.255952239,2.2785708903999997,70.326568604,0.3478419781,0.0,100.63818359,35.313282013,0.0,30000.0
5809,2174.3591968,12.753087044,1.2381778955,1.2416107655,1.2402273417,2.2505455017,70.24913024899999,0.3632524014,0.0,99.481742859,35.389919281,0.0,30000.0
5810,2174.5111968,12.741803169,1.2040600777,1.2253988981000001,1.2474592923999999,2.267781496,69.532814026,0.37438678740000003,0.0,98.98210144,35.614116669,0.0,30000.0
5811,2174.6631968,12.356038094,1.1623051167,1.1746610403,1.2762795687000001,2.2905261517,69.289375305,0.3625661135,0.0,99.984611511,35.931968689,0.0,30000.0
5812,2174.8151968,12.260154724000001,1.1521673203,1.1495380402,1.3037376404,2.2793619633,71.464241028,0.35059773920000004,0.0,101.60273743,36.321552276999995,0.0,30000.0
5813,2174.9671968000002,12.535069466,1.1700035334,1.1595389843000001,1.3217098713,2.2320795059,74.461791992,0.3721726239,0.0,101.68835449,36.884796143,0.0,65000.0
5814,2175.1191968000003,13.094414710999999,1.1742353439,1.1809544562999998,1.3160865307,2.2313251495,77.15182495100001,0.3919200599,0.0,100.50914001,37.400089264,0.0,65000.0
5815,2175.2711968000003,13.543791770999999,1.1501114368,1.1619207859,1.307236433,2.280258894,78.31881713899999,0.3961797357,0.0,100.82514191,37.69393158,0.0,65000.0
5816,2175.4231968000004,13.437690735,1.1258149147,1.1331374645,1.3145922422,2.2951858044,79.106689453,0.3979943395,0.0,102.21291351,37.915157318,0.0,65000.0
5817,2175.5751968000004,13.383517265,1.1175080538,1.1174148321,1.3486483097,2.2802314758,79.332954407,0.3934758306,0.0,102.27375793,38.24508667,0.0,65000.0
5818,2175.7271968,13.590428352,1.1412280798,1.1239440441,1.3698816299,2.2509801388,79.075119019,0.3830271065,0.0,100.77381134,38.785648346,0.0,65000.0
5819,2175.8791968,13.906665802000001,1.2106773853,1.1736861467,1.3748075962000001,2.2491014004,78.26245880100001,0.3810139298,0.0,99.061164856,39.467395782,0.0,65000.0
5820,2176.0311968,14.013935089,1.2739881277,1.2594861984,1.3457900286000002,2.2655267715000003,76.995498657,0.3849287033,0.0,97.93608093299999,40.027862549,0.0,65000.0
5821,2176.1831968,13.89172554,1.2641407251,1.285007596,1.2846562862,2.2779774666,75.895835876,0.39637073869999995,0.0,99.04186248799999,40.242900848000005,0.0,65000.0
5822,2176.3351968,13.629911423,1.1707576513,1.2230412959999999,1.2191607951999999,2.2788164616,77.647575378,0.40834891799999995,0.0,103.37422943,40.183399200000004,0.0,65000.0
5823,2176.4871968,13.547563553,1.037168622,1.0903779268,1.1646018028,2.2489557265999998,80.207260132,0.4188420475,0.0,109.24651337,40.004253387,0.0,65000.0
5824,2176.6391968000003,13.713406563,0.9108062982999999,0.958391428,1.1306581497,2.2047770022999997,82.674598694,0.42309394479999995,0.0,113.86463928,39.808597565,0.0,65000.0
5825,2176.7911968000003,14.104964255999999,0.8310161233,0.8466928005,1.1276932954999999,2.1672272682,84.246322632,0.4218535721,0.0,116.28501892,39.598556519,0.0,65000.0
5826,2176.9431968000004,14.514610290999999,0.8328029512999999,0.8153992890999999,1.1476445198,2.1298749447,82.22631835899999,0.4194780886,0.0,116.15620422,39.285709381,0.0,65000.0
5827,2177.0951968000004,14.368398666,0.9181112051000001,0.8673459887999999,1.1838577986,2.1015098095,77.018585205,0.4086748064,0.0,111.55980682,39.003887176999996,0.0,65000.0
5828,2177.2471968000004,14.222187995999999,1.0993362665000002,1.0037685633,1.2208389043999999,2.1094942093,73.689590454,0.385689646,0.0,104.87815094,38.867984772,0.0,65000.0
5829,2177.3991968,14.075977325,1.3225605487999998,1.2405788898,1.2720556259,2.1693079472,70.213050842,0.3552050292,0.0,98.944480896,38.804191589,0.0,65000.0
5830,2177.5511968,13.903769492999999,1.4741232395,1.4357407093,1.3759220839,2.2551670074000003,68.004554749,0.3313188553,0.0,94.34448242200001,38.857341766,0.0,30000.0
5831,2177.7031968,13.400517464000002,1.5601404905,1.5279555321,1.4454089403000001,2.3373529911,67.014022827,0.3225086331,0.0,92.194877625,38.896045685,0.0,30000.0
5832,2177.8551968,12.863497734000001,1.6011289358,1.6017711163,1.4926373959,2.3933234215,66.379920959,0.3199060261,0.0,92.15508270299999,38.742637634,0.0,30000.0
5833,2178.0071968,12.411196709,1.557569623,1.5915110111000002,1.5298395157,2.413449049,65.707710266,0.3182432055,0.0,93.27095031700001,38.495258331,0.0,30000.0
5834,2178.1591968000002,12.428465843,1.4655276537000002,1.5035330057,1.5591963530000001,2.3962650299,65.508430481,0.3128933907,0.0,94.861602783,38.509342194,0.0,30000.0
5835,2178.3111968000003,12.841124535,1.3716561794,1.4086893797,1.5794240236000001,2.3631141186,66.447555542,0.3102285266,0.0,96.22731018100001,38.828392029,0.0,30000.0
5836,2178.4631968000003,13.230103493,1.3092001677,1.3212584257,1.5651932955,2.3195307255,67.401992798,0.3177295029,0.0,96.412460327,39.188682555999996,0.0,30000.0
5837,2178.6151968000004,13.508611679000001,1.3026427031,1.2956360579000001,1.5025049447999999,2.2903499603,67.365089417,0.332002759,0.0,96.11833953899999,39.521369934,0.0,30000.0
5838,2178.7671968000004,13.696048737,1.3252208233,1.315072298,1.4580590725,2.28226614,66.920936584,0.3462651074,0.0,95.40438842799999,39.76102066,0.0,30000.0
5839,2178.9191968,13.773127555999999,1.334595561,1.3394883870999998,1.4408949614,2.2764437199,66.30768585199999,0.35084638,0.0,94.79766082799999,40.008525848000005,0.0,30000.0
5840,2179.0711968,13.783948898,1.3244208097,1.3274445534000001,1.4414492846,2.2468848228,65.253807068,0.3456682265,0.0,94.739685059,40.29882431,0.0,30000.0
5841,2179.2231968,13.452660560999998,1.3288850784000001,1.3211504220999999,1.4552631378,2.2520174980000003,64.883834839,0.3390305042,0.0,95.471725464,40.398681640999996,0.0,30000.0
5842,2179.3751968,13.448888779,1.355027914,1.3412144184,1.4709123373,2.2841088772,66.369689941,0.3397041559,0.0,96.423599243,40.23102951,0.0,30000.0
5843,2179.5271968,13.686621665999999,1.382355094,1.3747545481,1.4445739985,2.308152914,68.281173706,0.33938163520000003,0.0,97.098480225,39.895664215,0.0,30000.0
5844,2179.6791968,13.649118422999999,1.3999885321,1.39387393,1.4160282612000001,2.3240785599000002,68.75705719,0.32906323670000004,0.0,96.90425872799999,39.517253876,0.0,65030.0
5845,2179.8311968000003,13.160235405,1.4085663556999999,1.4088768959,1.3925535678999998,2.3196432590000002,68.139808655,0.3286310434,0.0,96.13355255100001,39.252223969,0.0,65030.0
5846,2179.9831968000003,12.937574387,1.3976471424,1.4074318409,1.3736829758000002,2.2821700573,67.14067077600001,0.3443198204,0.0,95.567268372,39.04119873,0.0,65030.0
5847,2180.1351968000004,12.907417297,1.3539620638,1.3812184334,1.3765989542,2.262912035,67.915061951,0.34809714560000005,0.0,95.622489929,38.755702971999995,0.0,65030.0
5848,2180.2871968000004,12.872723579,1.2820370197,1.3116521835,1.3874974250999998,2.2851212025,68.758033752,0.348154664,0.0,96.50642395,38.476654053000004,0.0,65030.0
5849,2180.4391968000004,12.828532219000001,1.2284250259,1.238694787,1.4140770434999999,2.3347356319,68.908584595,0.3538760543,0.0,97.87113952600001,38.266700745,0.0,65030.0
5850,2180.5911968,12.81258297,1.2240977287,1.2145065069,1.4418426752000002,2.3562884331,67.71605682399999,0.3528316617,0.0,98.908905029,38.21251297,0.0,65030.0
5851,2180.7431968,12.969882011,1.2781745195,1.2408933640000002,1.4484235047999998,2.3409538269,67.49529266399999,0.3492591083,0.0,98.10485839799999,38.253063202,0.0,65030.0
5852,2180.8951968,13.082482338,1.3685469627000002,1.3353984356,1.4275597334,2.3332631588,67.239341736,0.3356664479,0.0,96.19976043700001,38.42509079,0.0,30000.0
5853,2181.0471968,12.953839302,1.4417985678,1.4181878567,1.418799758,2.3563385009999998,65.678131104,0.3144908547,0.0,95.363639832,38.648574829,0.0,30000.0
5854,2181.1991968,12.868753433,1.4532134533,1.4760478735,1.4263325930000001,2.3663253784,64.43913269,0.3064653575,0.0,96.19123840299999,38.724056244,0.0,30000.0
5855,2181.3511968000003,12.969891548,1.3737279177000001,1.4175063372,1.4402583838,2.3374888897,63.341510773,0.3133678436,0.0,98.16326904299999,38.891387939,0.0,30000.0
5856,2181.5031968000003,13.147945404000001,1.287314415,1.3080456257,1.4484552144999998,2.3223130703,62.942539215,0.32271635530000004,0.0,99.763381958,39.043045044,0.0,30000.0
5857,2181.6551968000003,13.217101097,1.2517648934999999,1.2569653988,1.4795783758,2.3450284004,65.444969177,0.32603588699999997,0.0,99.622886658,39.050537109000004,0.0,30000.0
5858,2181.8071968000004,13.254457474,1.2555850744,1.2442147732,1.4716092347999998,2.3554878235,67.685203552,0.33928465840000005,0.0,98.66717529299999,39.06111145,0.0,30000.0
5859,2181.9591968000004,13.233671187999999,1.2932586670000001,1.2731010914,1.4565515518,2.3369634151,66.92540741,0.35335186119999995,0.0,98.06763458299999,39.056556701999995,0.0,30000.0
5860,2182.1111968,13.376684189,1.3441435099,1.3232148886,1.4494402409,2.3272550106,65.521385193,0.3657296896,0.0,97.41911315899999,38.802734375,0.0,30000.0
5861,2182.2631968,13.275415420999998,1.383625865,1.3751870393999999,1.4564437866,2.3154933453,64.664779663,0.37423262,0.0,96.90209960899999,38.586013794,0.0,30000.0
5862,2182.4151968,13.422083855,1.3748351336000002,1.3954952955000002,1.4772861004,2.3135192394,65.243080139,0.3755867779,0.0,96.418190002,38.405227661,0.0,30000.0
5863,2182.5671968,13.318494797,1.3195102215,1.3406822681000001,1.5014592409,2.3192186356,66.08767700199999,0.3719518483,0.0,96.48300933799999,38.282367706,0.0,30000.0
5864,2182.7191968,13.262601852000001,1.2777757645,1.2886490822,1.5069152117,2.3238251209,66.750709534,0.3622597158,0.0,97.021560669,38.198638916,0.0,30000.0
5865,2182.8711968000002,13.282604218,1.2630000114,1.2634601593,1.4915913343,2.3192873001,67.02658844,0.3711293042,0.0,97.694297791,38.120197296,0.0,30000.0
5866,2183.0231968000003,13.343416214000001,1.2626208067,1.2629020214,1.4730870724,2.3088204861,67.079284668,0.38471490140000003,0.0,98.33129119899999,38.045452118,0.0,30000.0
5867,2183.1751968000003,13.530020714,1.2514727116,1.2616320848,1.4575817585,2.2737793922,67.12770080600001,0.38236647840000004,0.0,99.222709656,38.059520721,0.0,30000.0
5868,2183.3271968000004,13.443815230999999,1.2235358953,1.2348403931,1.4620654583000001,2.2738730907,68.12727356,0.37393155689999996,0.0,99.87425231899999,38.274585724,0.0,30000.0
5869,2183.4791968000004,13.417030334000001,1.2056285143,1.2068200111,1.4742381572999999,2.2924425602,69.847518921,0.37496206159999995,0.0,99.636428833,38.601665497,0.0,30000.0
5870,2183.6311968,13.460758209000002,1.2105292081999999,1.2053220272,1.4772151709,2.3131461143000003,71.273368835,0.38139250869999997,0.0,99.359565735,38.950176239,0.0,30000.0
5871,2183.7831968,13.318450927999999,1.2305949926000002,1.2206397057,1.4651440381999998,2.2860150337,73.09845733600001,0.38285419340000004,0.0,98.9243927,39.309696198000005,0.0,30000.0
5872,2183.9351968,13.478934288,1.2497261763,1.2473784685,1.4483383894,2.2694084644,75.382995605,0.3828037679,0.0,98.273010254,39.633033751999996,0.0,65000.0
5873,2184.0871968,13.745515823,1.2495566607,1.2507044077,1.4315687418,2.2684159279,76.656684875,0.38462436200000005,0.0,97.663047791,39.894123076999996,0.0,65000.0
5874,2184.2391968,13.439511299000001,1.2348279953,1.2471598387,1.4134656191,2.2729022503,77.140899658,0.3880527914,0.0,98.60532379200001,40.119659424,0.0,65000.0
5875,2184.3911968,13.50845623,1.1938453913,1.2142202854000002,1.3933954239,2.2965140343,77.346260071,0.391067028,0.0,100.74842834,40.292434692,0.0,65000.0
5876,2184.5431968000003,13.448332787,1.1484262943,1.1615833044,1.3775552511000002,2.3203504086,76.425941467,0.39377012850000004,0.0,101.49377441,40.403270721,0.0,65000.0
5877,2184.6951968000003,13.29079628,1.1275991201,1.1309880018,1.3676842451,2.3128590584,75.7134552,0.3881076872,0.0,101.23574829,40.356906891,0.0,65000.0
5878,2184.8471968000003,13.394571304000001,1.1368302107,1.1255214214,1.3539377450999999,2.3209257126,75.442222595,0.3821161687,0.0,101.72838593,40.192516327,0.0,65000.0
5879,2184.9991968000004,13.590754509000002,1.1734957695000001,1.1572426558,1.3286287785,2.3365206718000002,75.10173797600001,0.3739560843,0.0,101.82087708,40.287841797,0.0,65000.0
5880,2185.1511968000004,13.613564490999998,1.2136477232,1.1985397339,1.3479082584,2.3394708633000003,73.934425354,0.36521670219999997,0.0,100.33493042,40.546543121,0.0,65000.0
5881,2185.3031968,13.567071915,1.2400374413,1.2360221148000001,1.4026253222999998,2.345703125,73.302726746,0.3575641215,0.0,99.114898682,40.476406096999995,0.0,65000.0
5882,2185.4551968,13.497401237,1.2379282713,1.2437326908,1.4452531337999999,2.3466620445,72.481086731,0.3470775485,0.0,98.58773803700001,40.14440155,0.0,30000.0
5883,2185.6071968,13.418893814,1.2286761999,1.2275607586,1.4669622183000002,2.3317492008,70.985443115,0.3449983895,0.0,97.74098205600001,39.661426544,0.0,30000.0
5884,2185.7591968,13.33905983,1.2525472641,1.2330077887,1.48440063,2.2982194424,69.01448059100001,0.3408981264,0.0,96.311592102,39.208843230999996,0.0,30000.0
5885,2185.9111968,13.278544426,1.3353945017,1.2867846489,1.4754815102,2.2726852894,67.082183838,0.3329879045,0.0,94.530357361,38.861106873000004,0.0,30000.0
5886,2186.0631968000002,13.21410656,1.4440077543,1.4172129631000001,1.4625687599000001,2.2825682163,65.672515869,0.3317517638,0.0,93.212760925,38.736103058000005,0.0,30000.0
5887,2186.2151968000003,13.258076668,1.4335955381,1.4718267918,1.4726855755000001,2.3076109886,65.279998779,0.333455205,0.0,94.42008972200001,38.824733734,0.0,30000.0
5888,2186.3671968000003,13.282281875999999,1.3154306412,1.3543180227,1.4943344593,2.3206584454,65.696495056,0.3260433972,0.0,96.470199585,38.814228058000005,0.0,30000.0
5889,2186.5191968000004,12.746898650999999,1.2620930672,1.2647931576,1.5068383216999999,2.3243534565,65.697013855,0.3268684745,0.0,97.642951965,38.775577545,0.0,30000.0
5890,2186.6711968000004,12.40476799,1.3008134365000001,1.2722551823000001,1.511644721,2.2896311283,65.013633728,0.3391750753,0.0,97.933532715,38.658317566,0.0,30000.0
5891,2186.8231968,12.644427299,1.3936356306,1.3536844254,1.5110868216,2.2914223671,65.732559204,0.3333599567,0.0,97.108444214,38.432544708,0.0,30000.0
5892,2186.9751968,12.959378242,1.4727762938,1.4548501968,1.5058078766,2.3501069546,66.431236267,0.31739676,0.0,94.740226746,38.105003357,0.0,30000.0
5893,2187.1271968,13.000855446,1.4866154194,1.4867706299,1.4879724979,2.4105041027,66.450935364,0.30628371239999996,0.0,92.318908691,37.74161911,0.0,30000.0
5894,2187.2791968,12.98410511,1.4753347635,1.4800521135,1.4689184427000002,2.429400444,66.860733032,0.2982426286,0.0,91.304199219,37.452171326,0.0,30000.0
5895,2187.4311968,12.941495895,1.4651809931,1.4685403109000001,1.45076406,2.407695055,66.636512756,0.2913627625,0.0,91.23906707799999,37.215000153000005,0.0,30000.0
5896,2187.5831968,12.866607665999998,1.4411710501,1.4601078033000001,1.4353157282,2.3780114650999997,65.938514709,0.29421108960000003,0.0,92.09483337399999,37.000011444,0.0,30000.0
5897,2187.7351968000003,12.782198906,1.3777704239,1.4016469717,1.4201500416,2.3732037544,64.57888031,0.3046578467,0.0,93.49662017799999,36.835720062,0.0,30000.0
5898,2187.8871968000003,12.699599266,1.3405376673,1.3434141874,1.404984355,2.3705813884999998,62.434356689,0.3112641573,0.0,94.33388519299999,36.750865936,0.0,30000.0
5899,2188.0391968000004,12.573145865999999,1.3557286263,1.3475859165000001,1.389282465,2.3852217197,61.117168426999996,0.308236599,0.0,94.88494110100001,36.705596924,0.0,30000.0
5900,2188.1911968000004,12.513896942,1.3801151513999999,1.3693549633000002,1.3721170425,2.4083559513,62.002124786,0.3065542281,0.0,94.661827087,36.839675903,0.0,30000.0
5901,2188.3431968000004,12.634753227000001,1.4074472188999998,1.3969244957,1.3470389843000001,2.4026584625,63.217155457,0.3046252131,0.0,94.599807739,37.035995483,0.0,30000.0
5902,2188.4951968,12.386322021,1.4166221619,1.4220514297,1.32117486,2.3812417984,63.541103363000005,0.304399997,0.0,94.77068328899999,37.280986786,0.0,30000.0
5903,2188.6471968,12.314212799000002,1.3763667345,1.3961180449000001,1.3021315336,2.3573226929,63.788654326999996,0.3085495532,0.0,94.46808624299999,37.679019928,0.0,30000.0
5904,2188.7991968,12.274998665,1.3178054094,1.3413934708,1.2844378948000001,2.3418393135,64.204452515,0.3121772408,0.0,97.347976685,38.049980164000004,0.0,30000.0
5905,2188.9511968,12.183850288,1.2616581917,1.28302145,1.2714281081999999,2.3278253078,63.944583893,0.3198771477,0.0,98.66262054399999,38.115291595,0.0,30000.0
5906,2189.1031968,12.252242088,1.2215380669,1.23023808,1.271299243,2.3007392883,65.408348083,0.34223803880000003,0.0,98.004875183,37.870040894,0.0,30000.0
5907,2189.2551968000002,12.435112,1.2071325779000002,1.2152391672,1.2871133089,2.2450265884,66.89705658,0.37530553340000006,0.0,99.96757507299999,37.629360199000004,0.0,30000.0
5908,2189.4071968000003,12.662758827000001,1.1749695539,1.1895053387,1.3074669838,2.2026557922,67.685951233,0.39959105850000004,0.0,104.50788879,37.535503387,0.0,30000.0
5909,2189.5591968000003,13.10005188,1.1449999809,1.1507214308,1.3259637356,2.2012112140999998,67.76488494899999,0.408662945,0.0,105.97447968,37.593921660999996,0.0,65030.0
5910,2189.7111968000004,13.437527657,1.1549909115,1.1447817087,1.3436906337999999,2.2379102707,68.576339722,0.4085633457,0.0,105.00319672,37.802822113000005,0.0,65030.0
5911,2189.8631968000004,13.071700095999999,1.209066391,1.1784757376000001,1.3675545454,2.2296416759,69.957824707,0.39461398119999996,0.0,104.71104431,37.891891479,0.0,65030.0
5912,2190.0151968,13.145819664000001,1.2788654566,1.2663135529,1.3919686079,2.2120172977,71.868469238,0.3825172484,0.0,102.75280762,37.985988617,0.0,65030.0
5913,2190.1671968,13.446387290999999,1.2636753320999998,1.2686754465,1.4137128592,2.232776165,71.978683472,0.37807607649999997,0.0,99.214790344,37.966087341,0.0,65030.0
5914,2190.3191968,13.528738022,1.2539999485,1.2556223869,1.4349743128,2.2524850368,70.036682129,0.37444296479999994,0.0,97.558250427,37.706809998000004,0.0,65030.0
5915,2190.4711968,13.57029438,1.2657516003,1.2544659376,1.4567369223,2.2797086239,68.209335327,0.3734745085,0.0,97.011024475,37.485500336,0.0,65030.0
5916,2190.6231968,13.408788680999999,1.319087863,1.2937269211,1.4817277193,2.2979192734000002,67.70714569100001,0.3737395108,0.0,96.535095215,37.480663299999996,0.0,30000.0
5917,2190.7751968000002,13.232439995,1.3776769638,1.3618029356,1.5079114437,2.2982027531,66.757575989,0.37599733469999996,0.0,96.010856628,37.393623352,0.0,30000.0
5918,2190.9271968000003,13.072381972999999,1.3836834431,1.3857237101,1.5308748484,2.3150737286000003,65.230895996,0.374630481,0.0,95.125350952,37.178825378,0.0,30000.0
5919,2191.0791968000003,12.909511565999999,1.3698728085,1.3706203699000001,1.5303663015,2.3413262367,62.010379791000005,0.3653080463,0.0,93.985679626,36.670341492,0.0,30000.0
5920,2191.2311968000004,12.737300872999999,1.3882488012,1.3771897553999999,1.5213865041999999,2.365311861,60.953250885,0.3486815989,0.0,92.24697876,36.15568924,0.0,30000.0
5921,2191.3831968000004,12.586592674,1.4276306629,1.4116462469,1.5122058392,2.3934679031,61.123527527,0.3296937943,0.0,91.932731628,35.953979491999995,0.0,30000.0
5922,2191.5351968,12.449647902999999,1.4650388956,1.452378273,1.5172727108000001,2.4002969265000003,62.747013091999996,0.31976082920000004,0.0,93.023002625,36.229866028000004,0.0,30000.0
5923,2191.6871968,12.375954627999999,1.4721883535,1.4804583787999999,1.5293866396,2.3960535525999997,65.637893677,0.3181510866,0.0,95.35990142799999,36.731632233,0.0,30000.0
5924,2191.8391968,12.517095565999998,1.4002315998,1.4370541573,1.5418608188999998,2.3986582756,69.302001953,0.3172725141,0.0,98.339637756,37.101345062,0.0,65000.0
5925,2191.9911968,12.684863090999999,1.3228567839,1.3269172907,1.545732975,2.4091377258,73.292861938,0.3303036392,0.0,98.80940246600001,37.303592682,0.0,65000.0
5926,2192.1431968,12.775815964000001,1.4111808538,1.3786629438,1.5437172651,2.4188413619999998,75.24958038300001,0.34501400590000003,0.0,97.20141601600001,37.47857666,0.0,65000.0
5927,2192.2951968,12.830910682999999,1.4675637484000001,1.4541314840000001,1.5350089073,2.4309027194999997,75.789649963,0.3481733799,0.0,96.10243988,37.634902954,0.0,65000.0
5928,2192.4471968000003,12.871548653,1.4588754177,1.4662380219,1.507469058,2.4391629696,75.699516296,0.3483816981,0.0,95.07432556200001,37.776405334,0.0,65000.0
5929,2192.5991968000003,12.913708687,1.4227453469999998,1.4393626451,1.4831271172,2.4210309982,75.404838562,0.3475039303,0.0,94.26873779299999,37.815704346,0.0,65000.0
5930,2192.7511968000003,13.0154562,1.3712822199,1.3936399221,1.477034688,2.4127881527,75.300468445,0.3503008783,0.0,94.905784607,37.710823059,0.0,65000.0
5931,2192.9031968000004,12.954187393,1.3067185879,1.3324143887,1.4849274158,2.3859477043,77.047561646,0.36094436049999995,0.0,95.60345459,37.615432739,0.0,65000.0
5932,2193.0551968000004,12.868470192,1.2496367693000001,1.2680176497,1.5063301325,2.3581125736,79.297904968,0.3752321899,0.0,96.95314788799999,37.777244568,0.0,65000.0
5933,2193.2071968,12.854931830999998,1.2223608494,1.2307376862000001,1.5272402763,2.3397147655,80.577804565,0.3860593438,0.0,98.38092804,38.206295013,0.0,65000.0
5934,2193.3591968,12.875909805,1.2124015093,1.2146145105,1.5424060822,2.3376204967,80.966178894,0.3822368979,0.0,99.658195496,38.484153748000004,0.0,65000.0
5935,2193.5111968,12.908287048,1.221927166,1.2142542601000001,1.5562902688999998,2.3222620487,79.703674316,0.36460351939999996,0.0,99.045928955,38.683670044,0.0,65000.0
5936,2193.6631968,12.984098434000002,1.2691817284,1.2463853359000001,1.5565540790999999,2.3276882172,78.95665741,0.34936159850000004,0.0,96.702354431,38.882694244,0.0,65000.0
5937,2193.8151968,13.086767197,1.3629734516,1.3164601326,1.5568521023,2.3538208008000003,78.22307586699999,0.33840787409999995,0.0,93.80324554399999,39.140357971,0.0,65000.0
5938,2193.9671968000002,12.941189765999999,1.5110619068,1.4579871893,1.5783010721000001,2.3884000778,75.78653717,0.331553489,0.0,91.61402130100001,39.294433594000004,0.0,65000.0
5939,2194.1191968000003,12.826334,1.5990666151,1.5673366785,1.605006814,2.4136989117,74.35932922399999,0.3265196681,0.0,92.01579284700001,39.408943176,0.0,65000.0
5940,2194.2711968000003,12.755021095,1.6403756141999999,1.63397789,1.6316587925,2.4054694176,74.72667694100001,0.32173213359999997,0.0,92.53526306200001,39.508850098,0.0,65000.0
5941,2194.4231968000004,12.649044037000001,1.5900982618000001,1.6180309057,1.6438182592,2.3816275597,74.777252197,0.3199172914,0.0,94.83011627200001,39.604721069,0.0,65000.0
5942,2194.5751968000004,12.671520232999999,1.4717679024,1.5210497378999999,1.6375613213,2.3501667976,74.332366943,0.32188528780000003,0.0,97.237083435,39.683769226,0.0,65000.0
5943,2194.7271968,12.894933701,1.3427733183000001,1.3908777237,1.6016577481999998,2.3188142776,72.87409210199999,0.3327558339,0.0,100.01544189,39.690914154,0.0,65000.0
5944,2194.8791968,12.900841713,1.2545323372,1.2813298702,1.5649755000999999,2.3041565418000003,72.21920013399999,0.342746526,0.0,101.43728638,39.632038116,0.0,65000.0
5945,2195.0311968,12.802541733,1.2405669689,1.242603898,1.5323159695,2.3208932877,71.97807312,0.3462669849,0.0,101.34177399,39.566272736,0.0,65000.0
5946,2195.1831968,12.701293945,1.2616122961,1.2497014999,1.5002884865000001,2.3535981178,70.471656799,0.3454682529,0.0,100.85461426,39.559631348,0.0,65000.0
5947,2195.3351968,12.664353370999999,1.3136636018999999,1.2918238640000002,1.4822478293999999,2.3727355003,70.746383667,0.3442570269,0.0,100.09809113,39.801811218000005,0.0,65000.0
5948,2195.4871968,12.71944046,1.3639690876,1.3475135565,1.4745703936,2.3747253418,72.157936096,0.34674939509999997,0.0,98.467483521,40.190643311,0.0,65000.0
5949,2195.6391968000003,12.773283958,1.3698270321000001,1.3705420494,1.4693926572999998,2.3902904987,73.254638672,0.3535393775,0.0,97.66494751,40.51971817,0.0,65000.0
5950,2195.7911968000003,12.805277824000001,1.3427780866999999,1.3544440269,1.4708571434,2.4097247124,73.085258484,0.3572220802,0.0,98.520584106,40.787372589,0.0,65000.0
5951,2195.9431968000004,12.821437836,1.3114124537,1.3233450651,1.4748791456,2.4168736935,72.487800598,0.3547722101,0.0,98.97206115700001,40.739479065,0.0,65000.0
5952,2196.0951968000004,12.821561812999999,1.2912325859,1.2979699373,1.4652758837,2.4094870090000002,72.289680481,0.355909735,0.0,98.758575439,40.43195343,0.0,65000.0
5953,2196.2471968000004,12.814743042,1.2867002487,1.2885458469,1.4476093053999999,2.4074006081,71.829536438,0.3570504785,0.0,99.315963745,40.554588318,0.0,65000.0
5954,2196.3991968,12.80471611,1.2829333544,1.2852039337,1.4286022186000003,2.4064021111000002,70.79019928,0.35824799539999996,0.0,99.958930969,40.61271286,0.0,65000.0
5955,2196.5511968,12.798119545,1.2641682625,1.2746485472,1.4126052856,2.3999547958000003,69.83393859899999,0.3612867296,0.0,100.91635132,40.530330658000004,0.0,65000.0
5956,2196.7031968,12.811359406,1.2149990797,1.2356421947,1.4079085588,2.3918085097999997,69.265708923,0.3604171276,0.0,102.08695984,40.467571259,0.0,30000.0
5957,2196.8551968,12.872284889000001,1.1582151651,1.1776294708,1.4116711617,2.3856289387,67.670265198,0.3562470376,0.0,102.36753082,40.243797302,0.0,30000.0
5958,2197.0071968,12.883339882000001,1.1509999037,1.1469887495,1.4247595071999999,2.3755660057,65.447250366,0.3503509164,0.0,100.84120178,39.893096924,0.0,30000.0
5959,2197.1591968000002,12.791722298,1.2431012392,1.1949903965000002,1.4394203424,2.3734564781,64.001419067,0.341563791,0.0,97.741424561,39.450325012,0.0,30000.0
5960,2197.3111968000003,12.687333107,1.4558318853,1.3725609778999999,1.4480329752,2.3645002842,61.880054474,0.3228170574,0.0,94.182128906,38.927078247,0.0,30000.0
5961,2197.4631968000003,12.620599747,1.6204497813999998,1.5695568323,1.4562202692,2.3759105206,58.475395203000005,0.30267331,0.0,91.575767517,38.43920517,0.0,30000.0
5962,2197.6151968000004,12.528386115999998,1.5794956684,1.5979713202,1.4759829044,2.4061288834,54.733867645,0.2903450131,0.0,90.00859832799999,37.894664764,0.0,30000.0
5963,2197.7671968000004,12.497642517000001,1.4977128506,1.5297725200999999,1.4840226173,2.4293937683,53.169452667,0.2836396396,0.0,89.44165039100001,37.637378693,0.0,30000.0
5964,2197.9191968,12.495223999,1.4281262159,1.4537847041999998,1.4718786478,2.4374465942,54.207241058,0.27928105,0.0,90.155563354,37.719074249,0.0,30000.0
5965,2198.0711968,12.492805481,1.3874989748,1.4040925503,1.4523962736000002,2.4387876987,56.428707123,0.2787755132,0.0,91.343460083,38.37462616,0.0,30000.0
5966,2198.2231968,12.490386962999999,1.3434801102,1.3600189686000002,1.4330829381999999,2.4417667388999997,57.92830658,0.28881865739999996,0.0,92.85947418200001,39.039848328000005,0.0,30000.0
5967,2198.3751968,12.5548563,1.3189562559,1.3263099193999999,1.4150545597,2.4407565594,59.876220703,0.30827465649999997,0.0,94.43544006299999,39.258499146,0.0,30000.0
5968,2198.5271968,12.599345207,1.3351263999999998,1.3290387392,1.3991037606999999,2.4360542297,61.420890808,0.3270343244,0.0,95.39250946,38.923210144,0.0,65030.0
5969,2198.6791968,12.607721329,1.3426924944,1.3411549329999999,1.3891006708000002,2.4236555099,61.878414154,0.3392587304,0.0,96.57801055899999,38.964504242,0.0,30000.0
5970,2198.8311968000003,12.608030319000001,1.32645154,1.3352624178,1.3875766993,2.4057142735,62.56388855,0.3490487933,0.0,97.37977600100001,39.405925751,0.0,30000.0
5971,2198.9831968000003,12.607858658,1.2751954794,1.2954652309,1.3975421190000001,2.3971440792,64.74034881600001,0.35133695600000003,0.0,98.248184204,39.846073151,0.0,30000.0
5972,2199.1351968000004,12.60765934,1.2339999676,1.2481690645,1.4112112522,2.3969521523,66.670768738,0.3493461311,0.0,100.83265686,39.837730408,0.0,30000.0
5973,2199.2871968000004,12.636434555,1.2370482683,1.2344301939,1.4236780405,2.3840649128,67.37998962399999,0.35257959369999997,0.0,101.12120056,40.012042999,0.0,30000.0
5974,2199.4391968000004,12.711767197,1.2721095085,1.2563756704,1.4242401123,2.3860888481,67.591651917,0.34518980979999997,0.0,99.50274658200001,40.236843109,0.0,30000.0
5975,2199.5911968,12.773264885,1.3419083357,1.3163939714,1.4210977554,2.4023928642,67.390037537,0.32976257800000003,0.0,97.83708190899999,39.998550415,0.0,30000.0
5976,2199.7431968,12.802118300999998,1.3680802584,1.3601876497,1.4254128933,2.4063727856,66.923110962,0.3195180893,0.0,97.325881958,39.794872284,0.0,30000.0
5977,2199.8951968,12.815382004000002,1.3442640305000002,1.3550174236,1.4405574799,2.3994805812999997,67.094474792,0.32146286960000003,0.0,97.54107666,39.75881958,0.0,30000.0
5978,2200.0471968,12.821133614,1.293632865,1.3122792243999999,1.4668072462000001,2.3911530972,68.926170349,0.3226467073,0.0,97.090270996,40.035114288,0.0,30000.0
5979,2200.1991968,12.817044258,1.2802479267,1.2849839926,1.4807047844,2.3853919506,70.29057312,0.3158157766,0.0,96.237464905,40.240730286,0.0,30000.0
5980,2200.3511968000003,12.806233405999999,1.2989369631,1.2897962332,1.4853851795,2.3936960697,70.553359985,0.3154531419,0.0,96.806900024,40.40536499,0.0,30000.0
5981,2200.5031968000003,12.793622017,1.3596345186,1.3354889154,1.4904648066,2.4141659737,71.013679504,0.3251754344,0.0,97.289367676,40.804878235,0.0,30000.0
5982,2200.6551968000003,12.787408829,1.4160948992,1.3947397469999998,1.4999240637,2.4266252518,71.411399841,0.3314265013,0.0,96.85683441200001,40.76279068,0.0,30000.0
5983,2200.8071968000004,12.817376137,1.4417823553,1.4323107004,1.5112599134,2.4264466763,71.48587799100001,0.32813254,0.0,95.782501221,40.517562866,0.0,30000.0
5984,2200.9591968000004,12.858751297000001,1.4386484623,1.4396928549,1.5226341486000001,2.4276778698,71.00402832,0.3235222399,0.0,94.74227905299999,40.064334869,0.0,30000.0
5985,2201.1111968,12.871032715,1.4343397616999998,1.4359633923,1.534075141,2.4260969162,71.005096436,0.3180953264,0.0,94.461791992,39.546615601,0.0,30000.0
5986,2201.2631968,12.876344680999999,1.4392567873,1.4376875162,1.5455369949000002,2.429813385,71.895797729,0.31141781809999997,0.0,94.22401428200001,39.471450806,0.0,65000.0
5987,2201.4151968,12.869545937,1.4441148043,1.4414823055000001,1.5570709705,2.4398727417,73.004165649,0.3037435412,0.0,93.986251831,39.645507813,0.0,65000.0
5988,2201.5671968,12.846344947999999,1.4621934891,1.4545285702000001,1.5685789584999998,2.4499609469999997,74.277572632,0.3029111922,0.0,93.60786438,39.515888214,0.0,65000.0
5989,2201.7191968,12.87164402,1.4821465015000002,1.4740326405000002,1.5775572062,2.4581913948,75.80581665,0.3153279722,0.0,94.168731689,39.267906189,0.0,65000.0
5990,2201.8711968000002,12.947697639000001,1.4992860556,1.4937427044,1.5819643736000002,2.4538731575,76.561424255,0.3265278041,0.0,95.09900665299999,39.375232697,0.0,65000.0
5991,2202.0231968000003,12.9379282,1.464946866,1.4792883396,1.5846568346,2.4435632229,76.709037781,0.32162216309999997,0.0,96.492195129,39.565746307,0.0,65000.0
5992,2202.1751968000003,12.871005058,1.3876456021999999,1.4174538850999998,1.5873507261000002,2.4450576305,76.013595581,0.3147766888,0.0,97.11337280299999,39.748550415,0.0,65000.0
5993,2202.3271968000004,12.834482193,1.3441957235,1.3597308397,1.5996723175,2.442501545,75.30531311,0.3147215247,0.0,96.197525024,39.789916991999995,0.0,65000.0
5994,2202.4791968000004,12.825131416,1.3910179138,1.3723971844,1.6236070395,2.4297482966999997,75.692199707,0.3138902485,0.0,94.799957275,39.628047943,0.0,65000.0
5995,2202.6311968,12.814118385,1.4370576143,1.4187088013,1.6510168313999998,2.4132814407,76.69053649899999,0.3073626161,0.0,95.164123535,39.705924988,0.0,65000.0
5996,2202.7831968,12.784691810999998,1.4636136293000002,1.4519909619999998,1.6758240461000002,2.4125847816,77.046195984,0.30668732519999997,0.0,95.68208313,39.945800780999996,0.0,65000.0
5997,2202.9351968,12.751425742999999,1.5065675974000001,1.4891358613999999,1.6793428659,2.4270758628999998,76.774124146,0.3126757443,0.0,95.21313476600001,40.087963104,0.0,65000.0
5998,2203.0871968,12.732664108,1.5739845037,1.548605442,1.6674442291,2.4278371334,76.552101135,0.3185296655,0.0,93.426849365,40.001583099,0.0,65000.0
5999,2203.2391968,12.745435715,1.5416045188999998,1.5541440247999998,1.6541359425,2.4198379517,76.313278198,0.321660012,0.0,92.389533997,39.844924927,0.0,65000.0
6000,2203.3911968,12.780711174,1.4299712181,1.4740524292,1.6420623064,2.4115183353,75.976852417,0.3244068921,0.0,93.38076019299999,39.786449432,0.0,65000.0
6001,2203.5431968000003,12.745396614,1.3580551147,1.3871828318000001,1.6300137043,2.4082624912,74.57649231,0.3218506277,0.0,95.72270202600001,40.086265564,0.0,65000.0
6002,2203.6951968000003,12.870424271,1.3216745853,1.3362755775,1.6079038382,2.4078018665000003,73.889381409,0.3213433921,0.0,98.249015808,40.240379333,0.0,65000.0
6003,2203.8471968000003,12.911004065999999,1.3081552982,1.3134665489,1.5782847404,2.3948645591999997,75.625144958,0.33162888879999997,0.0,99.57370758100001,39.872600555,0.0,65000.0
6004,2203.9991968000004,12.824967384,1.3167380095,1.3132171631,1.5574754477000001,2.3769273758000002,78.404296875,0.34562307600000003,0.0,100.33540344,39.607223511,0.0,65000.0
6005,2204.1511968000004,12.712413788,1.3597005606,1.3422605991,1.5446131229,2.3676514626,79.218261719,0.3534413576,0.0,99.206596375,40.025352478,0.0,65000.0
6006,2204.3031968,12.666478157,1.4065178633000002,1.3878152369999999,1.5349590778,2.3857514858,76.675773621,0.35736444590000005,0.0,96.868164063,40.312141418,0.0,65000.0
6007,2204.4551968,12.718024254000001,1.4468153715,1.4308511018999999,1.5310292243999999,2.4129121304,73.120323181,0.35916584729999995,0.0,96.172012329,40.244602203,0.0,65000.0
6008,2204.6071968,12.776815414000001,1.4258627891999998,1.4343087673,1.535512805,2.4217147827,72.406280518,0.35915738340000003,0.0,96.53953552200001,40.200359344,0.0,65000.0
6009,2204.7591968,12.79309082,1.4048844576,1.4136632681,1.5494446754,2.4337143898,73.554260254,0.35730981829999997,0.0,98.13709259,40.255588531,0.0,65000.0
6010,2204.9111968,12.810081482000001,1.3780101538,1.3887619972,1.5672646761000002,2.4157001972,73.738555908,0.3540350199,0.0,99.322280884,40.391571045,0.0,65000.0
6011,2205.0631968000002,12.913366318,1.3829988241,1.3810353278999998,1.5838661193999999,2.366945982,73.229003906,0.3543374836,0.0,99.03917694100001,40.181049347,0.0,30000.0
6012,2205.2151968000003,13.006262779000002,1.3800122738,1.3814122677,1.5982447863,2.3544812202000003,73.345108032,0.3565726578,0.0,98.14629364,40.369228363000005,0.0,30000.0
6013,2205.3671968000003,12.869822502,1.3760254383000001,1.3777686356999999,1.6047080755,2.3664672375,73.973731995,0.35676631329999997,0.0,98.44140625,40.466384888,0.0,30000.0
6014,2205.5191968000004,12.707995415,1.3690601587,1.3719055653,1.5979565381999998,2.3642015457,74.468177795,0.3543914258,0.0,98.36640167200001,40.487819672,0.0,30000.0
6015,2205.6711968000004,12.674882889000001,1.3868044615000001,1.3804167509,1.5793234109999998,2.3611712456,73.598220825,0.34587916729999996,0.0,97.449645996,40.48008728,0.0,30000.0
6016,2205.8231968,12.677716255,1.4441475868,1.4211769103999998,1.5616471767,2.3737890719999997,71.344474792,0.3339934349,0.0,96.69287872299999,40.472118378000005,0.0,30000.0
6017,2205.9751968,12.662891388,1.4430339336000002,1.443002224,1.5707672834,2.3976659775,68.76120758100001,0.3336425722,0.0,96.18495941200001,40.464138031,0.0,30000.0
6018,2206.1271968,12.632591247999999,1.3959231377,1.4147341250999999,1.5977435112,2.4122645855,68.329818726,0.3443256021,0.0,97.00709533700001,40.494403839,0.0,30000.0
6019,2206.2791968,12.631113052,1.3568381071000002,1.3729832172,1.6118693352000002,2.3966705799,69.74307251,0.35299384590000005,0.0,98.30786132799999,40.737670898000005,0.0,30000.0
6020,2206.4311968,12.676088333,1.3823167086,1.3715205193,1.60899508,2.36657691,70.588531494,0.3574146628,0.0,98.299797058,40.88628006,0.0,30000.0
6021,2206.5831968,12.737662315,1.4287024736000002,1.4098342657,1.5955251455000001,2.3381860256,70.636947632,0.3559805751,0.0,96.846893311,41.056282043,0.0,30000.0
6022,2206.7351968000003,12.781995773,1.4823874234999999,1.4608111382,1.5729082822999998,2.3215732574000003,71.075584412,0.34719383719999997,0.0,95.65776825,41.466518402,0.0,30000.0
6023,2206.8871968000003,12.788963317999999,1.4888393879,1.4863525628999998,1.5523674487999999,2.3273594378999998,72.08443450899999,0.3364141285,0.0,95.747016907,41.978427886999995,0.0,30000.0
6024,2207.0391968000004,12.758532524000001,1.4194750786,1.4479601383,1.5543832779,2.3404324055,74.11443328899999,0.3342034519,0.0,96.66977691700001,41.816360474,0.0,65000.0
6025,2207.1911968000004,12.731977463,1.3467866182,1.3764483929,1.5779300928,2.3365166187,77.103385925,0.3429228365,0.0,97.635032654,41.419498444,0.0,65000.0
6026,2207.3431968000004,12.725493430999999,1.313295722,1.3265132904,1.6067159175999999,2.3299560547,79.767547607,0.3564477265,0.0,97.588233948,41.221694946,0.0,65000.0
6027,2207.4951968,12.718076706,1.324444294,1.3197369576,1.6260462999,2.337736845,81.344841003,0.3676981926,0.0,96.426246643,41.432254791,0.0,65000.0
6028,2207.6471968,12.69600296,1.3966248035,1.3673104048,1.6329967976,2.3529913425,80.081695557,0.36162158850000004,0.0,95.33896637,41.686481476,0.0,65000.0
6029,2207.7991968,12.67472744,1.5084387063999998,1.4623361825999999,1.6262624263999998,2.3700013161,76.433006287,0.33717375990000004,0.0,94.966300964,41.710365295,0.0,65000.0
6030,2207.9511968,12.667468070999998,1.5462619066,1.5317336321000001,1.6135500669,2.3867814541,72.366020203,0.3173855841,0.0,94.33476257299999,41.532608032,0.0,65000.0
6031,2208.1031968,12.665772438,1.5394804478,1.543022871,1.6022850275,2.4003789425,70.050704956,0.3122637868,0.0,93.30191040000001,41.274036407,0.0,30000.0
6032,2208.2551968000002,12.657659530999998,1.5295563936,1.5333189963999998,1.5910558701,2.4085905552,69.670982361,0.3160429895,0.0,94.01259613,40.831256866,0.0,65030.0
6033,2208.4071968000003,12.639696120999998,1.4913758038999998,1.5071825981,1.5795648098,2.4114248753,69.786087036,0.3248937428,0.0,94.991157532,40.466442108,0.0,30000.0
6034,2208.5591968000003,12.599175452999999,1.4373960494999998,1.4594752788999998,1.5652095079,2.4124536514,70.08114624,0.3302306831,0.0,95.747428894,40.463764190999996,0.0,30000.0
6035,2208.7111968000004,12.544091225,1.3806481361,1.4036524296000001,1.5478636025999999,2.4122970104,69.768493652,0.3300110996,0.0,96.528968811,40.084983826,0.0,30000.0
6036,2208.8631968000004,12.512602805999999,1.3415178061,1.357408762,1.5299042462999999,2.4086680412,67.810798645,0.33008641,0.0,97.38410949700001,39.819026947,0.0,30000.0
6037,2209.0151968,12.506999969,1.3827798367,1.3645842075,1.5119979382,2.392988205,64.54384613,0.3259816766,0.0,97.35647583,39.779644012,0.0,30000.0
6038,2209.1671968,12.513016701,1.4509418011000002,1.4229724407,1.5004863738999998,2.376439333,61.822818756000004,0.317730844,0.0,96.157562256,39.920871735,0.0,30000.0
6039,2209.3191968,12.508063316,1.4994924068000002,1.4803097248,1.4971753359,2.3809728622,60.853473663,0.3119535744,0.0,94.53805542,40.21516037,0.0,30000.0
6040,2209.4711968,12.47158432,1.5131542683,1.50829494,1.4998871087999999,2.3952128887,61.165359497,0.3053977489,0.0,93.707679749,40.134609221999995,0.0,30000.0
6041,2209.6231968,12.42817688,1.516762495,1.5153727531,1.5088865756999998,2.4100599289,60.959217072,0.2967301905,0.0,93.51249694799999,39.584533691,0.0,30000.0
6042,2209.7751968000002,12.456559181,1.5160828829,1.5162209272,1.5179131031,2.4260983467,59.879325867,0.2920794487,0.0,93.304946899,38.720836639,0.0,30000.0
6043,2209.9271968000003,12.585623741,1.4794102907,1.4949902296000002,1.5086073875,2.4250285625,58.866783141999996,0.2929394841,0.0,93.385749817,38.178649902,0.0,30000.0
6044,2210.0791968000003,12.689870834,1.4358507395,1.4533836841999999,1.4753537178,2.410490036,59.018932343,0.2974734306,0.0,93.548881531,37.581123352,0.0,30000.0
6045,2210.2311968000004,12.660545349000001,1.3937704563,1.4108502865,1.4404277802,2.3974790573,60.052303314,0.3064112067,0.0,93.513435364,37.02646637,0.0,30000.0
6046,2210.3831968000004,12.569439888,1.3655240536000002,1.376499176,1.4168606997,2.3852627277000003,60.243896484,0.3137234449,0.0,93.12036132799999,36.975185394,0.0,30000.0
6047,2210.5351968,12.475452423,1.3539589643,1.3577052355,1.39993608,2.3878717422,59.764598846000005,0.3117197156,0.0,92.271270752,37.457794189,0.0,30000.0
6048,2210.6871968,12.385859489000001,1.348490715,1.3501944542,1.3885904551,2.4083292484,59.754074097,0.30278688670000004,0.0,91.39141845700001,38.082580566,0.0,30000.0
6049,2210.8391968,12.33822155,1.3578956127000001,1.3531889915000002,1.3883423805000001,2.4274351597,60.2342453,0.2942066789,0.0,91.501052856,38.59569931,0.0,30000.0
6050,2210.9911968,12.332420349000001,1.4146353006,1.3897426128,1.4163384438,2.4358906746,60.592391968,0.2900562584,0.0,92.694618225,39.193378448000004,0.0,30000.0
6051,2211.1431968,12.374419212000001,1.480874896,1.4539811611000002,1.4698787928000001,2.4458403587,61.194015503,0.2913214266,0.0,93.569747925,39.326599121,0.0,30000.0
6052,2211.2951968,12.45479393,1.5183017254,1.5038347243999999,1.5197122097,2.4565625191,62.76884079,0.2999776304,0.0,93.549591064,39.518592834,0.0,30000.0
6053,2211.4471968000003,12.513050079000001,1.5228890181,1.5220720768,1.5598913431,2.4533259869,64.832519531,0.311678648,0.0,93.379829407,39.923259735,0.0,30000.0
6054,2211.5991968000003,12.533358574000001,1.5247733593000001,1.5242235661,1.5993458033,2.4496471881999997,66.496498108,0.31899291280000003,0.0,93.277107239,40.331890105999996,0.0,30000.0
6055,2211.7511968000003,12.540966034,1.5417778491999998,1.5343778133000001,1.6388318538999997,2.4531941414,67.08777618399999,0.32196947929999997,0.0,93.43761444100001,40.57226944,0.0,30000.0
6056,2211.9031968000004,12.544267654,1.5668956041,1.5563429594,1.6609758139,2.4478447437,66.667961121,0.32409989829999997,0.0,93.675575256,40.614730835,0.0,30000.0
6057,2212.0551968000004,12.548540115,1.5664865971000002,1.5677324533,1.6488555669999998,2.4387669563,65.58731842,0.3248267472,0.0,93.799751282,40.410591125,0.0,30000.0
6058,2212.2071968,12.556674004000001,1.5572391747999998,1.5611406565000001,1.6290783882,2.4412889481,65.47409820600001,0.3248180747,0.0,93.575241089,40.318042755,0.0,30000.0
6059,2212.3591968,12.558523178,1.5245923996000001,1.5390869378999998,1.6290187836,2.4490597247999997,68.039916992,0.32715350390000003,0.0,94.031532288,40.459056854,0.0,30000.0
6060,2212.5111968,12.554167747000001,1.484331131,1.5007697344,1.6420500278,2.4441580772,71.57638549800001,0.3254800141,0.0,95.10230255100001,40.641075134,0.0,65000.0
6061,2212.6631968,12.571964264000002,1.4529685974000002,1.4646943808000001,1.6520078182,2.4323513508000003,74.00971984899999,0.3220604956,0.0,96.354469299,40.830734253,0.0,65000.0
6062,2212.8151968,12.628554344000001,1.4169780016,1.431355238,1.6529421806,2.4264602661000003,74.41647338899999,0.3246522248,0.0,96.793968201,41.026496887,0.0,65000.0
6063,2212.9671968000002,12.713946342,1.4016414881,1.4065505266,1.6600710154,2.4188456535,73.844108582,0.3262524307,0.0,96.12753295899999,41.243766785,0.0,65000.0
6064,2213.1191968000003,12.810749054,1.4421188831,1.4231809378,1.6685025692,2.4179089069,74.65878295899999,0.3259136379,0.0,95.70372009299999,41.470840454,0.0,65000.0
6065,2213.2711968000003,12.872530937,1.5364228487,1.4960118532,1.6653808355000002,2.4241278172,76.43401336699999,0.3258979321,0.0,95.114997864,41.619564056,0.0,65000.0
6066,2213.4231968000004,12.849981308,1.6057091951,1.5801501274,1.6600474119,2.4277174473,77.436172485,0.31916844839999997,0.0,93.76696777299999,41.66122818,0.0,65000.0
6067,2213.5751968000004,12.786141396,1.6201155186000002,1.6172307730000002,1.6537556647999998,2.4311404228,77.57698059100001,0.3078230023,0.0,92.410079956,41.78862381,0.0,65000.0
6068,2213.7271968,12.77540493,1.6014740467,1.6098842621,1.6438187361,2.4356713295,76.659309387,0.30533456800000003,0.0,91.89015197799999,41.598609924,0.0,65000.0
6069,2213.8791968,12.813074112,1.5480589866999999,1.5711088181,1.630715251,2.4375107288,74.83846283,0.30824458600000004,0.0,92.17066192600001,41.55676651,0.0,65000.0
6070,2214.0311968,12.836905479,1.4858151674000002,1.5110774040000001,1.6175893545,2.4420130253,72.841255188,0.3058160543,0.0,92.539382935,41.624382019,0.0,65000.0
6071,2214.1831968,12.840711594000002,1.4212734699,1.4473503828,1.6045188903999998,2.4451079369,71.761451721,0.3015084863,0.0,92.908851624,41.505657196,0.0,65000.0
6072,2214.3351968,12.840512275999998,1.3573458194999999,1.3832595347999999,1.5914138556,2.4358699322,72.28735351600001,0.3021040559,0.0,94.38428497299999,41.279796600000005,0.0,65000.0
6073,2214.4871968,12.840312958,1.3444924355,1.3467508553999998,1.5776462555000001,2.419696331,73.117340088,0.3078463376,0.0,96.798950195,41.226791381999995,0.0,65000.0
6074,2214.6391968000003,12.84011364,1.3915137053,1.3692443371,1.5604382753000001,2.3996548653,73.931533813,0.3160860538,0.0,98.05847930899999,41.285686493,0.0,65000.0
6075,2214.7911968000003,12.838750839000001,1.4500477313999998,1.4262807369,1.5396558046000002,2.3863911629,74.202171326,0.3247578144,0.0,97.646278381,41.343723297,0.0,65000.0
6076,2214.9431968000004,12.834787369,1.4831765890000002,1.4719527959999998,1.5213165283,2.3916258812,73.126991272,0.32850009199999997,0.0,96.155952454,41.18000412,0.0,65000.0
6077,2215.0951968000004,12.829105377000001,1.4896503687,1.4888956547,1.5123319625999998,2.4163939953,71.472648621,0.32737669350000004,0.0,95.30557251,41.177005768,0.0,65000.0
6078,2215.2471968000004,12.823404312000001,1.4702492952000001,1.4795646667,1.5149518250999998,2.4412519932,70.09185791,0.321839124,0.0,95.832992554,41.319786072,0.0,65000.0
6079,2215.3991968,12.819812775,1.4430207013999998,1.4540646076,1.530741334,2.4430913925,69.44833374,0.31501194829999996,0.0,96.509902954,41.311248779,0.0,65000.0
6080,2215.5511968,12.818917274,1.4339077473,1.4359527825999998,1.5586413145,2.4351897240000002,70.506645203,0.31365686660000003,0.0,96.454742432,41.134403229,0.0,30000.0
6081,2215.7031968,12.820086479,1.4786326884999998,1.4566231966,1.5881462097,2.4350297451,72.048797607,0.3126925826,0.0,95.53049469,40.848464966,0.0,30000.0
6082,2215.8551968,12.824164390999998,1.5783549547,1.5349197388,1.6167740822,2.4370234013,72.63433075,0.3130175173,0.0,94.67002868700001,40.590545654,0.0,30000.0
6083,2216.0071968,12.829815865,1.6759557724,1.6374351978,1.6421804428,2.4363577365999998,71.462882996,0.3133677542,0.0,94.344604492,40.36416626,0.0,30000.0
6084,2216.1591968000002,12.834887505,1.698846817,1.6951093674000002,1.6483860016,2.4366724491,69.787643433,0.3103198707,0.0,94.074287415,39.92698288,0.0,30000.0
6085,2216.3111968000003,12.826568604,1.6412889956999999,1.6695274115,1.6205636263,2.4423339367,69.162399292,0.3043723106,0.0,94.13429260299999,39.271625519000004,0.0,30000.0
6086,2216.4631968000003,12.771397591,1.5428225994,1.5846925974000001,1.5835076571000002,2.4490323067,68.374740601,0.2979332805,0.0,94.85871887200001,38.916938781999995,0.0,30000.0
6087,2216.6151968000004,12.706936835999999,1.4764323234999999,1.5000106096,1.5670338869,2.4594099522,68.454391479,0.2935017943,0.0,96.29548645,38.627967834,0.0,30000.0
6088,2216.7671968000004,12.708098412,1.4076032638999998,1.4365476369999999,1.5746997594999999,2.4612674713,69.80997467,0.2941861451,0.0,97.85480499299999,38.814529419,0.0,30000.0
6089,2216.9191968,12.760842323,1.3691905737,1.3812955618,1.5790582894999998,2.452162981,71.618659973,0.3007793725,0.0,98.77207946799999,39.200016022,0.0,30000.0
6090,2217.0711968,12.865380287,1.3463877438999998,1.3548721075,1.5676026344,2.4364976883000002,72.534957886,0.3120924532,0.0,98.820579529,39.447750092,0.0,30000.0
6091,2217.2231968,12.903377532999999,1.3349007368,1.3388183117,1.5418932438,2.4165997505,72.264778137,0.3256777227,0.0,99.059928894,39.500465393,0.0,30000.0
6092,2217.3751968,12.83813858,1.3180556297,1.3253291845,1.5053758621000002,2.4003150463,71.341423035,0.3425480127,0.0,99.904693604,39.724807739,0.0,30000.0
6093,2217.5271968,12.816822052000001,1.3014513254,1.3074998856,1.4695873259999999,2.3821790218,70.104469299,0.3573924899,0.0,100.98790741,40.086952209,0.0,65000.0
6094,2217.6791968,12.822640419,1.2956576347,1.2967100143,1.4462960958000002,2.3708999157,70.70652771,0.3612099588,0.0,101.52238464,40.559608459,0.0,65000.0
6095,2217.8311968000003,12.793510437,1.2981127501,1.2965723276,1.4570177793999999,2.3755435944,72.307670593,0.35759904979999996,0.0,101.91689301,40.989608765,0.0,65000.0
6096,2217.9831968000003,12.69019413,1.2943444252,1.2966732979,1.4874181747,2.3813986778,73.313789368,0.35246112939999996,0.0,102.12973022,41.304466248000004,0.0,65000.0
6097,2218.1351968000004,12.617556572,1.3007366657,1.2972762585,1.5152820349,2.3815333843,73.670639038,0.34708726409999996,0.0,100.86514282,41.574020386,0.0,65000.0
6098,2218.2871968000004,12.632774353,1.3769366741,1.3398183584,1.5549036263999998,2.389724493,73.484962463,0.34605032210000003,0.0,98.627227783,41.802669525,0.0,65000.0
6099,2218.4391968000004,12.6802845,1.4957110882,1.4451166390999999,1.5895036459,2.4023315907,72.829788208,0.3523309231,0.0,96.09349823,41.766269684,0.0,65000.0
6100,2218.5911968,12.704512595999999,1.5747439861,1.5476658344,1.6182290315999999,2.4173595905000003,71.262702942,0.35060650109999997,0.0,94.089782715,41.708625793,0.0,65000.0
6101,2218.7431968,12.711475372,1.5968673228999999,1.5925964116999998,1.6467281580000002,2.4243326187,69.058647156,0.3379003108,0.0,92.940567017,41.692897797,0.0,30000.0
6102,2218.8951968,12.708147049,1.5678579807,1.5843343735,1.6690415144,2.4366621971,67.758140564,0.3243664503,0.0,93.181800842,41.62947464,0.0,30000.0
6103,2219.0471968,12.702427864,1.5193970203,1.5399129391,1.6777219772,2.4569761753,66.797416687,0.3148417771,0.0,93.418861389,41.323127747,0.0,30000.0
6104,2219.1991968,12.696257590999998,1.5213385819999998,1.5139971972,1.6814098358,2.4774720669,65.852241516,0.3077678382,0.0,93.299880981,41.21364212,0.0,30000.0
6105,2219.3511968000003,12.688704491,1.5410481691,1.5329780578999999,1.6841869353999999,2.4769105911000002,64.985549927,0.3017909229,0.0,93.762672424,40.837062836,0.0,30000.0
6106,2219.5031968000003,12.679784775,1.5302468538,1.5382146835,1.6845155954,2.4637408257,64.560287476,0.3003000021,0.0,94.602813721,40.564220428,0.0,30000.0
6107,2219.6551968000003,12.670576096,1.5085726976,1.5177032948,1.6833839416999998,2.4547173977,64.792785645,0.3004733622,0.0,94.776664734,40.668567657,0.0,30000.0
6108,2219.8071968000004,12.66144371,1.4829109907,1.4940314293,1.6795094013,2.4503769875,65.17818450899999,0.30289471149999997,0.0,94.538696289,40.948677063000005,0.0,30000.0
6109,2219.9591968000004,12.654815674000002,1.4619061947,1.4702230691999998,1.6658902168,2.4418218136000003,66.297843933,0.3088444769,0.0,94.354919434,41.201320648,0.0,30000.0
6110,2220.1111968,12.653232574,1.4762276411000002,1.4666397572,1.6433751583,2.4330778122,67.342514038,0.3135827482,0.0,94.24359893799999,41.220588684,0.0,30000.0
6111,2220.2631968,12.647856712000001,1.5205404758,1.5005075931999998,1.6256096362999999,2.4409873486,67.591117859,0.3164746463,0.0,94.42971038799999,41.139755249000004,0.0,30000.0
6112,2220.4151968,12.627449989,1.5442676544,1.5387593508000001,1.6209316254,2.4520699978000002,67.363388062,0.3187660277,0.0,94.78665161100001,41.193008423,0.0,30000.0
6113,2220.5671968,12.587931633,1.5165605544999998,1.5334185362000001,1.6240246296,2.4413583278999997,67.134658813,0.3197974563,0.0,95.309616089,41.365036011,0.0,30000.0
6114,2220.7191968,12.552737235999999,1.4714708328,1.4903645515000001,1.6269205809,2.4248411655,67.205284119,0.3200389147,0.0,95.514762878,41.57106781,0.0,30000.0
6115,2220.8711968000002,12.590078354000001,1.4785877466,1.468308568,1.6280131340000001,2.4204106331,67.836585999,0.3183220029,0.0,95.292648315,41.574314117,0.0,30000.0
6116,2221.0231968000003,12.669787407000001,1.5120199919,1.4975360631999999,1.6225334406,2.4240512848,68.99392700199999,0.316526264,0.0,94.87743377700001,41.402938843,0.0,65000.0
6117,2221.1751968000003,12.716653824000002,1.5169563293000001,1.5195009708000002,1.6080020666,2.4326739311,69.59413147,0.3173518777,0.0,94.401504517,41.357967377,0.0,65000.0
6118,2221.3271968000004,12.729798317,1.4948885441,1.5058240890999999,1.5875558853,2.443464756,70.332199097,0.31844940780000003,0.0,93.978126526,41.234428406,0.0,65000.0
6119,2221.4791968000004,12.729722977,1.4898641109,1.4883460999,1.5678755045,2.4437084198,70.819831848,0.3206822574,0.0,94.05191803,41.272068024,0.0,65000.0
6120,2221.6311968,12.723705292,1.4795982838,1.4855544566999999,1.5646561384,2.4446053505000003,70.43774414100001,0.3234623373,0.0,94.632499695,41.290611266999996,0.0,65000.0
6121,2221.7831968,12.718340874,1.4515734911000002,1.4648802280000002,1.5622918606,2.4415595531,69.27068328899999,0.3231803477,0.0,95.62690734899999,41.315944672,0.0,30000.0
6122,2221.9351968,12.724534035,1.4441229105000002,1.4432982206,1.5561518669,2.4479911327,67.858482361,0.3274015784,0.0,97.144088745,41.442218781,0.0,30000.0
6123,2222.0871968,12.740274429000001,1.4619292021,1.4522613287000001,1.5535389185,2.4505321980000003,66.713874817,0.3363036215,0.0,98.3776474,41.431865691999995,0.0,30000.0
6124,2222.2391968,12.748744011,1.4893580675,1.4775090218,1.5678272247,2.452018261,64.751579285,0.3446932137,0.0,99.018287659,41.082271576,0.0,30000.0
6125,2222.3911968,12.749880790999999,1.5196772814,1.5072977543000001,1.5878835916999998,2.4438984394,63.189884186,0.3472992182,0.0,98.87445831299999,40.637722015,0.0,30000.0
6126,2222.5431968000003,12.736767769,1.5533953905000002,1.5393915176,1.5923879147,2.4319512844,63.167873383,0.3412959576,0.0,98.279502869,40.30386734,0.0,30000.0
6127,2222.6951968000003,12.697123527999999,1.5883163213999998,1.5745939016,1.5812764168,2.4234294891,63.994419098,0.3382588327,0.0,97.39163208,39.981170654,0.0,30000.0
6128,2222.8471968000003,12.676179886,1.6079879999000002,1.6030358076,1.5751780272,2.4173247814,64.333023071,0.33714503049999994,0.0,96.46230316200001,39.718288422,0.0,30000.0
6129,2222.9991968000004,12.675358772000001,1.5927181244,1.6038596630000002,1.5754526854,2.4189238548,64.270629883,0.333550632,0.0,96.523735046,39.863231659,0.0,30000.0
6130,2223.1511968000004,12.65049839,1.5421307087,1.5663126707,1.5927435159999999,2.4276430607,64.61763763399999,0.3342001736,0.0,97.37231445299999,40.238983154,0.0,30000.0
6131,2223.3031968,12.615821837999999,1.4710065125999998,1.5014418364,1.6136176586000002,2.4414505959,66.065467834,0.3418647349,0.0,97.96752929700001,40.489826201999996,0.0,30000.0
6132,2223.4551968,12.640461922,1.4272258281999999,1.4391349554,1.6282404661,2.4487626553,67.255828857,0.34919056299999995,0.0,97.795318604,40.594051361,0.0,30000.0
6133,2223.6071968,12.664215087999999,1.4668538569999998,1.4394081831,1.6274067163,2.4370844363999997,67.864562988,0.3483325243,0.0,97.018577576,40.765274048,0.0,65000.0
6134,2223.7591968,12.669307709000002,1.5129756927000002,1.4990036488,1.6115196943,2.4351007937999998,68.789726257,0.34035676719999997,0.0,96.33090209999999,41.097515105999996,0.0,65000.0
6135,2223.9111968,12.673445702,1.4916721581999999,1.509839654,1.6157485247,2.4369709492,70.02339172399999,0.3346268535,0.0,96.296020508,41.260715485,0.0,65000.0
6136,2224.0631968000002,12.679993629,1.4874111413999997,1.4811483622,1.6394779682,2.4240105152,71.293891907,0.3326788545,0.0,96.39456939700001,41.147438049,0.0,65000.0
6137,2224.2151968000003,12.683894157000001,1.5157090425,1.502137661,1.6506130694999999,2.4150495529,71.945220947,0.3344501555,0.0,95.706031799,40.985485077,0.0,65000.0
6138,2224.3671968000003,12.67798233,1.5708982944,1.5453914404,1.6276324987000002,2.4117562771000003,71.742881775,0.3369760513,0.0,94.516181946,40.97158432,0.0,65000.0
6139,2224.5191968000004,12.660053253,1.6148747206,1.6014863253,1.6088013649000001,2.4249181747,70.441337585,0.3378542066,0.0,93.32636261,41.124225616,0.0,65000.0
6140,2224.6711968000004,12.615645409,1.5949512719999999,1.6128152609,1.6146817207,2.4384300709,68.443840027,0.3343382478,0.0,92.699211121,41.048324585,0.0,30000.0
6141,2224.8231968,12.559706688,1.5382472277,1.5630050897999999,1.6230638027000002,2.4323425293,67.288589478,0.32668873670000004,0.0,93.092803955,40.669010162,0.0,30000.0
6142,2224.9751968,12.507815360999999,1.5176545382,1.5181061028999998,1.6220281124,2.421569109,67.90503692600001,0.3256739676,0.0,94.002792358,40.435386658,0.0,30000.0
6143,2225.1271968,12.479894638,1.544741869,1.5290389061,1.6127853394,2.4097523689,69.525115967,0.3337805867,0.0,94.70162200899999,40.484050751,0.0,30000.0
6144,2225.2791968,12.500863075,1.5590000153,1.5586007833000002,1.6037557125,2.3995242118999998,70.827453613,0.33694857359999997,0.0,94.97118377700001,40.538799286,0.0,30000.0
6145,2225.4311968,12.605916022999999,1.5324431658000002,1.547816515,1.5992767811000002,2.3991658688,71.436531067,0.3405520022,0.0,95.46758270299999,40.464626312,0.0,65000.0
6146,2225.5831968,12.730594635,1.5038223267,1.5123956203,1.6084531546,2.3967134953,70.551460266,0.34904217719999997,0.0,96.25325012200001,40.400089264,0.0,65000.0
6147,2225.7351968000003,12.796444893,1.4863758087,1.4924336672,1.6213325262,2.4046881199000003,69.237747192,0.357863903,0.0,96.47122192399999,40.499000549,0.0,65000.0
6148,2225.8871968000003,12.821212769,1.4790819883000002,1.4804599285,1.6308658123,2.4176807404,68.331558228,0.3606374264,0.0,96.27689361600001,40.650508881,0.0,65000.0
6149,2226.0391968000004,12.825376510999998,1.4773628712,1.4778398275,1.6277427672999998,2.4298803806000002,68.603309631,0.3582157493,0.0,96.404533386,40.61435318,0.0,65000.0
6150,2226.1911968000004,12.828643799000002,1.4693940878,1.4741004705,1.6190890074000002,2.4291265011000003,69.194839478,0.35125276450000004,0.0,96.839157104,40.623313904,0.0,30000.0
6151,2226.3431968000004,12.842110634,1.4441775084000001,1.4570907354,1.6104960441999998,2.4147605896,69.041564941,0.3447162807,0.0,97.55796814,40.597686768,0.0,30000.0
6152,2226.4951968,12.810288429000002,1.4263414145,1.4300612211000001,1.6045299768,2.402121067,67.877243042,0.3435789943,0.0,97.865859985,40.71263504,0.0,30000.0
6153,2226.6471968,12.623297691,1.4261323214,1.4245613813,1.6088517904,2.4025776386,67.017776489,0.3456516564,0.0,97.55027008100001,40.816036224,0.0,30000.0
6154,2226.7991968,12.459849358,1.4354785681,1.4309455156,1.6170303822,2.4111955166,67.613609314,0.3472223282,0.0,96.874046326,40.96522522,0.0,30000.0
6155,2226.9511968,12.52154541,1.4598513841999998,1.4474430084,1.6247621775,2.4174985886,68.10571289100001,0.34615746140000003,0.0,95.762115479,41.242931366,0.0,30000.0
6156,2227.1031968,12.610819817000001,1.5084679127,1.4849300385,1.6305568218000002,2.4222698212,65.977615356,0.3418172896,0.0,94.927368164,41.423427581999995,0.0,30000.0
6157,2227.2551968000002,12.630675316,1.5611763,1.5414081812,1.6352051497,2.4233341217,64.346046448,0.3432532847,0.0,94.37699127200001,41.34437561,0.0,30000.0
6158,2227.4071968000003,12.607978821,1.5548429489,1.5703331232,1.6430071592,2.4107320309,65.348121643,0.35143339630000003,0.0,94.01629638700001,41.328063965,0.0,30000.0
6159,2227.5591968000003,12.579119682,1.4883407354,1.5211983919,1.659491539,2.3937249184000002,66.81082916300001,0.3455078304,0.0,94.320724487,41.406112671,0.0,30000.0
6160,2227.7111968000004,12.561877250999999,1.4626821280000002,1.4593164921000001,1.670894146,2.4046053886000003,66.38160705600001,0.3309009671,0.0,94.91877746600001,41.412345886,0.0,30000.0
6161,2227.8631968000004,12.538805962,1.5190484524,1.4854456186000002,1.6505806446,2.4254279137,65.565284729,0.3204228878,0.0,94.63006591799999,41.412918091,0.0,30000.0
6162,2228.0151968,12.533183098,1.5759123564,1.5603903531999999,1.6169115305000001,2.4438562393,64.569190979,0.3273133934,0.0,93.902648926,41.516662598,0.0,30000.0
6163,2228.1671968,12.587843895,1.5880012512000001,1.5903415680000001,1.6080588102000002,2.4570989609000002,64.425292969,0.3402381539,0.0,93.619262695,41.585597992,0.0,30000.0
6164,2228.3191968,12.639021872999999,1.5722725390999999,1.5812462568,1.6124100685,2.4579651356,66.386825562,0.3449797332,0.0,93.60789489700001,41.534496307,0.0,30000.0
6165,2228.4711968,12.635100365,1.5641891956,1.5634073018999999,1.6133170128,2.4452967644,68.550704956,0.33915144210000003,0.0,93.845863342,41.382839203,0.0,30000.0
6166,2228.6231968,12.592633247,1.5501917601,1.5602502823,1.6071156263,2.435390234,69.578292847,0.3311307132,0.0,94.01284790000001,41.053260803,0.0,30000.0
6167,2228.7751968000002,12.546873093,1.5099543333,1.5302489996000002,1.6025699377,2.4479811192,68.778808594,0.32559478280000004,0.0,94.35234069799999,40.672626495,0.0,65000.0
6168,2228.9271968000003,12.543499947,1.467310071,1.4824151993,1.6044999361,2.4450421333000003,68.652313232,0.3236495256,0.0,94.908638,40.57900238,0.0,65000.0
6169,2229.0791968000003,12.562856674,1.4683508873,1.457259655,1.5923470259,2.429933548,69.332893372,0.32803985480000003,0.0,94.943656921,40.781429291,0.0,65000.0
6170,2229.2311968000004,12.579098701,1.5009412765999999,1.4862095118,1.573707819,2.4156391621,70.07900238,0.33576908710000003,0.0,94.61743164100001,40.915122986,0.0,65000.0
6171,2229.3831968000004,12.578969002000001,1.5015370846,1.5106941462,1.5757079124000002,2.4049172401,71.019836426,0.33814442159999997,0.0,94.93174743700001,40.886081696,0.0,65000.0
6172,2229.5351968,12.568989754,1.4409239291999998,1.4747706652,1.5783590078,2.4142539501,71.43196106,0.32955461739999997,0.0,95.83556366,41.044639587,0.0,65000.0
6173,2229.6871968,12.563610077,1.3816400765999999,1.3972622156,1.5783735514,2.4122686386,71.229141235,0.3235080242,0.0,96.89515686,41.354999542,0.0,65000.0
6174,2229.8391968,12.554571152000001,1.4181098937999999,1.3824093342,1.5824691057,2.4248530865,71.483543396,0.3286384344,0.0,97.693061829,41.341373444,0.0,65000.0
6175,2229.9911968,12.50770092,1.5074870586000002,1.4722286463,1.5884321928,2.4399309158,71.695388794,0.3378904164,0.0,97.620048523,41.074024200000004,0.0,65000.0
6176,2230.1431968,12.472477912999999,1.5291615725,1.5386935472,1.5994185209,2.4397761822,70.77590942399999,0.3409385979,0.0,96.782180786,41.017616272,0.0,65000.0
6177,2230.2951968,12.471698760999999,1.5063086747999999,1.513518095,1.61391747,2.4443223476,69.652015686,0.33499559760000003,0.0,96.060531616,40.938579559000004,0.0,65000.0
6178,2230.4471968000003,12.441635132,1.5142529011,1.5027503966999998,1.6229755878,2.4340360165,68.033096313,0.325996846,0.0,95.930259705,40.756736755,0.0,65000.0
6179,2230.5991968000003,12.425063133,1.5560258627,1.5354082584,1.6096795797,2.4149420261000003,66.40461731,0.3237021565,0.0,95.79999542200001,40.690208435,0.0,30000.0
6180,2230.7511968000003,12.427663803,1.5767798424000001,1.5786799191999998,1.6182262897,2.4035363197,66.044952393,0.3327039182,0.0,95.483070374,40.799007416,0.0,30000.0
6181,2230.9031968000004,12.444512367,1.5606460571,1.5713475943000002,1.6008684635,2.4107589722,65.076156616,0.3400216997,0.0,95.266723633,40.906219482,0.0,30000.0
6182,2231.0551968000004,12.474797249000002,1.5341548919999999,1.545127511,1.5802309513,2.3984684944,64.475875854,0.3343690336,0.0,95.708847046,40.694473267,0.0,30000.0
6183,2231.2071968,12.507133484,1.4984548091999998,1.5156999826,1.5704398155000001,2.4025712013,64.318092346,0.32975924019999997,0.0,95.95124054,40.21988678,0.0,30000.0
6184,2231.3591968,12.532856940999999,1.4768222569999998,1.4789911509,1.5802031755000001,2.4178328514,64.862884521,0.3255797625,0.0,95.89190673799999,39.698440552,0.0,30000.0
6185,2231.5111968,12.556996345999998,1.4879946709,1.4782549143000001,1.5883152484999998,2.4205110073,66.846343994,0.3145213425,0.0,96.018005371,39.221599579,0.0,30000.0
6186,2231.6631968,12.583774567,1.5140972137,1.5029654503,1.5861054659,2.4251739979,67.666175842,0.3060987592,0.0,95.780052185,38.900455475,0.0,65000.0
6187,2231.8151968,12.615674972999999,1.5296846628,1.5276677608000002,1.5786594152000002,2.4276499748,68.206443787,0.3105356395,0.0,95.379898071,38.864429474,0.0,65000.0
6188,2231.9671968000002,12.64364624,1.5271879435,1.5305999517,1.5750288962999999,2.4301011562,69.215248108,0.3195093274,0.0,95.17295837399999,38.967048645,0.0,65000.0
6189,2232.1191968000003,12.657855034,1.5086476803,1.5187923908,1.5793788433000002,2.4439182281,69.881164551,0.323602587,0.0,95.50015258799999,39.122817993000005,0.0,65000.0
6190,2232.2711968000003,12.659099579000001,1.4886001348,1.4944834709,1.5913478136,2.4724559784,69.314979553,0.3294116855,0.0,95.73815918,39.420623779,0.0,65000.0
6191,2232.4231968000004,12.64963913,1.4788421392,1.4813586473,1.6034331322,2.4824287891,68.556777954,0.33232194190000003,0.0,96.03855896,39.729679108,0.0,65000.0
6192,2232.5751968000004,12.635457039,1.4859569072999999,1.4785571097999999,1.6156425475999998,2.4858462811,68.464805603,0.3285591602,0.0,96.33995056200001,39.979961395,0.0,30000.0
6193,2232.7271968,12.634503365,1.5064610243,1.4978522062000001,1.62803936,2.4720802307,67.698913574,0.33020645379999997,0.0,96.312110901,40.224590301999996,0.0,30000.0
6194,2232.8791968,12.664361,1.523733139,1.5179482698,1.6388753653,2.4572594166,66.411109924,0.3279554844,0.0,95.64569854700001,40.321838379,0.0,30000.0
6195,2233.0311968,12.736546515999999,1.5336097479,1.5304397344999998,1.6441158056,2.4550955296,64.665672302,0.3214389384,0.0,94.549835205,40.324626923000004,0.0,30000.0
6196,2233.1831968,12.787521362,1.5493220091,1.5396857262,1.6648653746000002,2.4471638203,65.516448975,0.32032406329999996,0.0,93.633506775,40.51651001,0.0,30000.0
6197,2233.3351968,12.809947968,1.5788620709999999,1.5653687716,1.6805295944,2.4518432616999997,66.90129852300001,0.321156323,0.0,93.44219970700001,40.64937973,0.0,30000.0
6198,2233.4871968,12.802560805999999,1.6117264031999998,1.5990184546000001,1.6678462028999999,2.4538216591,66.860107422,0.3192541599,0.0,94.70719909700001,40.494190216,0.0,30000.0
6199,2233.6391968000003,12.772098540999998,1.6123535633000001,1.6232469081999998,1.6552962065,2.4554929733,66.24909210199999,0.3121603429,0.0,96.428138733,40.45583725,0.0,30000.0
6200,2233.7911968000003,12.710728645,1.5286147594,1.5823687315000001,1.6667532921000001,2.4672071934,66.058158875,0.30360966920000004,0.0,97.70499420200001,40.683807373,0.0,30000.0
6201,2233.9431968000004,12.644024849000001,1.4469860791999998,1.4583725929,1.6849498749,2.4572105408000002,65.761665344,0.29971954230000003,0.0,98.315010071,40.694858550999996,0.0,30000.0
6202,2234.0951968000004,12.699246407,1.4862356186,1.4464918375,1.6851108074,2.453125,65.64170837399999,0.3040263951,0.0,97.907066345,40.671943665,0.0,30000.0
6203,2234.2471968000004,12.786657332999999,1.5904197693000002,1.548687458,1.6730028391,2.4476873875,66.439727783,0.30951893329999997,0.0,97.044082642,40.927371979,0.0,30000.0
6204,2234.3991968,12.823399544,1.6557962894,1.6446521282,1.6631779671,2.4481649399000003,68.241455078,0.3154267669,0.0,96.15349578899999,41.218219757,0.0,65000.0
6205,2234.5511968,12.838068007999999,1.6592018603999998,1.6662950516,1.6722568274,2.4634053707,71.449035645,0.3142179549,0.0,95.259010315,41.287124634,0.0,65000.0
6206,2234.7031968,12.846525192,1.6373151541,1.6468672752000002,1.6874117851,2.458966732,71.901641846,0.3090307117,0.0,95.15421295200001,40.99174881,0.0,65000.0
6207,2234.8551968,12.852375984000002,1.6129052638999999,1.6233712434999998,1.7024140358000002,2.4427940845,71.315307617,0.3055264652,0.0,95.05725097700001,40.752967834,0.0,65000.0
6208,2235.0071968,12.842677115999999,1.5865169763999998,1.5976349115000001,1.7167303562,2.432169199,70.887794495,0.2975175679,0.0,93.848007202,40.848751068,0.0,65000.0
6209,2235.1591968000002,12.821810722,1.5566630363,1.5694779158,1.7265214919999998,2.4517064095,69.948043823,0.2903652489,0.0,92.641113281,41.002029419,0.0,65000.0
6210,2235.3111968000003,12.805623055,1.5619078875,1.5444914103,1.7163382769,2.472127676,68.98526001,0.28332090379999997,0.0,92.444877625,41.146160126,0.0,65000.0
6211,2235.4631968000003,12.791563988,1.6101312637,1.5893113613,1.7036998272,2.4773445129,66.368019104,0.2731155157,0.0,92.28916168200001,41.420143126999996,0.0,30000.0
6212,2235.6151968000004,12.777615547,1.6577198505000001,1.6400566100999998,1.7076053619,2.4775557518,64.334861755,0.263538897,0.0,91.658470154,41.450374603,0.0,30000.0
6213,2235.7671968000004,12.763648032999999,1.6880297661,1.6815677881,1.7275533676,2.4725444317,64.74382782,0.26743450760000004,0.0,91.29732513399999,41.225730896,0.0,30000.0
6214,2235.9191968,12.749679565,1.7015967369,1.6969232559,1.7466982603,2.4675033092,65.889350891,0.277966857,0.0,91.252166748,41.10969162,0.0,30000.0
6215,2236.0711968,12.735712050999998,1.7052196264,1.7068387269999998,1.7551239728999999,2.4845302105,66.629981995,0.284923315,0.0,91.46991729700001,40.971416473000005,0.0,30000.0
6216,2236.2231968,12.721765518,1.6973972321000002,1.7009334563999998,1.7539224625,2.4835715294,67.001853943,0.289652288,0.0,91.82691192600001,40.830875397,0.0,30000.0
6217,2236.3751968,12.708135605,1.6924580336000001,1.6920689344,1.7525449991,2.4841146469,66.679458618,0.288980335,0.0,91.958847046,40.794158936,0.0,30000.0
6218,2236.5271968,12.700714111,1.6952787638,1.6934369802,1.7494322062,2.4738824368,67.15978241,0.29033860559999997,0.0,91.648002625,40.866073608,0.0,30000.0
6219,2236.6791968,12.704785347,1.69437778,1.6970407963,1.7390981912999999,2.4631943703,67.379257202,0.2911953032,0.0,91.40962982200001,40.858856201,0.0,30000.0
6220,2236.8311968000003,12.712259292999999,1.6630209684000001,1.6859084368000001,1.7277412415,2.461574316,67.311912537,0.2949058414,0.0,91.50438690200001,40.675666809,0.0,30000.0
6221,2236.9831968000003,12.723792075999999,1.5942083597,1.6260316371999999,1.7163529396000001,2.4670217037,66.537963867,0.2990589738,0.0,92.36862182600001,40.589683533,0.0,30000.0
6222,2237.1351968000004,12.738532066,1.5161694288,1.5458627938999998,1.7050887346,2.4690461159,67.953689575,0.3024112582,0.0,93.907524109,40.605541229,0.0,30000.0
6223,2237.2871968000004,12.752236365999998,1.4704625607,1.473883152,1.703147769,2.4588143826,69.46089172399999,0.3048000038,0.0,95.12705230700001,40.648059845,0.0,30000.0
6224,2237.4391968000004,12.756151199000001,1.4809267521,1.4680372477,1.7137072086000003,2.4477760792,70.072402954,0.305123359,0.0,96.48497772200001,40.689098358,0.0,30000.0
6225,2237.5911968,12.778130530999999,1.5165971518,1.5015511513,1.7230123281,2.4469506741,68.30854797399999,0.3136369586,0.0,98.163299561,40.675216675,0.0,30000.0
6226,2237.7431968,12.818780899000002,1.5562493801,1.5390225649,1.7092719078,2.4402763844,66.671554565,0.3338859379,0.0,98.78175354,40.816448212,0.0,30000.0
6227,2237.8951968,12.811547279000001,1.5998836756,1.5810477734000001,1.688111186,2.4397170544,66.495018005,0.3508940041,0.0,97.655158997,41.123176575,0.0,30000.0
6228,2238.0471968,12.782168387999999,1.6371620893,1.6261649132,1.6761648655,2.4434378146999998,65.81818389899999,0.3600142896,0.0,95.75247955299999,41.448066710999996,0.0,30000.0
6229,2238.1991968,12.77485466,1.6524261236000002,1.6515280008000002,1.6750407219,2.4484078884000002,64.779045105,0.3635705113,0.0,95.07077026399999,41.667808533,0.0,30000.0
6230,2238.3511968000003,12.788878441,1.6470656394999998,1.6522747278,1.6770740747,2.4641532898,64.33112335199999,0.3545396924,0.0,95.90696716299999,41.737674713000004,0.0,30000.0
6231,2238.5031968000003,12.808667182999999,1.6238214969999998,1.6378550529,1.6975015402000002,2.4703752994999997,64.730377197,0.3434593976,0.0,97.09698486299999,41.850219726999995,0.0,30000.0
6232,2238.6551968000003,12.79248333,1.5866707563,1.6023632288,1.7214105129,2.4594399928999997,65.67073059100001,0.3368270695,0.0,96.91871643100001,42.17691803,0.0,30000.0
6233,2238.8071968000004,12.754838943,1.5469640493,1.5631126165,1.7486133575,2.4354071616999997,66.358940125,0.3329226971,0.0,96.076461792,42.54365921,0.0,30000.0
6234,2238.9591968000004,12.751046181,1.5382903814,1.5246540308,1.7760996819,2.4425241947,65.944396973,0.3276537061,0.0,95.055038452,42.754932404,0.0,30000.0
6235,2239.1111968,12.770511627000001,1.5912357569,1.5609849691,1.7839466333,2.4444849491,64.374732971,0.3161160946,0.0,93.82278442399999,42.697746277,0.0,30000.0
6236,2239.2631968,12.790846825,1.6666065453999999,1.6366016865000002,1.7884267569,2.4527375698,64.031410217,0.3080821931,0.0,92.366722107,42.611022949,0.0,30000.0
6237,2239.4151968,12.808917999,1.7352929115,1.7106556891999998,1.7916953563999998,2.4696364403,63.811218262,0.3058733046,0.0,91.041984558,42.396774291999996,0.0,30000.0
6238,2239.5671968,12.813099861,1.7742210627000001,1.7707151175,1.7905973196,2.4782140255000003,63.646507263000004,0.2995968163,0.0,91.205917358,42.099391937,0.0,30000.0
6239,2239.7191968,12.812999725,1.7429667711,1.7782980203999998,1.7893003225,2.4852981567,61.437004089,0.2980004549,0.0,92.420562744,42.171470641999996,0.0,30000.0
6240,2239.8711968000002,12.812800407000001,1.6531698704,1.6894253491999998,1.7880033255,2.489289999,61.054069518999995,0.29570582510000004,0.0,93.715255737,42.181880951,0.0,30000.0
6241,2240.0231968000003,12.812601089000001,1.5879337787999999,1.6001281738,1.7825263739,2.4823334217,63.205253601,0.2980885208,0.0,95.012046814,41.907272339,0.0,30000.0
6242,2240.1751968000003,12.790293694,1.5729600191,1.5711485147,1.7558320761000001,2.4844808578,65.275665283,0.3065266609,0.0,95.75079345700001,41.677097321,0.0,30000.0
6243,2240.3271968000004,12.774768829000001,1.5908101797,1.5769335032,1.7261248827000002,2.4868738650999997,67.64568328899999,0.3220299482,0.0,95.33869934100001,41.656547546,0.0,30000.0
6244,2240.4791968000004,12.781606674,1.629111886,1.6138092278999998,1.7020170688999998,2.4794986247999997,69.78394317600001,0.33996319770000005,0.0,95.123725891,41.77904892,0.0,30000.0
6245,2240.6311968,12.81832695,1.6645383834999998,1.6520097256,1.6953985691,2.4843230247,69.786407471,0.3494551182,0.0,94.801963806,41.740001678,0.0,30000.0
6246,2240.7831968,12.844888687000001,1.6761353016,1.6816303730000002,1.6890231371000002,2.4782211781,68.88821411100001,0.3449904323,0.0,94.27200317399999,41.356544495,0.0,65000.0
6247,2240.9351968,12.845986365999998,1.6422532797,1.6650767326,1.6811701059,2.4683153629,68.713851929,0.3352131546,0.0,94.69407653799999,40.90486145,0.0,65000.0
6248,2241.0871968,12.821594238,1.5823886395,1.6065175533000002,1.6698712111000003,2.4509186745,70.48925781300001,0.32084485890000003,0.0,95.424377441,40.646762848,0.0,65000.0
6249,2241.2391968,12.800742149000001,1.5300399065,1.5467598437999999,1.6583994627,2.443390131,73.120704651,0.3238114715,0.0,95.646354675,40.700893402,0.0,65000.0
6250,2241.3911968,12.768767357,1.5005511045,1.5064911842,1.6499508619,2.4340806006999998,75.656112671,0.3410716057,0.0,95.999351501,40.976531982,0.0,65000.0
6251,2241.5431968000003,12.731408119000001,1.5036860704,1.4932019711000002,1.6485385895,2.4399943352,77.744049072,0.3593115211,0.0,95.32538604700001,41.18744278,0.0,65000.0
6252,2241.6951968000003,12.710501671,1.5256621838,1.5214779377,1.6473412513999999,2.4377861023,77.795639038,0.367431581,0.0,94.345703125,41.469314575,0.0,65000.0
6253,2241.8471968000003,12.700455666,1.5338169336,1.5307847261,1.6533689499000002,2.4336540699,77.726890564,0.3566217124,0.0,94.564704895,41.61026001,0.0,65000.0
6254,2241.9991968000004,12.692411423,1.5600471497,1.5380197762999999,1.6746475697,2.4246580601,77.591674805,0.3438021541,0.0,95.440505981,41.539569855,0.0,65000.0
6255,2242.1511968000004,12.688175200999998,1.6163878441,1.5984174012999999,1.6964645386000001,2.4140570163999997,78.02971649199999,0.34578892590000004,0.0,95.599182129,41.259525299,0.0,65000.0
6256,2242.3031968,12.687141418,1.6539568901,1.6426407099,1.7058036327000001,2.3970792294,78.01865387,0.35449463130000003,0.0,95.75785827600001,41.10848999,0.0,65000.0
6257,2242.4551968,12.677574157999999,1.6666998863,1.6697514057,1.7082959413999999,2.3803899288,76.431144714,0.3492790759,0.0,95.95433044399999,41.147651671999995,0.0,65000.0
6258,2242.6071968,12.654193878,1.6464842558000001,1.6571234465,1.710586071,2.3771288395,74.496086121,0.3384500742,0.0,96.23760986299999,41.17868042,0.0,65000.0
6259,2242.7591968,12.646372795,1.6155414581,1.6285678147999998,1.7127827406,2.3979215622,73.288284302,0.339320004,0.0,96.30290985100001,41.268390656,0.0,65000.0
6260,2242.9111968,12.645622252999999,1.5836508274,1.59593153,1.7143166065,2.4290351868,71.106529236,0.3524317443,0.0,95.905189514,41.297042847,0.0,65000.0
6261,2243.0631968000002,12.630433083,1.5578311682,1.5655550957,1.7132694721000001,2.4292926788,69.861000061,0.355837822,0.0,95.02547454799999,41.237228394,0.0,65000.0
6262,2243.2151968000003,12.620007515,1.5415811539,1.5466014147,1.7120722532,2.4152908325,69.504898071,0.3519587815,0.0,94.620254517,41.353343964000004,0.0,65000.0
6263,2243.3671968000003,12.612192154,1.5326633453,1.5337991713999999,1.7108768225,2.4000782967,70.161964417,0.35712915659999994,0.0,95.07929229700001,41.271518707,0.0,65000.0
6264,2243.5191968000004,12.566602707000001,1.5306625366,1.5316928625,1.7095861435,2.3878023624,70.745536804,0.3575933874,0.0,95.94527435299999,41.276641846,0.0,65000.0
6265,2243.6711968000004,12.56992054,1.5253432988999998,1.5285263062,1.7083822488999998,2.3996677399,71.208717346,0.3519181907,0.0,97.239845276,41.580291748,0.0,65000.0
6266,2243.8231968,12.625500679000002,1.5180242062,1.5203089713999998,1.7070920467,2.407197237,71.50453949,0.3455531597,0.0,97.703819275,41.702941895,0.0,65000.0
6267,2243.9751968,12.651111603,1.5211714506,1.5148799419,1.7058876753,2.4108514786,71.269050598,0.34241190549999995,0.0,97.023498535,41.509490967,0.0,65000.0
6268,2244.1271968,12.645875930999999,1.5486248731999999,1.5344411135,1.7034920454,2.4063916206,70.753417969,0.3402612805,0.0,96.930015564,41.420726776,0.0,65000.0
6269,2244.2791968,12.70395565,1.5897871256,1.5716435909,1.6959334612,2.4119851589,69.765136719,0.328497678,0.0,97.405937195,41.439289093,0.0,65000.0
6270,2244.4311968,12.794151306,1.6344065666,1.6175968647,1.689145565,2.4278399943999998,68.592353821,0.3215293586,0.0,97.662994385,41.604671478,0.0,65000.0
6271,2244.5831968,12.858602524,1.664898634,1.6588768959,1.7121490240000001,2.4450521469,67.098876953,0.3252150118,0.0,96.861976624,41.738555908,0.0,65000.0
6272,2244.7351968000003,12.886341095,1.6702523232,1.6682318449000002,1.7465143204,2.4494204521,67.308586121,0.3283377588,0.0,95.549850464,41.712242126,0.0,65000.0
6273,2244.8871968000003,12.896874428,1.6767299175,1.672986865,1.745868206,2.4511561394,68.037200928,0.3219556212,0.0,95.299377441,41.740364075,0.0,65000.0
6274,2245.0391968000004,12.898971558,1.6633998156,1.6823885441,1.7210766077000001,2.4455800056,69.329978943,0.3165787458,0.0,95.984298706,41.689853668000005,0.0,65000.0
6275,2245.1911968000004,12.898737907000001,1.6003203391999998,1.6211705208000002,1.7021167278,2.4335885048,69.996421814,0.319722712,0.0,96.42524719200001,41.377346039,0.0,65000.0
6276,2245.3431968000004,12.898338317999999,1.5745614766999998,1.5731190443,1.7132079600999999,2.422929287,69.883239746,0.32037058469999996,0.0,96.313591003,41.3776474,0.0,65000.0
6277,2245.4951968,12.897939682,1.5986044407,1.5899196863,1.7266541719,2.4162328243,69.238883972,0.3216593862,0.0,95.990447998,41.551651000999996,0.0,65000.0
6278,2245.6471968,12.897542,1.6184691191,1.6116816997999999,1.7354476452,2.432469368,67.15895080600001,0.3224281073,0.0,95.24987793,41.82244873,0.0,65000.0
6279,2245.7991968,12.901080132,1.6328377724,1.6269676684999999,1.7289605141,2.4401283264,64.072624207,0.3203518987,0.0,94.56190490700001,42.013999939,0.0,65030.0
6280,2245.9511968,12.911677360999999,1.6422917843,1.64055264,1.7138153315,2.4411571026,64.604782104,0.322689116,0.0,94.768218994,41.820056915,0.0,65030.0
6281,2246.1031968,12.889249802,1.6418417691999998,1.6427112818,1.7171679734999998,2.443156004,65.600151062,0.32886815070000003,0.0,95.22413635299999,41.283439636,0.0,65030.0
6282,2246.2551968000002,12.852695465,1.6323916912,1.6394306421,1.7393462658,2.4410059452,66.083618164,0.3257873058,0.0,95.581130981,40.633590698,0.0,65030.0
6283,2246.4071968000003,12.857686043,1.6148598194,1.6188352108000001,1.7583732605000002,2.4508707522999997,67.260429382,0.3222929835,0.0,95.932327271,40.576431274,0.0,65030.0
6284,2246.5591968000003,12.900096892999999,1.617364645,1.6127595900999998,1.7504433393,2.4713430405000003,69.558799744,0.3197827935,0.0,96.22708129899999,40.666446686,0.0,65000.0
6285,2246.7111968000004,12.960594177,1.6279315948,1.6287280321000002,1.7349561453,2.4749541283000003,71.805244446,0.31493180989999997,0.0,96.281738281,40.561325073,0.0,65000.0
6286,2246.8631968000004,12.978011130999999,1.6133594513,1.6209254265000002,1.7186328172999998,2.4560022353999997,73.30783844,0.3212207854,0.0,95.805809021,40.842582703000005,0.0,65000.0
6287,2247.0151968,12.952399254000001,1.5883158444999999,1.5994027853,1.7026193142,2.4449989796000002,71.731201172,0.33050102,0.0,95.59707641600001,41.173366547,0.0,65000.0
6288,2247.1671968,12.91973877,1.5587607622,1.5713126659,1.7086181641,2.4561758041,70.783340454,0.3271680176,0.0,96.843696594,41.045455933,0.0,65000.0
6289,2247.3191968,12.900224686,1.5396347046,1.5395672321,1.7175242900999999,2.4534869194,70.659370422,0.3272810876,0.0,97.75275421100001,41.153663635,0.0,65000.0
6290,2247.4711968,12.901015282000001,1.5624496937,1.5527814627,1.6942951679,2.4410302638999997,70.342384338,0.3424583077,0.0,97.514801025,41.27532196,0.0,65000.0
6291,2247.6231968,12.909010887,1.5866932868999999,1.5788054465999999,1.6672809124,2.4382505417,69.930725098,0.3528274,0.0,97.209251404,41.239349365,0.0,65000.0
6292,2247.7751968000002,12.911663055,1.5917774438999999,1.5942083597,1.6425938606000001,2.4418880939,69.923988342,0.3507424593,0.0,96.50805664100001,41.028278351,0.0,65000.0
6293,2247.9271968000003,12.91155529,1.5654039383000002,1.5791846513999999,1.6407456398,2.4460203648,68.85965728800001,0.34092655780000003,0.0,96.05012512200001,40.761684418,0.0,65000.0
6294,2248.0791968000003,12.911158562,1.5146305561000002,1.5379239321,1.6669073105,2.4522433281000002,67.477859497,0.3408535421,0.0,96.75456237799999,40.551017761,0.0,65030.0
6295,2248.2311968000004,12.910758018,1.4536197186000002,1.4735981226,1.7077885866,2.4508981705,66.013023376,0.3446806371,0.0,97.97571563700001,40.547863007,0.0,65030.0
6296,2248.3831968000004,12.908233642999999,1.4420698881,1.4306092262,1.7498117684999999,2.4331543446,65.165031433,0.345214963,0.0,99.22902679399999,40.734874725,0.0,65030.0
6297,2248.5351968,12.904578209,1.5282953978,1.488062501,1.7806078196000001,2.4379866123,64.566741943,0.34265592689999996,0.0,99.10890197799999,40.988853455,0.0,65030.0
6298,2248.6871968,12.900792122,1.6466213465000001,1.5987030268,1.8061947823,2.4502930641,63.85225296,0.3349380493,0.0,97.49430847200001,40.765029907,0.0,65030.0
6299,2248.8391968,12.897001265999998,1.7557060719,1.718449831,1.8266855478,2.4507005215,63.873931885,0.328464359,0.0,95.114608765,40.533538818000004,0.0,65030.0
6300,2248.9911968,12.893209457000001,1.8090776205,1.7989624738999999,1.8372730016999999,2.4543464184,64.77217865,0.32313379649999996,0.0,92.85913085899999,40.49054718,0.0,65030.0
6301,2249.1431968,12.890004158,1.7842252254,1.8039171696,1.8460690975,2.4630553722,66.308609009,0.3163544834,0.0,91.667602539,40.482460022,0.0,65030.0
6302,2249.2951968,12.891584395999999,1.7064367533000002,1.7372299433,1.8509186506,2.4745223522,68.373527527,0.30602818730000003,0.0,91.640129089,40.649669646999996,0.0,65000.0
6303,2249.4471968000003,12.89540863,1.6397231817,1.6619371176,1.8328131437000001,2.4646959305,70.609382629,0.3098526895,0.0,92.194923401,40.87512207,0.0,65000.0
6304,2249.5991968000003,12.899581909,1.5988948344999998,1.616222024,1.8068650961000001,2.4517714977000002,72.88488006600001,0.3221918046,0.0,93.33316040000001,41.055770874000004,0.0,65000.0
6305,2249.7511968000003,12.903689384000002,1.5481988191999998,1.5722781419999998,1.7755126953,2.4523282050999997,73.789604187,0.333098352,0.0,94.07083129899999,41.270717620999996,0.0,65000.0
6306,2249.9031968000004,12.903823852999999,1.4764693975,1.503980875,1.7355178594999998,2.4566926956,73.769340515,0.3354771435,0.0,95.19255828899999,41.481590271,0.0,65000.0
6307,2250.0551968000004,12.900252342,1.4251148700999998,1.4382315874,1.7075943947,2.4682540894,74.206092834,0.3330551088,0.0,97.57293701200001,41.565452576,0.0,65000.0
6308,2250.2071968,12.895652770999998,1.4307614565,1.4233446121000002,1.7020360231,2.4725642204,73.99753570600001,0.33372759820000003,0.0,97.671737671,41.57598877,0.0,65000.0
6309,2250.3591968,12.890963554,1.4743564129,1.4545925856,1.7076761722999998,2.4783864021,74.287330627,0.3362035751,0.0,96.467628479,41.659446716,0.0,65000.0
6310,2250.5111968,12.883670807,1.5369911193999999,1.5088423491,1.7244638205,2.4786233902,75.188491821,0.3300261796,0.0,95.155235291,41.796337128000005,0.0,65000.0
6311,2250.6631968,12.87150383,1.6230131388,1.5868570805000002,1.7438013553999998,2.4748344421,76.256362915,0.3265552223,0.0,94.14651489299999,41.99055481,0.0,65000.0
6312,2250.8151968,12.860033989000001,1.7096707821000001,1.6794185637999999,1.7657555342,2.4709305763,74.298797607,0.32836174960000003,0.0,93.515258789,42.186264038000004,0.0,65000.0
6313,2250.9671968000002,12.850167274,1.7496707438999999,1.7424058913999998,1.7928154469,2.4693944454,68.105133057,0.3222142756,0.0,93.80068969700001,42.335132599,0.0,65000.0
6314,2251.1191968000003,12.846452713,1.72526443,1.7364922762000001,1.8225582837999998,2.4745817184,67.646980286,0.3160214722,0.0,94.605392456,42.338504791,0.0,65000.0
6315,2251.2711968000003,12.841521262999999,1.6939998865,1.7032103538999999,1.8526514769,2.4757399559,68.956771851,0.3155397773,0.0,95.38394165,42.116386414000004,0.0,65000.0
6316,2251.4231968000004,12.832109450999999,1.6882200241,1.6907982825999999,1.8801430464,2.4764173031,70.168151855,0.32287424800000003,0.0,95.145980835,41.763328552,0.0,65000.0
6317,2251.5751968000004,12.849871635,1.6825641394,1.6824256182,1.9001463652000001,2.4700820446000002,70.714660645,0.33368214960000003,0.0,94.87293243399999,41.406494140999996,0.0,65000.0
6318,2251.7271968,12.88805294,1.6996126175,1.6885262728000001,1.9028695822,2.4603152275,70.086029053,0.33560368420000003,0.0,94.166290283,41.319736481,0.0,65000.0
6319,2251.8791968,12.922466278,1.7496821880000002,1.7323315144,1.870511055,2.4553546906,69.021514893,0.33036258820000003,0.0,93.56099700899999,41.277942657,0.0,65000.0
6320,2252.0311968,12.946689606,1.7713799477,1.767713666,1.8160477877,2.4628620147999998,67.174705505,0.329865545,0.0,93.240516663,41.010730743,0.0,65030.0
6321,2252.1831968,12.963398932999999,1.7378126383,1.7617518902,1.7981102466999999,2.4644725323,66.279518127,0.3297863007,0.0,93.092849731,40.699504852,0.0,65030.0
6322,2252.3351968,12.974285126,1.6193618774,1.6657897234,1.7840880156,2.4741532803,66.44698333699999,0.32743218539999996,0.0,94.30219268799999,40.449020386,0.0,65030.0
6323,2252.4871968,12.985835075,1.5289809704,1.5536047219999998,1.7629778385,2.474560976,67.74418640100001,0.3336617053,0.0,95.81649017299999,40.607826233000004,0.0,65000.0
6324,2252.6391968000003,13.010700225999999,1.5470026731,1.5361084938,1.7351785897999998,2.4586081505,69.285240173,0.343983382,0.0,97.34985351600001,40.834060669,0.0,65000.0
6325,2252.7911968000003,13.014469147,1.5942280293000002,1.5772454739,1.715216279,2.4406616688,69.091590881,0.351041764,0.0,98.013687134,40.879318237,0.0,65000.0
6326,2252.9431968000004,12.994647025999999,1.6167638302,1.6112240553,1.7130742072999998,2.4443366528,68.269828796,0.3547140956,0.0,97.767913818,40.764575958,0.0,65000.0
6327,2253.0951968000004,12.95631218,1.6027797461000002,1.6083630323,1.7272132635,2.4569060802,68.093070984,0.3573997021,0.0,97.400337219,40.546104430999996,0.0,65000.0
6328,2253.2471968000004,12.892599105999999,1.5878294706,1.5915654897999998,1.7457704544,2.4555594921,68.304519653,0.36504378909999996,0.0,97.55973053,40.438789368,0.0,65000.0
6329,2253.3991968,12.811016083,1.5960909128,1.5913438797,1.7592033148,2.4453492165,68.079826355,0.3643006086,0.0,97.757759094,40.502563476999995,0.0,65000.0
6330,2253.5511968,12.726289749000001,1.6253918409,1.6115423440999999,1.7692270279,2.4425239563,68.05950164800001,0.35221710799999995,0.0,97.043914795,40.575546265,0.0,65000.0
6331,2253.7031968,12.637357712,1.6756726503000001,1.6564102173,1.7787055969,2.4528152943,68.519752502,0.34816905859999997,0.0,96.359695435,40.585475922,0.0,65000.0
6332,2253.8551968,12.563026427999999,1.7094472647,1.7004352808,1.7885501385,2.4507393837,68.97310638399999,0.35411563520000006,0.0,96.44577026399999,40.738708496,0.0,65000.0
6333,2254.0071968,12.542689323,1.6939615011000002,1.7018972635,1.7987494469,2.4411754608000003,69.360649109,0.35910946130000004,0.0,96.61009216299999,41.069766998,0.0,65000.0
6334,2254.1591968000002,12.578129768,1.6513818502000002,1.6658450365000002,1.8073759079,2.4315488338,70.218315125,0.3570245504,0.0,97.08602142299999,41.105506897,0.0,65000.0
6335,2254.3111968000003,12.601516724000001,1.629517436,1.6367018222999998,1.80349195,2.4330887794,71.34432983399999,0.3529337943,0.0,97.5704422,41.327774048,0.0,65000.0
6336,2254.4631968000003,12.605524062999999,1.6236035824000001,1.6236659288,1.7892721890999999,2.437084198,72.231544495,0.3439220786,0.0,98.31105804399999,41.615516663,0.0,65000.0
6337,2254.6151968000004,12.60552597,1.6394271851,1.6347329617,1.7697373629,2.4557373524,72.607368469,0.3308840692,0.0,96.809150696,41.78119278,0.0,65000.0
6338,2254.7671968000004,12.556471825,1.6414394379,1.6414705515,1.7740873097999998,2.4655234814,72.529907227,0.3263386786,0.0,95.65421295200001,41.699989319000004,0.0,65000.0
6339,2254.9191968,12.505508423,1.6414467096,1.6394722462,1.785462141,2.4530875683,72.14965057399999,0.3335934281,0.0,96.354225159,41.727493286,0.0,65000.0
6340,2255.0711968,12.527675629,1.6663848162000001,1.6568008661000002,1.7955027819,2.4363670349,71.861915588,0.3448991477,0.0,96.195640564,41.585010529,0.0,65000.0
6341,2255.2231968,12.572114944,1.6910302638999999,1.6813958883000002,1.8147791624,2.4363429546,70.96369934100001,0.35056039689999996,0.0,95.645851135,41.513973236,0.0,65000.0
6342,2255.3751968,12.592207909,1.7142374516,1.7046179771,1.8479405642,2.4556112289,69.538803101,0.34391990299999997,0.0,96.11993408200001,41.36063385,0.0,65000.0
6343,2255.5271968,12.585707664000001,1.7391809225,1.728965044,1.8415061234999999,2.4710645676,68.008758545,0.333252728,0.0,96.35410308799999,41.203258514,0.0,65000.0
6344,2255.6791968,12.572031020999999,1.7634956837,1.7541259527000002,1.8131351471000001,2.4706332684,67.255935669,0.3319659829,0.0,95.878707886,41.114368439,0.0,65000.0
6345,2255.8311968000003,12.566109657,1.7797887325,1.7750140428999999,1.8101791143000001,2.4582417011,67.638771057,0.328995347,0.0,95.250419617,41.178527832,0.0,65000.0
6346,2255.9831968000003,12.565228462,1.7643433809,1.7730741500999998,1.8075596094,2.4462432861,68.70134735100001,0.3212077618,0.0,95.164352417,41.373851776,0.0,65000.0
6347,2256.1351968000004,12.56333828,1.7048547268,1.7301056385,1.8009746075,2.4431285858000003,69.3959198,0.32041832800000003,0.0,94.689582825,41.389404297,0.0,65000.0
6348,2256.2871968000004,12.558888435,1.6228622197999998,1.6533914803999998,1.7924624681,2.4410302638999997,68.761558533,0.32852262260000004,0.0,95.870834351,41.345172882,0.0,65000.0
6349,2256.4391968000004,12.553274155,1.5797954797999998,1.5960594416,1.7755707502000002,2.4316625595,68.391548157,0.3413181305,0.0,97.376029968,41.340171814,0.0,65000.0
6350,2256.5911968,12.547847747999999,1.5558401346000001,1.5626616478,1.7551429272,2.4245181084,69.544197083,0.3515309691,0.0,98.48815155,41.437923431,0.0,65000.0
6351,2256.7431968,12.545383453,1.5741795301,1.5659675597999998,1.7344993353,2.4110090733000002,71.31577301,0.3582615256,0.0,98.97265625,41.657466888,0.0,65000.0
6352,2256.8951968,12.545000075999999,1.6038006544,1.5916815996,1.7141273022,2.4032580853,72.647827148,0.3612655401,0.0,98.78568267799999,41.828952789,0.0,65000.0
6353,2257.0471968,12.542057037000001,1.6284052134,1.6199830769999999,1.6966764927000002,2.4095990658,72.628852844,0.3583659232,0.0,98.58803558299999,41.641998291,0.0,65000.0
6354,2257.1991968,12.53277874,1.6294620037,1.6301831006999998,1.6904051303999998,2.4201233387,72.172637939,0.35201781990000003,0.0,98.737876892,41.366218567,0.0,65000.0
6355,2257.3511968000003,12.540762900999999,1.6065720319999999,1.6134237051,1.6893831491,2.4344155788,72.490997314,0.34524542090000004,0.0,99.206192017,41.358142853000004,0.0,65000.0
6356,2257.5031968000003,12.56283474,1.6126517056999998,1.6104779243,1.6961939335,2.4455320835,73.82899475100001,0.3434077203,0.0,98.98704528799999,41.35092926,0.0,65000.0
6357,2257.6551968000003,12.58896637,1.6175488234,1.6167411803999998,1.7082725763,2.4488520622,75.086029053,0.3459847271,0.0,98.749450684,41.369796753,0.0,65000.0
6358,2257.8071968000004,12.612685204000002,1.6012603044999998,1.6075417994999999,1.7019286156,2.4523282050999997,75.33391571,0.348954469,0.0,98.81910705600001,41.507141113,0.0,65000.0
6359,2257.9591968000004,12.620246887,1.5825762749,1.5892970562,1.6796189547,2.460504055,75.340026855,0.3496631682,0.0,98.515007019,41.968242645,0.0,65000.0
6360,2258.1111968,12.612045288,1.5779174566,1.5795180798,1.6683635712,2.4595091343,75.408241272,0.3493954539,0.0,98.04496002200001,42.523040771,0.0,65000.0
6361,2258.2631968,12.588664055,1.5774004459,1.5773923397,1.6666281223,2.446862936,74.82837677,0.3479408324,0.0,97.569046021,42.633056640999996,0.0,65000.0
6362,2258.4151968,12.507839203,1.5826872587,1.580247879,1.6744246483,2.4350268841,72.41629791300001,0.3420169353,0.0,98.082168579,42.354717255,0.0,65000.0
6363,2258.5671968,12.474891663,1.5938898325,1.5878332853000001,1.6883771419999998,2.4264755249000003,69.09728241,0.3347147405,0.0,98.484321594,42.320926666,0.0,65000.0
6364,2258.7191968,12.476653099000002,1.6333765984,1.6171110868,1.7039721012,2.4287998676,67.355194092,0.3286412656,0.0,98.27661132799999,42.413463593,0.0,65030.0
6365,2258.8711968000002,12.478415489000001,1.6782525778,1.6613736153,1.7230471372999998,2.4431741238,67.089408875,0.3215153217,0.0,97.36050415,42.664176941,0.0,65030.0
6366,2259.0231968000003,12.482666969,1.6935211419999998,1.6880338192,1.7442338466999998,2.451499939,66.042861938,0.315766573,0.0,96.410102844,42.816646576,0.0,65030.0
6367,2259.1751968000003,12.487419127999999,1.6724921465,1.6804653406,1.7655961513999998,2.4499802588999997,65.903572083,0.31678715350000003,0.0,96.46899414100001,42.660877228000004,0.0,65030.0
6368,2259.3271968000004,12.524636269,1.6664690971,1.6681190729,1.7840297222,2.4542148113,67.649803162,0.320808351,0.0,96.58797454799999,42.491119385,0.0,65000.0
6369,2259.4791968000004,12.574533463,1.691947937,1.6817237138999999,1.7867717743,2.4580874443000003,70.080345154,0.32180500030000003,0.0,96.148071289,42.644325256,0.0,65000.0
6370,2259.6311968,12.599035263,1.7384904623,1.7217909098,1.7610569,2.4584033488999997,71.114898682,0.3223872781,0.0,95.895584106,42.879135131999995,0.0,65000.0
6371,2259.7831968,12.605715752,1.7268294096,1.7320334911000002,1.729208827,2.4601278305000003,70.88239288300001,0.3210375607,0.0,95.73677825899999,43.239227295,0.0,65000.0
6372,2259.9351968,12.611289978,1.6649918556,1.6900281906,1.7005414962999998,2.4655196666999997,69.66305542,0.31555038690000003,0.0,95.425643921,43.062522888000004,0.0,65000.0
6373,2260.0871968,12.618392944000002,1.5717248917,1.6070218086,1.6886569262,2.472369194,68.133346558,0.3159498274,0.0,94.518676758,42.699123383,0.0,65000.0
6374,2260.2391968,12.616933823,1.5873340368000002,1.5815906525,1.6935379505,2.4764780998,67.231391907,0.3221471012,0.0,95.328956604,42.753005981,0.0,65000.0
6375,2260.3911968,12.606209755,1.6144089699000002,1.6043375731,1.7067692280000002,2.466401577,66.919517517,0.32862338420000003,0.0,96.79639434799999,43.023952484,0.0,65000.0
6376,2260.5431968000003,12.592476845,1.6004405022,1.6060813665,1.7227942943999999,2.4520454407,67.06761932399999,0.33419144149999996,0.0,97.27847290000001,43.507453918,0.0,65000.0
6377,2260.6951968000003,12.56790638,1.5871508121,1.5921626091,1.7372366190000001,2.4381625652000003,67.117897034,0.3344436288,0.0,97.52915191700001,43.152648926000005,0.0,65000.0
6378,2260.8471968000003,12.532550812,1.5931621790000001,1.5900740622999998,1.7473688126,2.4289643763999997,67.214118958,0.3318495154,0.0,97.76710510299999,43.033508301000005,0.0,65000.0
6379,2260.9991968000004,12.51923275,1.6545183659,1.6301691532,1.7556501627,2.4375798702,67.035804749,0.3314692974,0.0,97.211975098,43.513511658,0.0,65000.0
6380,2261.1511968000004,12.551505089,1.7296425104,1.6997221708,1.7650557756,2.4462282658000003,65.22058868399999,0.33211463690000004,0.0,95.78108215299999,43.612453461,0.0,65000.0
6381,2261.3031968,12.608512877999999,1.785110116,1.7626175880000001,1.781265974,2.4556183815,62.579177856,0.328541398,0.0,93.913825989,43.4897995,0.0,65030.0
6382,2261.4551968,12.647403717000001,1.8247518538999998,1.8088415861000002,1.8011834621,2.4711358547,61.654640198,0.32642483710000003,0.0,93.302360535,43.299751281999995,0.0,65030.0
6383,2261.6071968,12.660707474,1.8128601313,1.8176941872,1.8106279372999998,2.4866800308,62.698947906,0.3309156299,0.0,94.757522583,43.166416168000005,0.0,65030.0
6384,2261.7591968,12.657631874000002,1.7182046175,1.7556755543,1.8109325171000001,2.4903409481,64.309890747,0.3334760666,0.0,96.423072815,42.922447205,0.0,65030.0
6385,2261.9111968,12.632852554000001,1.6236052512999999,1.6612228155000002,1.8095973730000001,2.4785804749,65.626274109,0.3303747177,0.0,97.02194213899999,42.845226288,0.0,65030.0
6386,2262.0631968000002,12.592556,1.6011067629,1.6104054450999998,1.8082388638999998,2.460804224,65.806655884,0.3251781762,0.0,96.43368530299999,43.098396301,0.0,65000.0
6387,2262.2151968000003,12.584511757000001,1.6789768934,1.6483337879,1.8068433999999998,2.4471302032,66.020858765,0.3193673193,0.0,95.084861755,43.122531891,0.0,65000.0
6388,2262.3671968000003,12.633036613,1.7600888013999998,1.7267010212,1.805508256,2.445823431,66.80785369899999,0.3141984344,0.0,93.524749756,42.833343506,0.0,65000.0
6389,2262.5191968000004,12.665210724000001,1.770953536,1.7656060457,1.8041504622,2.463476181,67.859542847,0.31051898,0.0,93.05557251,42.631538391,0.0,65000.0
6390,2262.6711968000004,12.648008347000001,1.7628860474,1.765401125,1.8064413071,2.4750299453999998,69.015724182,0.3074864447,0.0,93.22790527299999,42.895294189,0.0,65000.0
6391,2262.8231968,12.615617752,1.7309712172,1.7434197664,1.8149143456999999,2.4691052437,69.12071228,0.3053379059,0.0,93.67562866200001,43.256877898999996,0.0,65000.0
6392,2262.9751968,12.591470718,1.7090209722999998,1.71763587,1.8233093023,2.4648394584999997,67.404502869,0.3012292385,0.0,94.435966492,43.164089203,0.0,65000.0
6393,2263.1271968,12.576109886,1.693076849,1.6994788647,1.8098442553999998,2.4653577805,65.77166748,0.2971711755,0.0,95.08452606200001,42.811702728,0.0,65000.0
6394,2263.2791968,12.565020560999999,1.7158374786000001,1.7068407536,1.789516449,2.4696979522999998,65.481414795,0.29896947739999996,0.0,95.57962799100001,42.528007507,0.0,65000.0
6395,2263.4311968,12.556267737999999,1.7437388897,1.732370019,1.780792594,2.4717309475,66.216255188,0.30981540679999997,0.0,95.848419189,42.333808899,0.0,65000.0
6396,2263.5831968,12.548586845,1.743999958,1.7439531088,1.7783761024,2.469846487,66.811973572,0.3251973391,0.0,95.916374207,42.082920074,0.0,65000.0
6397,2263.7351968000003,12.542338371,1.7272620201,1.7337191105,1.7770388125999999,2.4652695656,66.76425170899999,0.3337493241,0.0,95.958595276,41.700935364,0.0,65000.0
6398,2263.8871968000003,12.537475586,1.6759201287999999,1.6965534687000001,1.7757416964,2.4596087933,67.709655762,0.3350833654,0.0,96.917671204,41.349227905,0.0,65000.0
6399,2264.0391968000004,12.532985687,1.6220774650999998,1.6441578865000002,1.7788022757,2.4558894634,70.054389954,0.3365106285,0.0,97.48159790000001,41.227352142,0.0,65000.0
6400,2264.1911968000004,12.528557777,1.6073108912,1.6135526896,1.7738882303,2.4549155235,71.42918396,0.3408358395,0.0,97.584274292,41.18686676,0.0,65000.0
6401,2264.3431968000004,12.524917602999999,1.6255055666,1.6179480553,1.7496584653999998,2.4619560242,71.901741028,0.3436599076,0.0,97.62514495799999,41.222038269,0.0,65000.0
6402,2264.4951968,12.523199081,1.6561219691999998,1.6431800127,1.7156431675,2.4537003040000003,72.926956177,0.3422820866,0.0,98.100593567,41.280330658000004,0.0,65000.0
6403,2264.6471968,12.518735885999998,1.6531223059,1.6541895866,1.6914168596,2.4340035915000002,73.89490509,0.33809104560000003,0.0,98.656646729,41.469097137,0.0,65000.0
6404,2264.7991968,12.488033295,1.6056089401,1.6248064040999999,1.7028777599,2.4315781593,74.232826233,0.3349357247,0.0,98.473846436,41.675201416,0.0,65000.0
6405,2264.9511968,12.431790352,1.5325968266,1.562972784,1.7275081873,2.4407734871,73.55393219,0.3392783999,0.0,98.157714844,41.985946655,0.0,65000.0
6406,2265.1031968,12.40842247,1.552105546,1.5436270237,1.7375546694,2.4515192509,72.697242737,0.3471902907,0.0,97.238616943,42.371833801,0.0,65000.0
6407,2265.2551968000002,12.432950974,1.6383324862,1.6033217907,1.7407912016,2.4557042122,71.928672791,0.35091573,0.0,96.27361297600001,42.811748505,0.0,65000.0
6408,2265.4071968000003,12.473611832000001,1.6917399168,1.6706745625,1.7463744878999998,2.4594528675,70.937149048,0.3482830226,0.0,95.520843506,42.866348267,0.0,65000.0
6409,2265.5591968000003,12.49759388,1.6701430082,1.6794019938,1.7740046978,2.4625017643000002,70.187667847,0.34253352880000004,0.0,94.80792236299999,42.561676025,0.0,65000.0
6410,2265.7111968000004,12.507655144000001,1.6433364153,1.6542088984999999,1.8186327219,2.4611628056,70.675132751,0.3408924639,0.0,94.364273071,42.385414124,0.0,65000.0
6411,2265.8631968000004,12.535509109000001,1.6799266337999998,1.665178895,1.8470721245,2.4612238406999998,72.127944946,0.34724617,0.0,94.816543579,42.254688263,0.0,65000.0
6412,2266.0151968,12.569384575,1.7794284821000002,1.738432169,1.8516218662000001,2.4720716476,73.450462341,0.35502651329999996,0.0,95.90834808299999,42.115573883,0.0,65000.0
6413,2266.1671968,12.587726593,1.8029294014,1.7946835756,1.8448976278,2.4794125556999997,73.86042022699999,0.3566125035,0.0,97.683776855,41.958904266,0.0,65000.0
6414,2266.3191968,12.596918105999999,1.7983607054,1.8003851175,1.8381584883000002,2.4671440125,72.927352905,0.35077914600000004,0.0,97.897941589,41.844734192,0.0,65000.0
6415,2266.4711968,12.60146904,1.7783117294,1.7862530947,1.8500008583,2.4619157314,71.683631897,0.3383071423,0.0,96.440788269,41.796749115,0.0,65000.0
6416,2266.6231968,12.60229969,1.7480063438,1.7601301669999998,1.9025398493,2.4708478450999998,70.430969238,0.3321652412,0.0,95.148017883,41.752845764,0.0,65000.0
6417,2266.7751968000002,12.602246284000001,1.7357367277000002,1.741055131,1.9487423897,2.4803647994999998,69.708213806,0.3364120424,0.0,95.346611023,41.728542328,0.0,65000.0
6418,2266.9271968000003,12.602199554,1.7973613738999998,1.7714111805000001,1.9451938868,2.4905254841,70.494918823,0.34051325920000003,0.0,95.86442565899999,41.719554901,0.0,65000.0
6419,2267.0791968000003,12.602148055999999,1.8483512402000002,1.8282878399,1.9196754694,2.4870483875,71.86214447,0.34208065270000004,0.0,96.088142395,41.694896698,0.0,65000.0
6420,2267.2311968000004,12.602101326,1.8603217602000002,1.8568458556999998,1.8908958434999998,2.4822907448,72.235794067,0.3441242576,0.0,95.858459473,41.630123138,0.0,65000.0
6421,2267.3831968000004,12.598913193,1.8379400969,1.8478667736,1.8573983908,2.485004425,71.033233643,0.34382793310000004,0.0,96.053611755,41.688644409,0.0,65030.0
6422,2267.5351968,12.588674545,1.7909132241999999,1.8103562593,1.8242955208000002,2.4808402061000003,69.431770325,0.3446377218,0.0,96.688484192,41.738166809,0.0,65030.0
6423,2267.6871968,12.573676109,1.7604240179,1.7724103928000001,1.803296566,2.4699172974,68.482261658,0.3505241275,0.0,97.467300415,41.584377289,0.0,65030.0
6424,2267.8391968,12.550704955999999,1.7506878376,1.7541166544,1.7925016880000002,2.4629364014,67.442771912,0.3561114371,0.0,98.133079529,41.511501312,0.0,65030.0
6425,2267.9911968,12.506714821,1.71808815,1.7319058180000002,1.7826240062999998,2.4679863453,66.104972839,0.36184290049999995,0.0,98.82992553700001,41.555236816,0.0,65030.0
6426,2268.1431968,12.417084694000001,1.6858956814,1.6988968849000001,1.7739776372999998,2.4718239307,65.077003479,0.36718377469999997,0.0,99.35533905,41.476322174,0.0,65030.0
6427,2268.2951968,12.386169434000001,1.6857173443,1.6848171949000001,1.7696413994,2.4658391476,64.741722107,0.367582798,0.0,99.519126892,41.334846497,0.0,65030.0
6428,2268.4471968000003,12.398266792000001,1.7167154551,1.7030967474,1.7683442831,2.4565589428,64.913299561,0.3638790846,0.0,99.288124084,41.249633789,0.0,65030.0
6429,2268.5991968000003,12.401928902,1.7497376204,1.7362688780000002,1.7684531212,2.4477829933,65.266677856,0.3553241789,0.0,98.289352417,41.343830109,0.0,65030.0
6430,2268.7511968000003,12.451340675,1.7790675163,1.7668726444,1.7805782556999998,2.44439888,66.060745239,0.34216347340000003,0.0,97.47019195600001,41.491630554000004,0.0,65000.0
6431,2268.9031968000004,12.503378867999999,1.7918471098,1.7871022224000002,1.8053915501,2.447034359,67.832084656,0.32989215850000003,0.0,96.82179260299999,41.63501358,0.0,65000.0
6432,2269.0551968000004,12.539317130999999,1.7992492913999998,1.7965066433,1.8323305845,2.4478149414,69.743148804,0.3222301006,0.0,96.798202515,41.693748474,0.0,65000.0
6433,2269.2071968,12.563733100999999,1.8062336444999998,1.8033910990000002,1.8620711565,2.4421765804,69.584915161,0.322650522,0.0,96.74203491200001,41.820110321,0.0,65000.0
6434,2269.3591968,12.570085526,1.8087764978,1.8077303171,1.8979442119999999,2.4423866272,66.79586792,0.3285306096,0.0,96.623046875,42.1147995,0.0,65000.0
6435,2269.5111968,12.55013752,1.8072280884,1.8079689741,1.9235844612000002,2.4599223137,63.966953278000005,0.3353372514,0.0,95.867240906,42.026847839,0.0,65030.0
6436,2269.6631968,12.520729065,1.8299404383000002,1.8200055361,1.9339894056,2.479432106,63.814552307,0.3385753632,0.0,94.619499207,41.756008148,0.0,65030.0
6437,2269.8151968,12.511639595,1.9509041309000001,1.8976002932,1.9316393137,2.4903793335,65.846054077,0.3338570893,0.0,93.14641571,41.595294951999996,0.0,65030.0
6438,2269.9671968000002,12.514326096,2.0415980816,2.0067577362,1.9105432034,2.5045237541,68.431648254,0.325771302,0.0,94.33611297600001,41.663127899,0.0,65030.0
6439,2270.1191968000003,12.508172989,1.9653384686000002,2.0033662319,1.8822133541,2.505436182,70.324081421,0.3200306296,0.0,98.493125916,41.759037018,0.0,65030.0
6440,2270.2711968000003,12.500329018,1.7228671312000001,1.8273345232,1.8509776591999998,2.4850308895,71.21370697,0.3225049973,0.0,100.46883392,41.798023224,0.0,65030.0
6441,2270.4231968000004,12.469486237,1.5890358686000001,1.6363179684,1.8170245886,2.4638373852,71.72151184100001,0.33162003760000003,0.0,98.886505127,41.853286743000005,0.0,65030.0
6442,2270.5751968000004,12.438657760999998,1.6849756241,1.6361691952000001,1.7919677496000002,2.4462294579,71.687568665,0.3343538046,0.0,96.309585571,41.955505371,0.0,65000.0
6443,2270.7271968,12.438782692,1.8438175917,1.7779580355000002,1.7822936773,2.4298009872,70.84379577600001,0.325104624,0.0,94.04636383100001,41.860176085999996,0.0,65000.0
6444,2270.8791968,12.438907622999999,1.8427501916999998,1.8525077105,1.77949965,2.4208087921,69.941238403,0.3156450093,0.0,93.207893372,41.630306244,0.0,65000.0
6445,2271.0311968,12.439032555,1.8037962913999999,1.820432663,1.7781566381,2.4332785606,69.89948272699999,0.3165873289,0.0,93.91976928700001,41.371898651,0.0,65000.0
6446,2271.1831968,12.460045815,1.7851544619,1.7911454438999999,1.7768055201,2.4455084801,70.089530945,0.32563370469999997,0.0,94.91088104200001,41.12090683,0.0,65000.0
6447,2271.3351968,12.491307259000001,1.7394402027000002,1.759355545,1.7781900166999998,2.4468538761,69.261749268,0.3356984556,0.0,95.513412476,41.076457977,0.0,65000.0
6448,2271.4871968,12.50454998,1.6885553597999998,1.709149003,1.7844902277,2.4561803341,67.664291382,0.343329221,0.0,95.8150177,41.12355423,0.0,65000.0
6449,2271.6391968000003,12.522389412,1.647918582,1.6638212204,1.7887858152,2.4613592625,66.084754944,0.352573216,0.0,96.28702545200001,41.243118286,0.0,65000.0
6450,2271.7911968000003,12.546007155999998,1.6115533113,1.6260973215,1.7877745628,2.4543004036,65.144828796,0.36183756590000005,0.0,97.070503235,41.295982361,0.0,65030.0
6451,2271.9431968000004,12.562711715999999,1.6034696102000001,1.6050221919999998,1.7864221334000001,2.4500110149000003,65.575439453,0.3650222123,0.0,97.13857269299999,40.994129181,0.0,65030.0
6452,2272.0951968000004,12.570837975,1.617300868,1.6108492613,1.7799607515,2.4487829208000003,66.46599578899999,0.3643000126,0.0,97.243507385,40.878955841,0.0,65030.0
6453,2272.2471968000004,12.576579094000001,1.6518808603,1.6371880769999998,1.7648538350999998,2.4525299072,67.166976929,0.3648259938,0.0,97.199279785,40.915821075,0.0,65030.0
6454,2272.3991968,12.580023765999998,1.7031825781,1.6813322306,1.7551487684,2.4557254314,68.989936829,0.3636248708,0.0,96.75568389899999,41.013690948000004,0.0,65030.0
6455,2272.5511968,12.580656052,1.7153377533,1.713116169,1.7582463026,2.4514653683,70.538078308,0.35790297390000003,0.0,95.916778564,41.270488739,0.0,65000.0
6456,2272.7031968,12.580599785,1.6993825436,1.7075240612,1.7684216499,2.4473202228999997,69.816612244,0.34873116020000006,0.0,95.47205352799999,41.37865448,0.0,65000.0
6457,2272.8551968,12.580599785,1.6562395096,1.6752701998,1.7831166983000002,2.4479019641999997,69.041404724,0.3369109333,0.0,95.798904419,41.525192261,0.0,65000.0
6458,2273.0071968,12.58055687,1.6306521893,1.6392059326,1.7862626313999999,2.4419777393,69.407615662,0.3282534778,0.0,96.407653809,41.644695282,0.0,65000.0
6459,2273.1591968000002,12.579357147,1.6607770919999998,1.6449084282,1.7748370171,2.4324262142,68.86730194100001,0.32875448469999996,0.0,96.428146362,41.503353119,0.0,65000.0
6460,2273.3111968000003,12.575866699,1.7008103131999999,1.6849321127,1.7636394501,2.4296550751,68.477836609,0.3333607912,0.0,96.023674011,41.25573349,0.0,65000.0
6461,2273.4631968000003,12.57111454,1.7186301947,1.7128968238999998,1.7571909428,2.4402666092,68.521827698,0.3370602429,0.0,95.548210144,40.965320587,0.0,65000.0
6462,2273.6151968000004,12.566084862,1.7038754225,1.7115473747,1.7556606531,2.4610185623,68.472679138,0.3393436968,0.0,95.650184631,40.832714081,0.0,65000.0
6463,2273.7671968000004,12.564667702000001,1.6455154419,1.6720534563,1.754363656,2.4704644680000003,68.370559692,0.3375035524,0.0,96.007125854,41.074409485,0.0,65000.0
6464,2273.9191968,12.571331024000001,1.5989947319,1.6162902117,1.7530666590000001,2.4633331299,69.043891907,0.3340356946,0.0,96.61010742200001,40.951019287,0.0,65000.0
6465,2274.0711968,12.594769478,1.5853503941999998,1.5884001255000002,1.7517297268,2.4591741562,70.065101624,0.3317851722,0.0,96.99687957799999,41.109771729,0.0,65000.0
6466,2274.2231968,12.634797096,1.5823903084,1.5830745697,1.7503745556,2.4584169388,70.680656433,0.3349484801,0.0,97.29087066700001,41.327819824,0.0,65000.0
6467,2274.3751968,12.671789169,1.581197381,1.581817627,1.7490775585,2.4557490349,70.908920288,0.3444260955,0.0,98.14704895,41.157920837,0.0,65000.0
6468,2274.5271968,12.709965705999998,1.5801997184999999,1.5806603432,1.7478203772999998,2.4514806271,71.525375366,0.3538988531,0.0,98.66464233399999,40.809883118,0.0,65000.0
6469,2274.6791968,12.740373610999999,1.5792032480000002,1.5795239209999998,1.746584177,2.4528377056,72.93261718800001,0.35405576229999997,0.0,98.848983765,40.810897827,0.0,65000.0
6470,2274.8311968000003,12.73943615,1.5782057047,1.5783276558000001,1.7458000183000002,2.4675867558,74.35396575899999,0.35251683,0.0,99.00764465299999,41.195335388000004,0.0,65000.0
6471,2274.9831968000003,12.711826324,1.5740401745,1.5757217407,1.7475217581,2.4777958393,74.567497253,0.3606478274,0.0,98.84719848600001,41.423046112,0.0,65000.0
6472,2275.1351968000004,12.675577164000002,1.5658928156,1.5696098803999998,1.7519507408000001,2.4602468014,73.156723022,0.3760469556,0.0,97.94715118399999,41.396404266,0.0,65000.0
6473,2275.2871968000004,12.638785362,1.5718617438999998,1.5679982900999998,1.7588320971,2.4446263313,71.93824768100001,0.38291954990000004,0.0,97.07408905,41.394935608000004,0.0,65000.0
6474,2275.4391968000004,12.614060402,1.5951564312,1.5841987133000002,1.7714121341999998,2.442848444,70.942741394,0.3698074222,0.0,96.518531799,41.4295578,0.0,65000.0
6475,2275.5911968,12.601753235,1.660380125,1.6303792,1.7871147394,2.4531197548,70.010398865,0.3463592231,0.0,95.94187927200001,41.505191803,0.0,65000.0
6476,2275.7431968,12.598642349,1.7104996443,1.6930179596000001,1.7915264368000001,2.46357584,69.77194213899999,0.32706442480000003,0.0,95.044906616,41.644756316999995,0.0,65000.0
6477,2275.8951968,12.594240189,1.7145711184,1.7164796591,1.7746124268,2.4540381432,69.78819274899999,0.3193586469,0.0,94.531265259,41.807743073000005,0.0,65000.0
6478,2276.0471968,12.585938454,1.6851739883,1.6989355087,1.75586164,2.4288990498,69.630027771,0.3177479804,0.0,95.223854065,41.978721619,0.0,65000.0
6479,2276.1991968,12.581096649000001,1.6461724043000001,1.6619570255,1.7410161494999998,2.4225533009,69.21145629899999,0.3200912178,0.0,96.312728882,42.163661956999995,0.0,65000.0
6480,2276.3511968000003,12.599070549,1.6085679531000001,1.6236284971000001,1.7207018137,2.4314236641,68.462905884,0.32243222,0.0,96.878921509,42.207000732,0.0,65000.0
6481,2276.5031968000003,12.644123077,1.5862088203,1.5940493345,1.6973707675999998,2.4425992966,67.790061951,0.3191681504,0.0,97.19581604,42.121955872,0.0,65000.0
6482,2276.6551968000003,12.662837982000001,1.6003047228,1.5916870831999999,1.6889783144,2.4487538338,67.627006531,0.3155067265,0.0,97.463226318,41.929729462,0.0,65000.0
6483,2276.8071968000004,12.640483856,1.621961236,1.6137166022999998,1.7000620365,2.4491999149,67.970626831,0.3180704117,0.0,97.44982147200001,41.694065094,0.0,65000.0
6484,2276.9591968000004,12.621164322,1.6080548763,1.6175423861000002,1.7186073065,2.4485213757,67.753471375,0.320800066,0.0,97.18951416,41.720119476,0.0,65000.0
6485,2277.1111968,12.614825249,1.5808446406999999,1.5918755531,1.7236676216,2.4474420547,67.552612305,0.3246584535,0.0,97.222969055,41.926822662,0.0,65000.0
6486,2277.2631968,12.609487534000001,1.5717437266999998,1.5730733871,1.7222070694,2.4480168819,68.008171082,0.3313927352,0.0,97.61116027799999,41.736057281,0.0,65000.0
6487,2277.4151968,12.603543282,1.5724987984,1.5718370676,1.7208117246999999,2.4415893555,68.517074585,0.34003913399999997,0.0,98.236053467,41.443408966,0.0,65000.0
6488,2277.5671968,12.599041939000001,1.5857020617,1.5790832043,1.7193802594999998,2.4278068542,68.64693450899999,0.3467316926,0.0,98.70199585,41.148849487,0.0,65000.0
6489,2277.7191968,12.597697258,1.6019186974000001,1.595446229,1.7175048590000002,2.4242277144999997,69.406944275,0.3458212018,0.0,98.623817444,40.707244873,0.0,65000.0
6490,2277.8711968000002,12.597466469,1.6082243918999999,1.6072585583,1.7047021388999999,2.422324419,71.225036621,0.33713889119999996,0.0,98.28182983399999,40.704345703,0.0,65000.0
6491,2278.0231968000003,12.600070953,1.6082612276,1.6088266373,1.6816430091999999,2.4255459309000003,73.63584899899999,0.3268623054,0.0,97.92517089799999,41.117141724,0.0,65000.0
6492,2278.1751968000003,12.609095573,1.6116827725999998,1.6096131802000002,1.6834386587,2.4202814102000003,75.61113739,0.320356369,0.0,97.691741943,41.541145325,0.0,65000.0
6493,2278.3271968000004,12.621371269,1.6130000353,1.6126663685,1.6978042126,2.417368412,77.062583923,0.3185341358,0.0,97.72680664100001,41.433055878000005,0.0,65000.0
6494,2278.4791968000004,12.632657050999999,1.5954310894,1.6044110059999999,1.7000383139,2.4251098633000003,77.59878540000001,0.3230831325,0.0,97.64254760700001,41.355998993,0.0,65000.0
6495,2278.6311968,12.639387131,1.5700560808000001,1.5803260803,1.6800962687,2.4393122196,76.941482544,0.3308716714,0.0,97.26042175299999,41.514839171999995,0.0,65000.0
6496,2278.7831968,12.67491436,1.5390446186000002,1.5518934727,1.6704659462,2.4566142559,74.906173706,0.335062623,0.0,97.359611511,41.615379333,0.0,65030.0
6497,2278.9351968,12.759520531,1.5046718121,1.5188587904,1.683422327,2.4661800861,71.369514465,0.3360460401,0.0,98.170173645,41.576000214000004,0.0,65030.0
6498,2279.0871968,12.816859245,1.5137566328,1.5035437346,1.6969416141999998,2.4603602886,68.524269104,0.338426441,0.0,99.487289429,41.461215973,0.0,65030.0
6499,2279.2391968,12.827323914,1.565515995,1.5406206846000001,1.7078531981,2.4469108582,67.42716217,0.3413632214,0.0,100.42540741,41.37330246,0.0,65030.0
6500,2279.3911968,12.820163727,1.5980211496,1.5892132521,1.7151340246,2.4414124489,68.88734436,0.3428426683,0.0,99.943130493,41.430252075,0.0,65030.0
6501,2279.5431968000003,12.816349983,1.579756856,1.5930284262,1.7222492694999998,2.4431812763,70.456771851,0.34075057509999995,0.0,99.082603455,41.60503006,0.0,65000.0
6502,2279.6951968000003,12.819397925999999,1.5657353400999998,1.5683701038,1.7280063629,2.4418315887,72.079803467,0.3345429301,0.0,98.63469696,41.838562012,0.0,65000.0
6503,2279.8471968000003,12.83419323,1.5625852346,1.5637159347999998,1.7292467356,2.4360268116,73.755912781,0.3325583041,0.0,98.43347930899999,42.076236725,0.0,65000.0
6504,2279.9991968000004,12.854364395,1.5415647030000001,1.5536136627000001,1.7263886928999999,2.4250197411000003,74.766693115,0.3420585394,0.0,98.31459808299999,42.216876984,0.0,65000.0
6505,2280.1511968000004,12.873708725,1.515439868,1.5256842375,1.72085917,2.4178082943,74.655189514,0.3459438086,0.0,98.311538696,42.438056945999996,0.0,65000.0
6506,2280.3031968,12.902164459000002,1.5002983809000001,1.5046048163999999,1.7147430181999999,2.4178123474,74.14667511,0.344009161,0.0,98.71160888700001,42.470691681,0.0,65000.0
6507,2280.4551968,12.927213669,1.5123291016,1.5038422346,1.7104891538999998,2.4389443398,73.978790283,0.3471618593,0.0,99.391311646,42.270927429000004,0.0,65000.0
6508,2280.6071968,12.934276580999999,1.5266343355,1.5218397379,1.7122609615,2.4662568569,74.560379028,0.35306644439999996,0.0,99.423278809,42.249912261999995,0.0,65000.0
6509,2280.7591968,12.934670448,1.5376095772,1.5328607559,1.716815114,2.4650936127,74.579925537,0.35347974299999996,0.0,98.67650604200001,42.318584441999995,0.0,65000.0
6510,2280.9111968,12.934541702,1.551342845,1.5451332331,1.7173844576,2.4409489632,73.839126587,0.34727332,0.0,97.906059265,42.332485199000004,0.0,65000.0
6511,2281.0631968000002,12.934370995,1.5621854066999998,1.5584656000000001,1.7124955653999998,2.4249427319,72.437705994,0.3511968255,0.0,97.4504776,42.309383392,0.0,65000.0
6512,2281.2151968000003,12.93892765,1.5608965158,1.5633964538999998,1.707608819,2.4153602123,71.864074707,0.36049622299999995,0.0,97.37762451200001,42.215877533000004,0.0,65000.0
6513,2281.3671968000003,12.955929756,1.554913044,1.5573328733,1.702781558,2.4214551449,70.27016449,0.36270126700000005,0.0,97.496513367,42.001262665,0.0,65000.0
6514,2281.5191968000004,12.96236515,1.5502843857,1.5516870022,1.7022659779,2.4283156395,69.266174316,0.3638878465,0.0,97.33022308299999,41.946155548,0.0,65000.0
6515,2281.6711968000004,12.928971291,1.5476467609,1.5484136343000001,1.7138952016999998,2.4393229485,69.784233093,0.36130642890000003,0.0,97.109184265,42.046287537,0.0,65000.0
6516,2281.8231968,12.871632576,1.5530596972,1.5498597621999999,1.7280976772,2.4512746334,69.311225891,0.3588093221,0.0,97.421302795,42.143211365,0.0,65000.0
6517,2281.9751968,12.801282882999999,1.5673989058000002,1.5606640577000002,1.7323898077000002,2.4509820938,68.033309937,0.359315902,0.0,97.88133239700001,42.088195801,0.0,65000.0
6518,2282.1271968,12.722350121,1.5783461332,1.5743944644999999,1.7152994871,2.4425084591,67.746795654,0.36006057259999996,0.0,98.32996368399999,42.178310394,0.0,65000.0
6519,2282.2791968,12.628032684,1.5643497705,1.5735534430000002,1.6939945221000001,2.437319994,68.413909912,0.3607122898,0.0,99.057670593,42.513397217,0.0,65000.0
6520,2282.4311968,12.533572197,1.5076235533000002,1.5361032486000001,1.6712538004,2.4297113419,69.696586609,0.362036705,0.0,99.97274780299999,42.665565491,0.0,65000.0
6521,2282.5831968,12.452469826,1.4889390469,1.4864095449,1.6445077658,2.4151153564,71.52514648399999,0.36519384380000003,0.0,100.79569244,42.596130371,0.0,65000.0
6522,2282.7351968000003,12.39468956,1.4873964787,1.4903697968,1.6181460618999999,2.4043140411,73.016799927,0.37027886509999997,0.0,101.50904846,42.621761322,0.0,65000.0
6523,2282.8871968000003,12.358516693,1.4482986927000001,1.4703874587999999,1.6055191755000002,2.4075577259,72.936203003,0.3764840066,0.0,102.38902283,42.671730042,0.0,65000.0
6524,2283.0391968000004,12.3552351,1.4472875594999999,1.4364978075,1.6255904436000002,2.4123716354,71.634613037,0.3762336075,0.0,102.95735168,42.559169769,0.0,65000.0
6525,2283.1911968000004,12.379495620999998,1.5512250662,1.4944001436,1.6639173031,2.4103257656,70.613349915,0.3702007532,0.0,102.40583801,42.552833557,0.0,65000.0
6526,2283.3431968000004,12.405474663,1.6945223808,1.6370408534999998,1.7065880299,2.4096374512,70.125587463,0.36549568179999997,0.0,101.09191895,42.446186065999996,0.0,65000.0
6527,2283.4951968,12.433156967,1.7714349031,1.7533189058,1.740883112,2.4221601486,70.30317688,0.36017471549999996,0.0,99.83092498799999,42.218193054000004,0.0,65000.0
6528,2283.6471968,12.456707954,1.7975649834,1.7905050516,1.7649044991,2.4403343201,71.65957641600001,0.3582092822,0.0,98.761665344,42.017707825,0.0,65000.0
6529,2283.7991968,12.456206322,1.7873803377000002,1.7977325916,1.7875972986000002,2.4573197365,72.582397461,0.3611627221,0.0,98.14143371600001,41.753562927,0.0,65000.0
6530,2283.9511968,12.420573235,1.7620904446,1.7719535828,1.8017821312,2.4766991138,72.010627747,0.35461029409999995,0.0,97.53528595,41.619998932,0.0,65000.0
6531,2284.1031968,12.373745918,1.7485611439,1.7513189316,1.8010497093,2.4729249477,70.021018982,0.33868452909999996,0.0,96.626625061,41.522392273,0.0,65000.0
6532,2284.2551968000002,12.376699448,1.7358901501,1.742100358,1.7982120514,2.4643142223,68.784095764,0.32921049,0.0,96.03784942600001,41.270168304,0.0,65000.0
6533,2284.4071968000003,12.403635979,1.7161706686000002,1.7246938943999999,1.7871047258000001,2.4559681416,69.003372192,0.3349761665,0.0,96.12154388399999,41.157028198,0.0,65000.0
6534,2284.5591968000003,12.411545753,1.6804668903,1.6977216005000002,1.760700345,2.4286823272999998,71.635154724,0.3389621675,0.0,96.67539978,41.348350525,0.0,65000.0
6535,2284.7111968000004,12.405036926,1.6303311586000002,1.6520428658000001,1.7259446383000001,2.4094679356,72.965560913,0.3406011462,0.0,97.150444031,41.658023834,0.0,65000.0
6536,2284.8631968000004,12.362408638,1.5658919811,1.5937697887,1.6920614243,2.3976986408000003,72.910324097,0.3419338167,0.0,97.47077179,41.919883728,0.0,65000.0
6537,2285.0151968,12.289073944,1.5142406225,1.5301226377000001,1.66525805,2.395758152,73.06300354,0.3415471613,0.0,98.18244934100001,42.039806366,0.0,65000.0
6538,2285.1671968,12.288714409,1.48914814,1.4953345059999998,1.6565119028,2.382956028,73.868850708,0.3416472077,0.0,99.33004760700001,42.284130096,0.0,65000.0
6539,2285.3191968,12.374181747,1.5173207521,1.4950485229,1.6687351465,2.3744077681999998,74.826156616,0.34429714079999996,0.0,100.75415039,42.512252808,0.0,65000.0
6540,2285.4711968,12.480731964,1.6049461365,1.5620559453999998,1.7158174515,2.3905296326,73.52772522,0.3438882232,0.0,101.52431488,42.526477814,0.0,65000.0
6541,2285.6231968,12.556462287999999,1.7279113531,1.6748014688,1.7700111866,2.404933691,70.883796692,0.3367460072,0.0,100.36159515,42.6289711,0.0,65000.0
6542,2285.7751968000002,12.602993010999999,1.8163077831,1.7917616366999998,1.8249871731,2.4267106056,68.876426697,0.3282871544,0.0,98.52800750700001,42.797927856,0.0,65030.0
6543,2285.9271968000003,12.636218070999998,1.8177170753,1.8312827349,1.8730124234999999,2.4539513588,68.079727173,0.3152460754,0.0,96.98554229700001,42.871463776,0.0,65030.0
6544,2286.0791968000003,12.615592003,1.7724007368,1.7926132679,1.9048014879,2.4712743759,69.205413818,0.3092767596,0.0,95.47521972700001,42.898597717,0.0,65030.0
6545,2286.2311968000004,12.569983482,1.7322750091999999,1.7458523512000002,1.9281079769,2.4741961956,69.431304932,0.3155059218,0.0,94.732551575,42.729682921999995,0.0,65030.0
6546,2286.3831968000004,12.541964531,1.7439697981,1.7287582159000001,1.9283021688,2.4582324028,68.878005981,0.3249584436,0.0,94.758865356,42.573329926,0.0,65030.0
6547,2286.5351968,12.54524231,1.8101038933000002,1.7786812781999999,1.9117509127,2.4589147568,68.532707214,0.3231042922,0.0,95.215896606,42.673828125,0.0,65030.0
6548,2286.6871968,12.549295425,1.8634487390999999,1.8496596813,1.8969247341,2.4702961445,68.27259826699999,0.3133186698,0.0,95.864120483,42.721691132,0.0,65030.0
6549,2286.8391968,12.54958725,1.8905032872999998,1.8812139034,1.9018136263,2.4699862003,67.818130493,0.30911865829999996,0.0,95.935745239,42.554683685,0.0,65030.0
6550,2286.9911968,12.54661274,1.8877182007,1.8958791494,1.9049526453,2.4623236656,66.965942383,0.310305208,0.0,95.35607147200001,42.416233063,0.0,65030.0
6551,2287.1431968,12.532421112,1.860968709,1.8737686872,1.8997831344999998,2.4694979191,66.03669738800001,0.3156359792,0.0,94.706565857,42.39207077,0.0,65030.0
6552,2287.2951968,12.516194344,1.8248509169,1.8412231206999998,1.8907642365000001,2.4807710648,65.43854522699999,0.31758219,0.0,94.577293396,42.447086334,0.0,65030.0
6553,2287.4471968000003,12.506309509000001,1.7820587158,1.8002579212,1.8718656300999998,2.4863615036,65.640197754,0.3180626631,0.0,94.858306885,42.54668045,0.0,30000.0
6554,2287.5991968000003,12.50026226,1.7555352449000001,1.7610872984000001,1.8444831371000001,2.4804177284,66.187934875,0.321880281,0.0,95.619338989,42.675258636,0.0,30000.0
6555,2287.7511968000003,12.494859695,1.7380080222999998,1.7460936308000001,1.8685051203,2.4681382179,66.74340057399999,0.3281499445,0.0,96.46367645299999,42.683895111,0.0,30000.0
6556,2287.9031968000004,12.491188049000002,1.7517240047,1.7357815503999998,1.8875626326,2.4661679268,66.62283325199999,0.3311995268,0.0,96.454437256,42.59344101,0.0,30000.0
6557,2288.0551968000004,12.497102737,1.7938971519,1.776219368,1.8797489405,2.4668886662,64.987335205,0.3301548362,0.0,96.13974762,42.540287018,0.0,30000.0
6558,2288.2071968,12.509392737999999,1.8090548515,1.8114778996,1.8576825856999999,2.4631319046,62.496486663999995,0.3273348212,0.0,95.61139679,42.588737488,0.0,30000.0
6559,2288.3591968,12.538046837000001,1.7740553616999999,1.7960567474,1.8360469340999999,2.4600536823,62.552165985,0.3281408846,0.0,95.477485657,42.657417296999995,0.0,30000.0
6560,2288.5111968,12.56278038,1.7227988243,1.7411661148,1.8181701899,2.4605238438,64.559494019,0.3342581987,0.0,96.19142913799999,42.617580414,0.0,30000.0
6561,2288.6631968,12.567984581,1.7214325665999999,1.7085328102000001,1.8073126078,2.4499230385,65.72857666,0.3335233331,0.0,96.458496094,42.411540985,0.0,30000.0
6562,2288.8151968,12.564975739000001,1.7464002371,1.7401218414,1.8036887646000002,2.4317104816,66.096237183,0.3220973611,0.0,96.14381408700001,42.132595062,0.0,30000.0
6563,2288.9671968000002,12.544093132,1.7396817207,1.7497584819999998,1.8003644943000001,2.4330861568,65.386039734,0.30634993309999997,0.0,95.825958252,41.895904541,0.0,30000.0
6564,2289.1191968000003,12.518117905,1.7181438208000002,1.7254766226,1.7934522628999998,2.4531579018,65.27057647699999,0.3060755134,0.0,95.80792999299999,41.685913086,0.0,30000.0
6565,2289.2711968000003,12.52251339,1.7105445862,1.7109287977,1.786378026,2.4742212296,65.914390564,0.3094719648,0.0,95.86766052200001,41.462020874000004,0.0,65000.0
6566,2289.4231968000004,12.551585197,1.7077460289,1.7102923393,1.779294014,2.4914815426,66.302528381,0.3094749153,0.0,95.57675933799999,41.221588135,0.0,65000.0
6567,2289.5751968000004,12.595726013,1.7071603537,1.7058182955,1.7721961737,2.4915833472999998,67.14090728800001,0.3074019551,0.0,95.85083007799999,40.921596527,0.0,65000.0
6568,2289.7271968,12.607329369,1.6993347406000001,1.7059484719999998,1.7650960684,2.4704611301,68.260681152,0.3115545511,0.0,96.65321350100001,40.557956696,0.0,65000.0
6569,2289.8791968,12.610146523,1.6739133596,1.6863005161000002,1.7586268187,2.445100069,69.80215454100001,0.3192132115,0.0,97.76030731200001,40.417243958,0.0,65000.0
6570,2290.0311968,12.615851402,1.6377319097999998,1.6537313461,1.7528398037000001,2.4312899113,71.29676055899999,0.3268091679,0.0,98.384140015,40.474586486999996,0.0,65000.0
6571,2290.1831968,12.621294975,1.6009988785,1.6145623922,1.7470529079,2.4136676788,71.365333557,0.3344917893,0.0,98.030288696,40.419643402,0.0,65000.0
6572,2290.3351968,12.618317604000001,1.5813155174000002,1.5849888325,1.7412660121999999,2.3858225346,70.456428528,0.3414404392,0.0,98.457305908,40.437896729,0.0,65000.0
6573,2290.4871968,12.605513573,1.5900365114,1.5815168619,1.7354677915999999,2.3618597984,68.85194397,0.343596369,0.0,97.35421937964647,40.645214081,0.0,65000.0
6574,2290.6391968000003,12.58894825,1.6135057211000001,1.6041458844999998,1.7296013832,2.3524963856,66.706710815,0.3491473496,0.0,95.76202166147272,40.829738617,0.0,65000.0
6575,2290.7911968000003,12.564975739000001,1.6141048669999998,1.6216709613999998,1.7244763374,2.35328269,65.817230225,0.3647145331,0.0,95.74808781650954,40.900299071999996,0.0,65000.0
6576,2290.9431968000004,12.572133064,1.5750725268999999,1.5964707136,1.7271631956,2.3571920394999997,65.613250732,0.36880156399999997,0.0,95.75122059471616,41.086730957,0.0,65000.0
6577,2291.0951968000004,12.643519402,1.5423516035,1.5470311641999999,1.7532782555000002,2.3810062408,65.168365479,0.3648411334,0.0,95.75611165777134,41.446556091,0.0,65000.0
6578,2291.2471968000004,12.678799629,1.5650744438,1.5438842772999999,1.7923768759,2.3685500622,65.107810974,0.36440154909999994,0.0,95.75767650235169,41.734153748000004,0.0,65000.0
6579,2291.3991968,12.714080810999999,1.640786171,1.6026816368,1.8439495564,2.3501236439,65.643043518,0.37078168990000004,0.0,95.75700694161871,41.919868469,0.0,65000.0
6580,2291.5511968,12.749361992,1.7310042381,1.6968655586,1.8947802781999998,2.3546154499000003,66.785377502,0.3688839674,0.0,95.76117231427664,42.039440155,0.0,65000.0
6581,2291.7031968,12.770435333,1.8011608124,1.7779504061000002,1.9392371178,2.3484194279,68.194458008,0.3600815833,0.0,96.68442498450766,42.066444397,0.0,65000.0
6582,2291.8551968,12.675146103,1.8225023746,1.8267809153,1.9732356071000001,2.3495032787,68.539024353,0.3496032655,0.0,96.75488720862776,42.11497879,0.0,65000.0
6583,2292.0071968,12.6447258,1.7980877161000002,1.8115434647,1.9762390852,2.3894708156999998,67.058898926,0.33389818670000004,0.0,95.76335888633257,42.253604889,0.0,65000.0
6584,2292.1591968000002,12.627791405,1.7968403101,1.7842766047,1.9573758841,2.3883385658000003,63.825992584,0.3231922388,0.0,95.7615587588742,42.411273956,0.0,65000.0
6585,2292.3111968000003,12.62386322,1.8287677765,1.8165323734,1.9414807558000002,2.3815760612,62.709121704,0.3290532529,0.0,95.76223436943138,42.389068604,0.0,65000.0
6586,2292.4631968000003,12.615432739000001,1.8630783558000001,1.8477737904,1.9272160530000002,2.3960115909999997,61.289367676000005,0.34165740009999995,0.0,95.76268815479415,42.235122681,0.0,65000.0
6587,2292.6151968000004,12.532029152,1.8825130463,1.8824483156,1.9127832650999999,2.3945736885,59.914043426999996,0.3546172678,0.0,95.70543524160733,42.121131897,0.0,30000.0
6588,2292.7671968000004,12.526470184,1.8756991625,1.8807654381,1.8988662958000002,2.3878905773,59.786571503000005,0.3547411561,0.0,95.70747126963327,41.93195343,0.0,30000.0
6589,2292.9191968,12.500742912,1.8501856327000001,1.8652842045,1.8866595030000002,2.3743851185,58.974208831999995,0.3542390168,0.0,95.70734894466584,41.89982605,0.0,30000.0
6590,2293.0711968,12.418712615999999,1.8021950722,1.8256156444999998,1.8752980231999998,2.3598179817,57.721752167,0.35556975009999997,0.0,95.7088729995835,41.817680359,0.0,30000.0
6591,2293.2231968,12.507896423,1.7334192991,1.7652468681,1.8652737141,2.3762197494999997,57.522838593,0.35291513799999996,0.0,95.7106847898933,41.596710205,0.0,30000.0
6592,2293.3751968,12.56248188,1.6488096713999998,1.6847593784000001,1.8557833433000002,2.3897089958,57.40858078,0.3527843356,0.0,95.71180097963779,41.752132416,0.0,30000.0
6593,2293.5271968,12.574033737,1.5840718746,1.5995033979,1.8473668097999998,2.3881537913999997,57.409671783,0.34832328560000003,0.0,95.71293058283335,41.854248047,0.0,30000.0
6594,2293.6791968,12.579266548,1.5696253777000002,1.5651597977,1.8379031419999998,2.4014806747,57.410675049,0.3415359557,0.0,95.71434335389974,41.668807983,0.0,30000.0
6595,2293.8311968000003,12.572742462,1.5941613913,1.5793298483000002,1.8208675385,2.4315333366,57.411773681999996,0.3339780569,0.0,95.7156546204385,41.517845154,0.0,30000.0
6596,2293.9831968000003,12.562660217000001,1.6460491419,1.6198371649,1.809898138,2.4412715435,57.41286850000001,0.3356022239,0.0,95.71697479498857,41.348632813,0.0,30000.0
6597,2294.1351968000004,12.552567482,1.7119756937000001,1.6855279207,1.8264704943,2.4738824368,57.413959503,0.3433178961,0.0,95.71812669837682,41.264888763,0.0,30000.0
6598,2294.2871968000004,12.544754028,1.7694504261000001,1.7493679522999999,1.8555470705000001,2.4993019104,57.414966583,0.3458972275,0.0,95.71892216173555,41.419921875,0.0,30000.0
6599,2294.4391968000004,12.552812575999999,1.8078312874,1.79720366,1.9097427130000002,2.4878420830000003,57.416061401,0.3325735331,0.0,95.71974940244814,41.574943542,0.0,30000.0
6600,2294.5911968,12.565867424,1.8197361231,1.8213548659999999,1.96785748,2.4833946228,57.417156219,0.3273850083,0.0,95.72062217595568,41.718406677,0.0,30000.0
6601,2294.7431968,12.578494072,1.8151978253999999,1.8167452812,1.9975397587000001,2.4517762661,57.418251038,0.3365492523,0.0,95.72145573031229,41.946117401,0.0,30000.0
6602,2294.8951968,12.588329315,1.8232939243000001,1.8147860765000001,1.9525420666,2.4401762486000003,57.419254303,0.34333816170000003,0.0,95.72235570364988,42.084007263000004,0.0,30000.0
6603,2295.0471968,12.597389220999998,1.8200008869,1.832918644,1.9124077559000001,2.4456093311,57.420349121,0.3462178111,0.0,95.72333697541853,42.071666718,0.0,30000.0
6604,2295.1991968,12.608219147,1.7562257050999999,1.7954851389,1.8916743994,2.4431772231999997,57.421443939,0.3490321636,0.0,95.72434197461176,41.996395111,0.0,30000.0
6605,2295.3511968000003,12.620738029000002,1.653050065,1.6962710618999999,1.8966383934,2.4303734303,57.422538757,0.35741072890000003,0.0,95.72537376991606,41.864696503000005,0.0,30000.0
6606,2295.5031968000003,12.632842064,1.5635526180000001,1.5903648138,1.9203624725,2.4114379883000003,57.423542023,0.3751663864,0.0,95.72657460243968,41.519481659,0.0,30000.0
6607,2295.6551968000003,12.60440731,1.5148284435,1.5260318518,1.9404914379,2.3803987503,57.424636841,0.3846514225,0.0,95.72798007487846,40.983783722,0.0,30000.0
6608,2295.8071968000004,12.578936577,1.509788394,1.4999155998,1.9472962618,2.3577570915,57.425735474,0.3830343187,0.0,95.61972928225931,40.674861908000004,0.0,30000.0
6609,2295.9591968000004,12.55755043,1.5553374290000002,1.5275046825,1.9051570891999998,2.3468365669,57.426830292,0.3744393885,0.0,95.62021436160016,40.606456757,0.0,30000.0
6610,2296.1111968,12.538541794,1.6059675216999998,1.5960909128,1.8622982502,2.3409729003999997,57.427829742,0.3656448424,0.0,95.62070614944186,40.524246216,0.0,30000.0
6611,2296.2631968,12.525536537,1.6188482046000001,1.6179505587,1.8357617855000001,2.3284232616,57.428928375,0.36766371130000003,0.0,95.6209209641347,40.63596344,0.0,30000.0
6612,2296.4151968,12.535568237,1.6103191376,1.6195399761000002,1.809360981,2.3087451458,57.430023193000004,0.382643193,0.0,95.62100908770033,40.853603363000005,0.0,30000.0
6613,2296.5671968,12.55843544,1.5861151218,1.5968209505000002,1.78282094,2.2919530869,57.431118011,0.39434596899999996,0.0,95.62100251465965,41.154205321999996,0.0,30000.0
6614,2296.7191968,12.571478844000001,1.5526785851,1.5700163840999999,1.7563109397999999,2.3112344742,57.432117462,0.39135116340000003,0.0,95.62107611861786,41.413330078,0.0,30000.0
6615,2296.8711968000002,12.585717201,1.5059126616,1.5266035795,1.7316976786000002,2.3134176731,57.433216095,0.38829326630000005,0.0,95.6214100467499,41.438671112,0.0,30000.0
6616,2297.0231968000003,12.817419052,1.4575374125999998,1.4752095938,1.7093485594,2.3146998882,57.434310913000004,0.3878045082,0.0,95.62171495801513,41.501232146999996,0.0,30000.0
6617,2297.1751968000003,13.154450417,1.4338561296,1.4320487975999998,1.6871106625,2.3147006035,57.435405731,0.3882037103,0.0,95.622080472979,41.502075195,0.0,30000.0
6618,2297.3271968000004,13.227063179000002,1.4570710659000001,1.4388393164,1.6750928163999999,2.3148343563,57.436405182,0.38870257140000003,0.0,95.62229524701803,41.615783691,0.0,30000.0
6619,2297.4791968000004,12.966724395999998,1.4995263815,1.4854017496,1.6737974882,2.3215372562,57.437503815,0.3892005682,0.0,95.62228843430415,41.938896179000004,0.0,30000.0
6620,2297.6311968,12.697383880999999,1.5177950859,1.5207954645,1.7077316046000002,2.3345122337,57.438598633000005,0.3893999457,0.0,95.62236458056566,42.194461823000005,0.0,30000.0
6621,2297.7831968,12.671085358,1.5221401453,1.5134239197,1.7592324018,2.3543353081,57.439697266,0.3893003166,0.0,95.7369731237135,42.519351959,0.0,30000.0
6622,2297.9351968,12.856373787,1.562079072,1.5362733603,1.8108154534999998,2.3633503914,57.440696716000005,0.3892005384,0.0,95.73754752103423,42.679111481,0.0,30000.0
6623,2298.0871968,12.773059845,1.6110363007,1.6015902758000002,1.8529725075,2.3811609744999997,57.441791534,0.3891007602,0.0,95.73806478869973,42.552841187,0.0,30000.0
6624,2298.2391968,12.569948195999999,1.6242200136000002,1.6246715784,1.8717136383000001,2.4022874832,57.442890167,0.3889020085,0.0,95.62356485352598,42.160648346,0.0,30000.0
6625,2298.3911968,12.521254539000001,1.6079161166999998,1.6222374438999998,1.8692374229,2.406444788,57.443984985,0.3888013661,0.0,95.6238714689232,42.123428345,0.0,30000.0
6626,2298.5431968000003,12.551296234,1.5905365944,1.5848129988,1.8581807612999999,2.3987276554,57.444984436000006,0.38870161770000006,0.0,95.62401030833443,42.302440643000004,0.0,30000.0
6627,2298.6951968000003,12.609519005,1.6117030382,1.6005929708000002,1.8447481394,2.3963422775,57.446079254,0.38860183950000005,0.0,95.62413527115123,42.483810425,0.0,30000.0
6628,2298.8471968000003,12.675434113,1.6324144602000001,1.6279301643000001,1.8305931091,2.415397644,57.447177886999995,0.38840413090000003,0.0,95.62434607103002,42.546684265,0.0,30000.0
6629,2298.9991968000004,12.764543533,1.626339674,1.6370985508000002,1.8191610575,2.426841259,57.448272705,0.3883022964,0.0,95.62465789535621,42.470027924,0.0,30000.0
6630,2299.1511968000004,12.830446242999999,1.5868103504,1.6074202061000002,1.8170508146000002,2.4099700451,57.449272156000006,0.38830000159999994,0.0,95.62495928949046,42.389705658000004,0.0,30000.0
6631,2299.3031968,12.823461533,1.535905242,1.5548465252,1.8155435324,2.3846428394,57.450370789,0.38830000159999994,0.0,95.62525586085003,42.300521851,0.0,30000.0
6632,2299.4551968,12.772341727999999,1.4977657795,1.5086416006,1.8140468597,2.3475725651,57.451465606999996,0.38820314409999995,0.0,95.6255123809888,42.271324158,0.0,30000.0
6633,2299.6071968,12.800564765999999,1.4896969795,1.483714819,1.7931241989,2.3513290882,57.452560425,0.38810336590000005,0.0,95.62565606907143,42.38035202,0.0,30000.0
6634,2299.7591968,12.86841011,1.5204361677,1.5031161308,1.7638086081,2.3692131042,57.45356369,0.3879074752,0.0,95.62578075376241,42.5338974,0.0,30000.0
6635,2299.9111968,12.927852630999999,1.5589419603,1.5492287874000001,1.7397475243,2.3661544323,57.454658508,0.3877079189,0.0,95.62588561432727,42.687198639,0.0,30000.0
6636,2300.0631968000002,12.982032775999999,1.5690538883,1.5716991425,1.7237577438,2.36647892,57.463802338,0.38722094890000003,0.0,95.62616656798524,42.579563141,0.0,30000.0
6637,2300.2151968000003,13.029512405,1.559864521,1.5628503561000002,1.7081887722,2.3531181812,57.480258942,0.3868176639,0.0,95.62648092745427,42.415493011,0.0,30000.0
6638,2300.3671968000003,13.067015648,1.5538842678,1.5560210943000001,1.6955040693,2.3365054131,57.496994019,0.3867048025,0.0,95.62665255561491,42.492725371999995,0.0,30000.0
6639,2300.5191968000004,13.108878136,1.5482480526,1.5506664515000002,1.6954698563,2.3059735297999997,57.513755798000005,0.3870798945,0.0,95.62668610484027,42.774131775,0.0,30000.0
6640,2300.6711968000004,13.175333023,1.5432593822,1.5453783274000001,1.6973949671000002,2.2889561653,57.530517578,0.38738423590000004,0.0,95.62678040197312,42.987579346000004,0.0,30000.0
6641,2300.8231968,13.235612869,1.5382734537,1.5401848555000002,1.6993904113999998,2.307287693,57.547279358000004,0.3867383599,0.0,95.62684328396833,43.232368468999994,0.0,30000.0
6642,2300.9751968,13.196749687,1.5329480171,1.5349023341999999,1.7012916803,2.3099086285,57.93650817899999,0.3849083781,0.0,95.62737075479663,43.53541946399999,0.0,30000.0
6643,2301.1271968,13.112960815,1.5279808044,1.5296221972,1.7000851631,2.3178892136,58.517414093,0.379352659,0.0,95.62827485273847,43.647796631000006,0.0,30000.0
6644,2301.2791968,13.050927162,1.5290373564,1.5263957977,1.6945663691,2.3147463799000003,59.64332962,0.37103682759999995,0.0,95.63018867263511,43.598499298,0.0,30000.0
6645,2301.4311968,12.905883789,1.5195795297999999,1.5340505838,1.6887794733000001,2.2925372124,61.652889252,0.3628363907,0.0,95.70464231758326,43.768848418999994,0.0,30000.0
6646,2301.5831968,12.307232857,1.4607427119999998,1.4910601377000001,1.6836451291999999,2.2616314888,64.52721405,0.35763835909999997,0.0,95.7645026324226,43.944347382,0.0,65000.0
6647,2301.7351968000003,12.017588615,1.4046583175999998,1.4117559194999998,1.6836713552,2.2430641651,65.397270203,0.35358566049999995,0.0,95.76462835333881,43.859306335,0.0,65000.0
6648,2301.8871968000003,11.904497147,1.4125370978999998,1.4038623571000002,1.6850893497,2.2435598373,64.307250977,0.3463534117,0.0,95.76449835946865,43.787696838,0.0,65000.0
6649,2302.0391968000004,11.819664955,1.4298951625999998,1.4256901740999999,1.6864935159999999,2.2470262051,63.621269226,0.3426585495,0.0,95.7644520368263,43.957027435,0.0,65000.0
6650,2302.1911968000004,11.777353287,1.4473329782,1.4369935988999998,1.6879825592,2.2484982014,65.77194213899999,0.3446120918,0.0,95.76470491862051,43.967552185,0.0,65000.0
6651,2302.3431968000004,11.764935493,1.4453431368,1.4624935388999998,1.6894769669,2.2580549717,65.659538269,0.34984886649999997,0.0,95.7646904476655,44.127124786,0.0,65000.0
6652,2302.4951968,11.766572952,1.4056408405,1.4068348408000002,1.6908818483,2.2595407963,64.201004028,0.3604630232,0.0,95.76454922952381,44.478408813,0.0,65000.0
6653,2302.6471968,11.771549225,1.4262794256,1.4183052778,1.6923699379,2.2547595500999997,63.70987701399999,0.37135529520000005,0.0,95.76451033609275,44.703006744,0.0,65000.0
6654,2302.7991968,11.776646614,1.4381327628999998,1.4379392862,1.6937755346,2.2416360378,63.68637085,0.3733932674,0.0,95.76452272194645,44.814022064,0.0,65000.0
6655,2302.9511968,11.779372215,1.4312292337,1.4344288111,1.6952632666,2.2420358658,65.173233032,0.3765899539,0.0,95.76467222485635,44.596885681,0.0,65000.0
6656,2303.1031968,11.780142784,1.4225552082,1.4260255097999999,1.6967576742,2.2479023933,65.65348053,0.3885759413,0.0,95.76472963124023,44.433639526,0.0,65000.0
6657,2303.2551968000002,11.780291557,1.4185167551,1.4181588887999999,1.6979832649000002,2.2485001087,66.093513489,0.40505567189999997,0.0,96.6264294633204,44.4269104,0.0,65000.0
6658,2303.4071968000003,11.780480385,1.4283227921000001,1.4216320515,1.6977398396,2.2584948540000003,66.085609436,0.4166049063,0.0,96.62709340463225,44.411838531,0.0,65000.0
6659,2303.5591968000003,11.780589104,1.4471769333000002,1.4409619569999998,1.6971610785,2.2584323883,62.281906128,0.4102450013,0.0,95.76445988433242,44.400642395,0.0,65000.0
6660,2303.7111968000004,11.780777931,1.4478559494,1.454460144,1.6965632438999998,2.2636671066,61.826087951999995,0.4045697153,0.0,94.8694441227995,44.460330963000004,0.0,65030.0
6661,2303.8631968000004,11.779818535,1.4210238457,1.4287701844999998,1.6958755255000002,2.2599287033,62.675476073999995,0.4019482136,0.0,94.87050354310745,44.380825043,0.0,65030.0
6662,2304.0151968,11.777563095,1.4101618528,1.4107290506,1.6952661275999998,2.2516586781,61.723453522,0.3936916292,0.0,94.86957885410081,44.202793121000006,0.0,65030.0
6663,2304.1671968,11.774814606,1.4187548161,1.4132490158000002,1.6946674585,2.2458183765,61.043663025,0.3919899464,0.0,95.70427087466265,44.165542603,0.0,30000.0
6664,2304.3191968,11.772025108,1.4213418961000002,1.4292681216999998,1.6940696239,2.2451999187,60.821098328000005,0.3942865133,0.0,95.70388056770464,44.339595795,0.0,30000.0
6665,2304.4711968,11.769320488,1.4024372101,1.3986865281999998,1.6933829784,2.2450234890000003,59.486850739,0.39001649619999995,0.0,95.63139933293435,44.560718536,0.0,30000.0
6666,2304.6231968,11.76653862,1.434876442,1.4247199297,1.6927725077000002,2.2414832115,60.190696716000005,0.3864107728,0.0,95.6322866933763,44.49481582600001,0.0,30000.0
6667,2304.7751968000002,11.763744354000002,1.4461202621,1.4467895031,1.6921738386,2.2406492233,60.02204895,0.3867892623,0.0,95.63225735238362,44.242530823,0.0,30000.0
6668,2304.9271968000003,11.762438774000001,1.4299782515000001,1.4378601313,1.691576004,2.2471497059,61.344936371,0.3889085352,0.0,95.76449608507984,44.213558197,0.0,65000.0
6669,2305.0791968000003,11.762299537999999,1.4131855965,1.4166065453999999,1.6908904314,2.2588980197999997,63.552383423,0.37909853460000004,0.0,95.76463039817502,44.15404892,0.0,65000.0
6670,2305.2311968000004,11.762473106,1.4263445139,1.4120497704,1.6902788877000001,2.2560703753999998,63.481445313,0.36378988619999997,0.0,95.76463130540179,43.98192215,0.0,65000.0
6671,2305.3831968000004,11.762586594000002,1.4730720519999998,1.4606596231,1.6896802187,2.2570459843,64.72254180899999,0.34939846399999996,0.0,95.76472661066241,44.041824341,0.0,65000.0
6672,2305.5351968,11.76277256,1.4825074672999998,1.4837528466999998,1.6890815496,2.2535846233,66.316673279,0.3444758356,0.0,96.99474692207276,44.165233612,0.0,65000.0
6673,2305.6871968,11.763144492999999,1.4679133891999998,1.4722613096000001,1.6883977652000002,2.250418663,65.264053345,0.34640917179999997,0.0,96.62202465288331,44.455673218,0.0,65000.0
6674,2305.8391968,11.765345573,1.4563113450999998,1.4627076387,1.6877852678,2.2543754578,65.125991821,0.35194760560000005,0.0,95.76477168190733,44.740345001,0.0,65000.0
6675,2305.9911968,11.768266678,1.4412816763,1.443530798,1.6871865987999999,2.2493669987000002,66.625236511,0.3603299558,0.0,96.99879628566694,44.258117676000005,0.0,65000.0
6676,2306.1431968,11.771345139000001,1.4447463750999998,1.4437429905,1.6865026951,2.2419140338999997,65.113540649,0.36603778600000003,0.0,96.62351073752481,43.734054565,0.0,65000.0
6677,2306.2951968,11.77443409,1.4502550363999998,1.4437052011000002,1.6858900785,2.2362110615,62.804164886,0.3726636171,0.0,95.76464263039317,43.824523926000005,0.0,65000.0
6678,2306.4471968000003,11.777526855,1.4776780605000002,1.4656299353,1.6855458021,2.2372641562999998,62.185649872,0.37785178420000004,0.0,95.76461225249905,43.94272995,0.0,65000.0
6679,2306.5991968000003,11.780618667999999,1.5005602837,1.4975711106999998,1.6875281334,2.2289805412,60.866638183999996,0.3753888011,0.0,95.7645558952446,44.074184418,0.0,65000.0
6680,2306.7511968000003,11.782532692,1.4817365408,1.4919965267,1.6904283762,2.2284114361,59.854759216000005,0.3662035167,0.0,95.70345644977631,44.190498352,0.0,30000.0
6681,2306.9031968000004,11.781205177,1.4464169741,1.4612997769999998,1.6935014725,2.2409360409,58.410346985,0.3516764641,0.0,95.63138203775452,44.231822968,0.0,30000.0
6682,2307.0551968000004,11.778389931,1.4209836721,1.4237552881,1.6950876713,2.2484874725,59.396419525,0.3290360868,0.0,95.63230250526937,44.174098969,0.0,30000.0
6683,2307.2071968,11.77548027,1.4419362544999998,1.4338546991,1.6941318512,2.2470800877,61.797229767,0.296479404,0.0,95.70592515016111,44.092914581,0.0,30000.0
6684,2307.3591968,11.772586823,1.4540486336000003,1.453410387,1.6928181647999998,2.2432713509,62.378334045,0.24369952079999999,0.0,95.92339148590561,44.057292938,0.0,30000.0
